g22,HiC_scaffold_1,49788,52023,5.926801886314943,73.52688956970215,71.8527083225745,51.42764028682105,39.49750965475224,45.01151134632215,B
g123,HiC_scaffold_1,295787,300112,5.298648143729139,15.5595902981354,13.565761088369031,14.365394926427111,12.70014464329584,11.49530925792072,B
g227,HiC_scaffold_1,532013,533451,0.0,0.0,0.0254194423337914,0.0,0.0,0.0,B
g326,HiC_scaffold_1,789741,790704,3.7918779408807946,46.12089630308553,63.11848852861228,59.49307073880611,61.31852281795728,58.85796087780376,B
g769,HiC_scaffold_1,1914882,1915539,0.0565877496463953,0.2476150942451303,0.1094591709883409,0.2347685702320843,0.123957083095857,0.0809029212093518,B
g770,HiC_scaffold_1,1915588,1916008,13.02472062201068,10.4474960149914,7.904678418138612,8.60231181655229,4.494842913529011,8.846321992553559,B
g771,HiC_scaffold_1,1916212,1917963,1.8181726811680607,1.8128712297806944,1.6051503253070685,1.2733572795800638,1.506772072796513,1.2586587696391485,B
g772,HiC_scaffold_1,1918118,1919441,22.347497660491847,2.123226292688212,1.3745891849089027,1.772269127839071,1.368598087144258,1.0831193304804851,B
g773,HiC_scaffold_1,1919659,1921120,40.62716628357312,3.412219735361872,4.303513258737914,4.994925045783861,5.037436280230089,7.955006592866195,B
g774,HiC_scaffold_1,1921225,1922203,8.236604065133882,0.0,0.2549024712899597,1.780888583696608,0.2476368979346734,0.1083808098417481,B
g775,HiC_scaffold_1,1922942,1924547,6.574898638123488,3.993622838783139,2.090417460664081,8.334284569672677,5.537075277991588,8.33415630337537,B
g776,HiC_scaffold_1,1925790,1927524,0.702177850686728,0.0,0.061284610821763,0.6577310686823676,0.4037659932004693,0.4592665912264051,B
g777,HiC_scaffold_1,1928165,1933761,0.0343017915565355,0.00924398524009,0.0239503076774705,0.1032304487421492,0.0426675757310512,0.0598977002868426,B
g790,HiC_scaffold_1,1988786,1989203,3.0965720473677827,0.0,0.0968459745113872,0.0,0.0,0.0,B
g1087,HiC_scaffold_1,2735305,2736628,0.0294182713911507,0.0,0.0,0.0800898470652562,0.0823442873965291,0.1602364807637637,B
g1099,HiC_scaffold_1,2781351,2781823,0.0,0.2992249285738865,0.0894461136061442,0.0658948182010783,0.0,0.0,B
g1103,HiC_scaffold_1,2817879,2818867,7.007742160601112,18.31488566544234,16.55794455266419,65.01976413462098,59.75482198436745,47.37008795618881,B
g1104,HiC_scaffold_1,2819522,2820944,689.1264645510747,52.72114929848991,169.6179964189697,48.56575292609092,75.78175911738569,113.06256276127046,B
g1105,HiC_scaffold_1,2821273,2821567,19.84167710461649,10.935532690350668,23.734158255231804,18.680072124256423,12.798928230453832,14.26157887976808,B
g1106,HiC_scaffold_1,2821640,2824007,5.964901527734972,5.612806308955612,19.51582991821709,14.079733641637812,10.717181228024526,13.008207163919366,B
g1107,HiC_scaffold_1,2824233,2825400,45.24904855159068,8.953204295598391,30.919899617889296,88.18175674800787,57.50046195570284,84.23362987867469,B
g1108,HiC_scaffold_1,2825868,2826798,991.9661827277986,68.70910152207347,41.03079127819427,36.15772711676207,80.24325206327092,67.95474394873456,B
g1109,HiC_scaffold_1,2827131,2827845,16.81523825425362,0.5628583002386374,1.897965471343068,0.8946304882748313,0.038517771192759,0.6691301963910086,B
g1110,HiC_scaffold_1,2828853,2829165,1.8153313475297408,0.0,1.4879371603127065,0.8139145849309336,0.1762928758437819,0.6804579182510192,B
g1111,HiC_scaffold_1,2829273,2830642,5.486156962229453,66.846605630516,23.80121100455964,32.89432337675289,24.99234831356019,20.461900551122422,B
g1187,HiC_scaffold_1,3028725,3029914,0.2718244401147924,0.0,0.0,2.896327468367133,1.8467227254423395,4.556716998858264,B
g1416,HiC_scaffold_1,3532737,3533576,108.07865314501434,91.13766620475788,167.01494131196108,658.5545732645908,488.3979937707853,343.74004744682094,B
g1417,HiC_scaffold_1,3534204,3539745,12.746882445008325,9.412795073059543,20.06549927201753,8.227471468856303,6.354354976126897,8.997430372658103,B
g1418,HiC_scaffold_1,3540745,3541087,37.01821819544409,74.6313693129753,8.319588612906957,0.0,0.0772994921950822,0.0,B
g1424,HiC_scaffold_1,3560309,3562909,1.365081000192372,4.652041779381568,4.38545330058682,7.271196279759096,5.279251639002419,6.395269144336726,B
g1425,HiC_scaffold_1,3563195,3566288,38.413345621500014,23.17646581460317,15.341022230988766,22.51706192837267,14.592272533009735,23.69961644012928,B
g1426,HiC_scaffold_1,3566346,3567341,15.784360060427645,5.844134503069574,6.954862159447826,5.410994962610942,4.353284310837467,10.330206879486788,B
g1427,HiC_scaffold_1,3568583,3570104,53.96233473370633,77.99227801574293,47.63327548665462,34.52296789105149,43.08105692363292,119.9527426991192,B
g1446,HiC_scaffold_1,3648200,3650322,0.1628240212453214,0.1197534671832986,0.0699899516684574,0.0,0.0,0.0,B
g1447,HiC_scaffold_1,3651513,3652412,16.405997909952216,10.462235561394856,7.694209988642345,28.43848969071481,24.35970508214556,26.539956433738936,B
g1448,HiC_scaffold_1,3653034,3654600,24.17983125291671,8.951262645730585,7.440349440241178,24.18116301795243,19.802833397166847,35.339177860929894,B
g1449,HiC_scaffold_1,3654903,3656165,176.816515678648,3.0227802821772123,3.748389102117988,7.514001464905744,5.490308649328252,12.333493481366489,B
g1450,HiC_scaffold_1,3656332,3658846,1.6914139891905495,0.3055937242318091,3.1515587424876994,2.4578327192262392,2.5624010819202105,1.4565163105609518,B
g1451,HiC_scaffold_1,3658970,3659558,390.56865114137815,1365.2474866330765,1144.9316943316087,1275.471372945691,1259.276495214479,1154.5158567292042,B
g1452,HiC_scaffold_1,3659955,3662664,18.011902082933283,5.060199467146308,18.783951320822453,6.350176720457641,3.1602977507569525,4.408768546582423,B
g1453,HiC_scaffold_1,3662859,3669383,58.247296493587456,23.07916004562224,19.052608466350115,13.077346632117106,9.78206403191321,14.27290650603501,B
g1454,HiC_scaffold_1,3669660,3670959,0.0302261394452697,0.0333459857807152,0.2604935311698246,0.8347326997265763,0.5700776378134353,1.8986435572662583,B
g1457,HiC_scaffold_1,3699301,3705461,0.4238437095976226,0.006619310185072,0.017880722125413,0.0132714012609386,0.0,0.0,B
g1458,HiC_scaffold_1,3706094,3707648,0.0239241644257926,0.0,0.0,1.2250820915456655,0.6560475371815027,0.6486815487729647,B
g1460,HiC_scaffold_1,3711682,3712582,6.576046704799994,7.365313595278974,5.445558576694529,8.940967491103255,8.781269307412888,8.118587404504122,B
g1461,HiC_scaffold_1,3712685,3714249,25.09580190752714,10.185135613097142,6.913161720262778,2.456625341013571,1.5978078679751104,3.750834127693573,B
g1462,HiC_scaffold_1,3714560,3715826,163.68449578256326,3.372887791059888,3.93552706637405,5.659398429883598,4.926276780604979,10.843104905189064,B
g1463,HiC_scaffold_1,3715993,3718507,1.7422516772084489,0.2077045535628836,2.0369518500270063,2.988318799176839,2.9405419274273474,2.807441495533653,B
g1464,HiC_scaffold_1,3718650,3719238,311.03802876512293,1081.7815196325423,803.7858178407475,822.5415770524512,733.874666936196,598.4078403806602,B
g1465,HiC_scaffold_1,3719674,3722383,26.18121486409602,3.717919917112184,3.3526520333569385,4.75775415694048,2.430286383281361,4.113996189884897,B
g1466,HiC_scaffold_1,3722578,3729103,54.71800445893109,23.52450214988884,21.768743555619857,15.810888751487886,13.036314664419828,16.06843956381004,B
g1467,HiC_scaffold_1,3729382,3735782,6.212706166222427,2.8696399232646543,5.381666254995702,9.52403795635339,8.337579321991038,11.275476322999944,B
g1468,HiC_scaffold_1,3735959,3738022,34.63314863454953,73.02571426326963,40.18970018248079,50.81933488284078,52.777315651272446,60.19260352404668,B
g1469,HiC_scaffold_1,3738268,3741596,11.305252805256275,8.676751013359716,11.340466601581523,16.62371045292402,14.853183359747838,16.1094201891109,B
g1470,HiC_scaffold_1,3741847,3743443,8.740514958997318,7.024202301936255,5.440938917375563,9.29120665030825,5.266261719680562,7.151818202943117,B
g1471,HiC_scaffold_1,3743589,3744197,10.39565815938181,49.76521044360963,41.243332297194286,126.99653998048788,117.3706526773614,114.48948738550932,B
g1472,HiC_scaffold_1,3744210,3744760,54.90810646676282,71.07831916590963,44.14293127590157,89.78893420241161,85.53697724990741,74.59748365155912,B
g1473,HiC_scaffold_1,3744793,3751099,11.734722192246911,4.6843104091648815,11.418272295824435,7.248923538592264,3.984836621672154,7.650941141892849,B
g1474,HiC_scaffold_1,3751164,3754041,27.175330647672737,16.15620174893931,45.67711836801076,25.04040356478736,23.437236618661483,26.16166239466358,B
g1475,HiC_scaffold_1,3754779,3755172,75.88573415195299,240.79925374973348,131.14491005808208,205.59205574810807,147.88290425438095,133.0231789532251,B
g1476,HiC_scaffold_1,3755253,3755925,20.701761046845483,20.026307185726225,11.099658052962267,29.00259305022312,21.03235535321233,15.511827127894096,B
g1477,HiC_scaffold_1,3756091,3757033,7.8755148987585715,0.5528557479140349,0.3002603055468592,2.77846872482184,2.035526790780932,1.2397248311472169,B
g1478,HiC_scaffold_1,3757167,3759180,4.587504369135564,28.78694736396254,13.285986251506426,17.98049722496284,14.14486245714411,14.478468262432758,B
g1479,HiC_scaffold_1,3759292,3761521,8.866293184297326,23.69063359720308,10.287254940894217,20.431712337064937,15.73487561321754,18.243115685948982,B
g1480,HiC_scaffold_1,3762498,3762966,113.99262855845234,505.69785579690375,241.05272379862967,41.47444229665123,57.53639398015774,38.35266613954606,B
g1481,HiC_scaffold_1,3763627,3765754,4.908056247344779,9.027122992162274,3.368900660369942,11.843947861473122,9.117865642806317,5.2401249166571535,B
g1482,HiC_scaffold_1,3765934,3766579,14.1740717478725,13.139529277209505,3.3720091048729177,73.5429857708392,89.88755391178746,33.966773077957626,B
g1483,HiC_scaffold_1,3767826,3768518,162.79095196816326,45.18940784122158,27.378700533445645,114.090854702278,91.43796642602892,87.16752903231055,B
g1484,HiC_scaffold_1,3768806,3769637,9.146981166249532,4.345861498008675,12.407340050044503,13.018308729993494,6.200587090680642,7.026972275748797,B
g1485,HiC_scaffold_1,3769775,3770777,3.28716039336714,1.882592259801493,4.408176573945295,14.44096243140893,8.416492539272099,11.068595249333402,B
g1486,HiC_scaffold_1,3771304,3772171,13.468696040036171,2.6376691321446533,15.744379326913656,4.4331635875885365,6.964323206542481,5.203948680575641,B
g1487,HiC_scaffold_1,3772802,3773804,1.7114073204422495,0.8867774890274156,1.8109483503236483,4.087753556871129,1.7521475968349236,3.126067722067666,B
g1488,HiC_scaffold_1,3774182,3775070,34.31059945745153,0.1816486304020069,1.996618431194111,0.547396773579494,0.6074112045309473,0.657382198477939,B
g1489,HiC_scaffold_1,3775767,3777623,17.955331032638462,11.459733022231376,17.466433818484248,18.247086092320032,17.653704067705288,17.36552331537583,B
g1490,HiC_scaffold_1,3777763,3779395,358.6040382620933,148.28193052771132,84.528187396162,444.95783324867057,272.82294533394645,452.2566968894586,B
g1491,HiC_scaffold_1,3779865,3781019,199.13653231924064,238.929821826082,47.11895108704515,240.3696940262616,169.4391267899869,184.6104082672907,B
g1492,HiC_scaffold_1,3781224,3782741,42.44972287564091,45.62547773714078,27.019353998604835,55.882780636937945,47.85511796380571,50.15604647027554,B
g1493,HiC_scaffold_1,3783856,3787196,52.46988316721056,42.73953384944802,47.855015980688826,25.03404737094835,25.492539374639072,27.379684341058034,B
g1494,HiC_scaffold_1,3787460,3788869,9.186897298966851,0.1505353767167127,5.524725962569159,7.380566302268944,5.3501624669753065,11.691370888820131,B
g1495,HiC_scaffold_1,3789880,3791239,4.361275797390382,22.80858885798869,8.311838248171249,10.300967466315877,7.335514280593227,7.578376944299752,B
g1496,HiC_scaffold_1,3791380,3792337,15.055585416407084,24.59990264955798,7.589440419675446,19.7179028796331,13.250353392334684,10.650363450773686,B
g1497,HiC_scaffold_1,3793171,3795439,4.271249460554594,2.4018771102086944,2.865239595900306,2.435240860805443,3.358845778708091,5.17392468830684,B
g1498,HiC_scaffold_1,3795569,3798181,7.906794927048721,30.33946001448233,119.97109891740205,49.672434299708335,63.46455015385487,63.02967769837744,B
g1499,HiC_scaffold_1,3798934,3799658,40.34253912327874,79.66707014592271,189.31217542428544,66.83518435722652,84.64372673420144,66.32151020549449,B
g1500,HiC_scaffold_1,3800225,3801553,56.08438879547403,84.53592223860339,33.50436566368144,39.30031699310729,64.25665685238852,37.75945280054967,B
g1501,HiC_scaffold_1,3801816,3802665,141.5526213276,185.37954226656228,358.6451245620842,301.90091148019854,292.69906635604906,505.5368531672367,B
g1502,HiC_scaffold_1,3804734,3805633,18.38698157688447,23.802812549023443,6.800845870433747,49.22848531752875,31.81368384250925,32.79303679186286,B
g1503,HiC_scaffold_1,3805758,3806693,10.75998556757666,13.198468855373214,1.071075634437214,31.40497977012025,27.414892334115613,14.96808698072846,B
g1504,HiC_scaffold_1,3806915,3807323,85.42005399679155,4.734094132837209,14.30990001597358,20.84568475517947,13.245757323656502,19.12951727218125,B
g1505,HiC_scaffold_1,3807718,3808936,197.430993692933,0.2345893304186288,1.3146411886472784,4.849249567720593,7.571557688890428,5.5320678038035815,B
g1506,HiC_scaffold_1,3810298,3811946,6.780508105592906,3.868716404457009,14.152118454769395,15.769016231949156,18.140703204315187,11.914709821322354,B
g1507,HiC_scaffold_1,3811969,3816097,4.895051260937366,3.7580977174830856,12.268659751864025,10.130195812677194,10.208895765509766,12.536259011800054,B
g1508,HiC_scaffold_1,3816164,3822815,0.6098670229091809,0.8872056413170832,5.29753048314319,4.6291588536119725,4.070517795842448,7.164880283486795,B
g1509,HiC_scaffold_1,3822897,3825371,2.4537545425595733,1.702129200430655,4.335164309404212,8.122706482709724,6.053348421502454,8.736942744545331,B
g1510,HiC_scaffold_1,3825523,3826173,215.93004870551263,309.39717054346,348.92022404650595,596.1266330708631,596.7016728358328,552.1896921580194,B
g1515,HiC_scaffold_1,3830511,3831102,4.655933913786029,11.47597799843306,17.847695950866573,41.65405616501762,25.18320216035833,21.57301175557788,B
g1516,HiC_scaffold_1,3831159,3832535,6.680695861307329,22.680602550920483,8.399812101855257,52.253411014783765,34.21930806965955,37.9153885613016,B
g1517,HiC_scaffold_1,3832961,3834533,436.3868099401651,1503.9692021739338,1429.077197252628,1152.1053171036074,737.8557135117596,728.1074857687822,B
g1518,HiC_scaffold_1,3835029,3835266,2.3898032929505457,0.1730614451910539,2.413959523318879,3.352633908116242,2.3874159322962,2.46441096494628,B
g1519,HiC_scaffold_1,3835452,3836763,92.03095328640931,51.62366113725705,37.88353922118752,89.19022733552798,73.02865511496438,95.46004768687116,B
g1520,HiC_scaffold_1,3838096,3838587,0.0,0.0,0.1024425574634473,0.0,0.0,0.0,B
g1528,HiC_scaffold_1,3858765,3859791,0.0,0.0399761817838984,0.0,0.0,0.0,0.0,B
g1529,HiC_scaffold_1,3860985,3861615,0.0590129389169551,0.0,0.0,0.0,0.0,0.0,B
g1535,HiC_scaffold_1,3873821,3875160,145.33146542203087,31.71065973554111,44.27105460350044,75.42437167770987,71.17234900078128,93.75794162010648,B
g1536,HiC_scaffold_1,3876014,3878519,7.503303930324757,8.24034158257244,15.006580774071171,3.699440309050494,4.52311180047422,9.304927231763864,B
g1537,HiC_scaffold_1,3880002,3880269,797.27291194488,3310.84324074138,2444.2045751115656,803.1255430034901,1417.558775103676,558.7589310489222,B
g1538,HiC_scaffold_1,3880676,3882631,4.464640541060748,3.815138880682314,7.260158325626275,23.93126814310685,12.787591175976042,40.241452264172594,B
g1539,HiC_scaffold_1,3883877,3885185,92.62946232277008,60.67686467609302,44.93354219930916,130.3016747000395,121.82480495221417,140.96217125619796,B
g1540,HiC_scaffold_1,3885337,3886072,81.7591577059622,66.61870849444904,70.15859555248358,28.14177762669476,51.90586613125174,54.19242684349848,B
g1543,HiC_scaffold_1,3890062,3892177,0.9525629876416158,1.1411389861632633,2.855155524049544,4.064043637398985,2.758287985592036,7.2121869608546465,B
g1544,HiC_scaffold_1,3892389,3893970,19.969397447977684,181.40298846292384,82.05971105788788,428.2155167369373,200.9390470939394,153.2181437321067,B
g1545,HiC_scaffold_1,3894170,3895832,1.548382709419636,13.833070258585836,2.812460910490452,47.83113281748965,21.53139025085088,27.49557783551456,B
g1546,HiC_scaffold_1,3896099,3897917,3.2227872216028124,16.28971437803669,0.9787762146736314,78.00872869312012,28.018223096670056,36.81882155802258,B
g1547,HiC_scaffold_1,3898028,3899120,47.66086832156404,0.1256932301846419,0.445845933650806,3.0083251857506497,0.7714572036053942,6.431800639619571,B
g1548,HiC_scaffold_1,3900439,3901706,121.61821591089344,19.343926158141866,18.341378155923053,48.5107986649881,34.51532153753547,47.08805102285409,B
g1549,HiC_scaffold_1,3902021,3902513,24.87357677927354,8.957299880177171,11.328724755438566,20.19444504663474,14.432368860249442,18.932083451493888,B
g1550,HiC_scaffold_1,3902692,3903628,3.314762064067343,0.0,0.6043701021904732,1.2550253242465876,0.8609785657398359,1.5309475151983778,B
g1551,HiC_scaffold_1,3905547,3906045,49.43067196910762,42.05822758449237,75.0152144888903,12.955720386807654,22.810907916123085,7.892044495818636,B
g1552,HiC_scaffold_1,3906378,3906919,3.5292069364950334,0.0,0.2084483343169275,3.617137351982449,0.6346325992815306,9.689167215486863,B
g1553,HiC_scaffold_1,3907195,3908452,0.2370670547295144,0.0,0.8819707916899904,0.053389737155583,0.0285583474887123,0.0551954509185297,B
g1554,HiC_scaffold_1,3908620,3910825,8.796051796584745,20.284849903816053,27.176284808220323,19.516526571803688,15.502674079338563,16.0801584660581,B
g1555,HiC_scaffold_1,3910959,3912335,20.13331416409656,16.41066843337435,28.90709645192805,15.47640271009551,12.985344832132764,16.776569662258332,B
g1568,HiC_scaffold_1,3949038,3949779,0.566009441148938,0.2176841886598949,0.19301903071072,3.446018296302399,2.2064676308946765,1.719469945222357,B
g1570,HiC_scaffold_1,3952154,3952631,4.533983595027517,10.308203856527925,7.54465177952448,31.91958591722988,34.312713779740506,39.36580461959393,B
g1571,HiC_scaffold_1,3952731,3953040,19.11157168586131,14.279657900782674,18.998010678241776,11.12782771263434,7.136152555504214,7.385690473148718,B
g1572,HiC_scaffold_1,3953055,3956043,9.882096375728043,8.641365957364371,16.381334136683908,154.75182552597826,37.0061492079416,71.42892441123097,B
g1573,HiC_scaffold_1,3956549,3958180,9.558859961529134,7.655139195719153,2.0818088729533115,303.1691181311372,62.58670909861863,124.74000250933229,B
g1574,HiC_scaffold_1,3958825,3959564,0.1233106186324435,0.0,0.0,19.16627774380775,13.275640999579888,35.117054391339906,B
g1580,HiC_scaffold_1,3975465,3977097,11.128699647416228,9.10744925301011,2.570362077021369,347.04752880549324,76.88410756726896,147.7603664949906,B
g1581,HiC_scaffold_1,3977604,3979305,8.854627852454175,5.521335897157844,11.791163657581292,162.1123349239384,36.74886482126146,70.31129319220607,B
g1582,HiC_scaffold_1,3979543,3980759,21.16079913922488,13.07602900351848,24.763266367399297,13.094528670711984,8.240737337208266,15.15129275938562,B
g1583,HiC_scaffold_1,3980803,3981970,6.12961551791634,5.656427710006557,9.942208218448153,7.398764122357935,5.617946978301265,5.732798179386303,B
g1584,HiC_scaffold_1,3982070,3983551,13.18030099006053,39.377452663725535,17.647177554458956,85.72337252818586,91.67170757053049,97.37986627348567,B
g1585,HiC_scaffold_1,3983848,3985663,36.94760635744564,135.74493575033122,89.91669727689919,78.71852578732822,79.07581106976815,99.4012467320737,B
g1586,HiC_scaffold_1,3985991,3988474,64.99296808916867,36.65492216196681,85.04384518796925,37.02649134309912,38.04559572036534,28.715958744757963,B
g1592,HiC_scaffold_1,4000466,4003223,41.53705268061939,17.732233781924528,49.184186464340605,24.40393972202033,30.43791766265403,38.14396609587556,B
g1593,HiC_scaffold_1,4003782,4004049,34.22559030500615,4.203116932466415,16.962083088810402,16.3786989745806,9.280739705487932,15.503524213383567,B
g1594,HiC_scaffold_1,4004249,4005053,19.888786400047184,2.783045741699905,16.016304462447973,15.48309438021133,24.984619417717973,80.913833777755,B
g1595,HiC_scaffold_1,4005427,4006391,59.17297298563484,13.908098045231023,12.74949043603969,14.042784651091488,12.804774483709917,13.60213306470244,B
g1596,HiC_scaffold_1,4006758,4008094,3.938322250640181,2.282527944016583,3.661250947770391,16.472062867824413,11.412443210896516,18.90347633260489,B
g1597,HiC_scaffold_1,4008436,4016927,3.093407498211443,3.3768161241107464,4.545986429259677,9.497237573346217,6.475492998524365,10.47780945096694,B
g1599,HiC_scaffold_1,4021677,4022205,61.96189018353607,33.57704122324827,12.845573409866986,68.62107439985562,46.04089033411213,41.47039735035384,B
g1600,HiC_scaffold_1,4022247,4027263,7.647652565488639,11.062507284020562,13.577098687536225,12.374455531853148,8.271110893521204,11.619145343725329,B
g1601,HiC_scaffold_1,4027668,4028559,156.51050298436593,433.4958003981196,174.05048724053893,224.3715661817008,225.0549911359,137.3042161523484,B
g1602,HiC_scaffold_1,4028833,4030767,0.4670202573544857,1.0726629266719372,4.027093722839858,1.0037234196471296,0.6321809520667325,0.9356710380283588,B
g1624,HiC_scaffold_1,4096488,4096783,0.5252004457473359,1.1111192183449394,0.3283775129650228,1.2876538099001154,0.8644567740578737,0.4840019727179438,B
g1675,HiC_scaffold_1,4231461,4232227,0.0,0.0,0.5022064012521439,0.9704099598917726,1.1054170877182257,1.4242388887528894,B
g1678,HiC_scaffold_1,4242973,4243630,0.1777185984040749,0.3682739356095483,2.607482839256586,4.142813638931692,2.915275056794238,10.906323263342657,B
g1679,HiC_scaffold_1,4243770,4244856,1.7787935591602024,0.3325350253332256,2.096791697215421,0.2886811081391762,0.1981848427748426,0.2197752282549875,B
g1680,HiC_scaffold_1,4245398,4247538,103.34160039363717,9.964785879878866,11.18476901514828,17.308156271669958,11.787654275396298,16.349210107165206,B
g1681,HiC_scaffold_1,4247656,4249654,0.2165902028410246,0.2029767802598846,0.2286622866632655,0.2253918102959994,0.0,0.0,B
g1682,HiC_scaffold_1,4249817,4251004,5.039870112232037,10.363450824118086,7.851998645621958,27.632513585041337,25.49768777224866,24.302788218321005,B
g1772,HiC_scaffold_1,4444730,4447409,0.0,0.0147952330676414,0.0,0.0191916076449519,0.0,0.0,B
g1815,HiC_scaffold_1,4536790,4537629,0.4439586279523849,0.0,0.4486155060107033,0.0335737856994087,0.0348563860983903,0.0,B
g1816,HiC_scaffold_1,4539158,4539950,0.1965675406590526,0.0,0.627505979796829,0.0,0.1375523891737475,0.0,B
g1829,HiC_scaffold_1,4565452,4566385,0.0,0.0,0.0385394830328724,1.395988142787194,0.2584390395275442,0.3418213455597695,B
g1830,HiC_scaffold_1,4568414,4569347,0.5690755095867185,0.0424827753357034,0.0762191065565954,3.351302633153179,0.5724060429999164,1.2516835915762896,B
g2045,HiC_scaffold_1,5157575,5160456,6.622142417681232,7.187029728545738,4.8932268253369,6.289815430245396,5.060963179346186,7.407673162906434,B
g2203,HiC_scaffold_1,5509212,5509482,0.0,0.0,0.1302040323986428,0.0,0.0,0.0,B
g2275,HiC_scaffold_1,5682363,5685555,80.09995008053083,31.52694849450381,44.401547095330095,24.31671443273195,27.91717727673772,100.82793906497554,B
g2287,HiC_scaffold_1,5711623,5712591,4.119255051242386,16.175971226931864,14.620228482185857,40.63096188369715,30.46164008120624,30.379285810205644,B
g2288,HiC_scaffold_1,5712776,5713328,6.319450325011477,30.81459044021917,25.115684817949308,58.3716041933873,49.77694026114917,45.096954866669066,B
g2289,HiC_scaffold_1,5713986,5715534,5.704745199888232,0.8565445093009454,2.338187020015603,1.169470050528007,1.386180047276418,36.10939678445317,B
g2290,HiC_scaffold_1,5721179,5724371,77.45458322373972,29.76410581279831,45.44833216076532,40.12185427797236,46.43223793490103,159.23152326233424,B
g2305,HiC_scaffold_1,5760945,5762330,2.0754558417186213,0.6405256848550855,1.5567184565305512,5.158309713341032,5.123107235756233,4.181359248482657,B
g2306,HiC_scaffold_1,5762376,5763326,3.3159990113732,4.116691211398698,2.642593781406614,8.134771859655444,8.141608616693764,7.739805165881568,B
g2308,HiC_scaffold_1,5767129,5771162,0.0,0.0,0.0172075813742699,0.0129660875755425,0.0,0.0,B
g2311,HiC_scaffold_1,5778965,5780447,1.176313885922242,0.1088420943299474,0.2172817416889049,0.1040775645360859,0.0185571448256612,0.0,B
g2312,HiC_scaffold_1,5780859,5782853,35.90718977232363,109.62019181151054,107.92029622479374,77.96072625487828,74.26555279963398,77.97184583191243,B
g2313,HiC_scaffold_1,5783053,5783617,5.784201347876133,13.146229536542997,6.64586615283126,19.05732127927162,12.103078026372897,10.5209080264926,B
g2314,HiC_scaffold_1,5783714,5786343,24.80990045702853,7.610626081384707,11.93418883687814,7.9285690776437345,7.049040100074711,8.361330101699672,B
g2315,HiC_scaffold_1,5786470,5787999,16.94427141795759,6.592701236768601,10.534212453389385,6.345435978922664,5.884316131528567,6.5602102228385455,B
g2316,HiC_scaffold_1,5788280,5790136,88.42251562732406,38.36862449515861,8.328656711287731,36.9406712560353,34.07521760845615,28.24627825998408,B
g2317,HiC_scaffold_1,5790336,5791120,25.09868088320244,32.23164075157867,26.29486625484008,54.840983222688685,47.144066291073486,51.80324340505847,B
g2318,HiC_scaffold_1,5791263,5792955,3.601128031945842,10.331651108920395,5.178054923123519,23.622569744722547,19.95834575392056,42.41606408205621,B
g2319,HiC_scaffold_1,5793866,5795552,15.03840240419008,72.65307138303558,31.3504607228656,51.05594420918692,38.63858532508759,14.040471571638342,B
g2320,HiC_scaffold_1,5795723,5799794,17.48566359888686,5.3630277843930605,7.595715913864026,6.1261854256467,5.611659194282131,6.781867689516325,B
g2321,HiC_scaffold_1,5799919,5800912,58.07715526461125,5.225530425773439,43.06166062204878,5.467845990917098,9.31398672969923,18.71603861576932,B
g2332,HiC_scaffold_1,5826235,5827090,1.2789215238815226,0.6439280790298689,1.2008937192015028,9.211112941420474,6.41964480082962,4.130869220089376,B
g2333,HiC_scaffold_1,5828231,5830850,0.0304863891083901,0.0330676473548548,0.0,1.9042660130199376,2.3117367930335484,4.483391906295506,B
g2334,HiC_scaffold_1,5830945,5834346,0.1871865479533094,0.0122221490558776,0.0108402987195909,7.716704478814124,10.500781886006031,27.97413481462785,B
g2348,HiC_scaffold_1,5864647,5865620,0.257312970064131,0.0,0.3977205056896173,2.249778025595234,0.8139059517239864,0.831336744912799,B
g2349,HiC_scaffold_1,5865842,5867543,15.353897266731249,7.002745681822133,7.1512264326684845,7.208356699776153,9.973394936346676,12.729772344621482,B
g2350,HiC_scaffold_1,5867718,5868534,58.89204212856748,24.03164893071282,22.690638748902163,29.633874500957056,34.292694583413486,39.80032975010424,B
g2351,HiC_scaffold_1,5868644,5869210,2.154003429416781,1.4588215588874356,1.4658783294427793,4.013915568720098,3.850703789200259,5.073020777249842,B
g2352,HiC_scaffold_1,5869236,5872125,0.6034258147929259,0.0563112208096402,1.0576073344333488,0.6622250854894454,0.2068467683591127,0.5328048849756906,B
g2354,HiC_scaffold_1,5874850,5877058,0.017805628121495,0.0,0.0,0.0,0.0,0.0,B
g2367,HiC_scaffold_1,5903720,5904857,1.6997998061484545,3.60550594160278,9.108958799686128,1.2167908574527644,1.5255424601604524,1.959898965770178,B
g2368,HiC_scaffold_1,5905182,5906097,1.574475740105876,1.4894088126141394,1.2487566297366948,0.3933335717658854,0.5004823453874352,0.4640499901515147,B
g2369,HiC_scaffold_1,5906393,5908115,0.6146402194095211,0.1389069160576865,0.6208438693528819,0.7527273341516203,0.7044570008724604,0.2158899699175089,B
g2370,HiC_scaffold_1,5908387,5909374,0.920557852293276,0.0866370041272378,0.1947346344309039,0.1361999998032403,0.0288922692138996,0.0580909499831083,B
g2373,HiC_scaffold_1,5918125,5919826,14.386736024067693,6.289907266347998,6.208463519947442,3.09132649877711,3.6614104958893368,4.899409281507656,B
g2374,HiC_scaffold_1,5919992,5920808,47.5473176494052,20.98074560347207,20.938838787328145,18.934354126618143,23.29150864814661,28.421183886721003,B
g2379,HiC_scaffold_1,5931971,5935823,1.5355953359705004,3.92377672542156,4.918416644148097,16.454041928695517,11.066209505058492,13.113279350618951,B
g2380,HiC_scaffold_1,5935915,5941460,1.2745344694069194,0.5711716112771689,0.832424247690732,6.8287671020005,8.40774529666825,10.848779376170128,B
g2398,HiC_scaffold_1,5992960,5993667,20.19649474563857,8.872454664544403,4.203671551078921,16.96129135329183,12.899244946197284,10.929703576821789,B
g2399,HiC_scaffold_1,5994177,5994818,0.0675700921015493,0.0,0.0,0.0432718749374878,0.0477459872076909,0.0,B
g2405,HiC_scaffold_1,6006538,6012541,3.820153376202105,1.847925490396085,2.442177465745968,1.202418181099404,0.942203104271226,1.1055659253149113,B
g2406,HiC_scaffold_1,6013049,6013298,9.338797402254372,3.222419757504841,14.093312237787288,0.2127688105769758,0.212340773740708,0.4256884820290349,B
g2407,HiC_scaffold_1,6014254,6014503,8.1023373968796,3.6944284122942608,17.241268817845167,0.5004939751805818,0.1104485487214055,0.2134667439138319,B
g2408,HiC_scaffold_1,6015460,6015709,6.737558166929528,4.029409368690358,16.978229926427304,0.5256364161900681,0.1104485487214055,0.4269334878276639,B
g2409,HiC_scaffold_1,6016666,6016915,9.345794275880117,3.233497131979288,18.784639217274325,0.5193508059376966,0.7517490317945811,0.4269334878276639,B
g2410,HiC_scaffold_1,6017600,6018307,22.383098677432383,11.973910590185692,5.59690654948956,33.60131432115382,31.500442280596125,26.36851688181105,B
g2444,HiC_scaffold_1,6092334,6095881,1.48594641647576,0.2128753044876712,0.5906640669200821,0.4568574731826612,0.2502099434966447,0.3516250318183338,B
g2445,HiC_scaffold_1,6096305,6098655,4.276172865166667,1.331808668152615,2.5930826636420257,5.233378487898243,4.889437227350864,6.776959827443534,B
g2446,HiC_scaffold_1,6098807,6099324,1.179641088981691,1.2350544082617745,0.8568360106012092,6.231921512586766,4.921690161386978,9.079760930493396,B
g2447,HiC_scaffold_1,6099528,6100641,1.5553473748491355,2.490701008160314,17.004201507537424,8.692975988600555,6.719935777763601,8.823571692895298,B
g2448,HiC_scaffold_1,6100931,6102807,18.56530546945225,132.4087552378192,53.343781547578416,214.56927940327435,138.81950171595616,112.05728674513932,B
g2449,HiC_scaffold_1,6103245,6104613,101.24973961686064,4.474308392270088,401.3885734912468,185.8019426108718,477.0773716143604,634.7239713798169,B
g2450,HiC_scaffold_1,6104932,6105371,65.51257211628857,100.90834646857157,31.30156658196691,152.21489962639237,128.84718965306817,66.28647695037594,B
g2451,HiC_scaffold_1,6105526,6106702,27.643157499278686,38.89129981750485,22.93105287739659,30.959986584990048,21.933641078298407,25.84004198268909,B
g2452,HiC_scaffold_1,6107001,6108469,14.684283214697697,5.584817433426071,25.601407268412565,7.062063570525456,5.26841970539623,12.318013167535945,B
g2473,HiC_scaffold_1,6151726,6152605,0.0845919260925636,0.0,0.0,0.9979222080543012,1.453544588707444,2.353749108506326,B
g2479,HiC_scaffold_1,6163472,6163978,0.0953930712021873,0.0,0.0,0.0,0.0,0.0,B
g2480,HiC_scaffold_1,6164362,6166294,0.0258435412021861,0.0263190102179357,0.0466867048441348,0.5503135900551994,0.5014167393578179,0.387619782369462,B
g2494,HiC_scaffold_1,6212227,6212509,6.285082831006758,77.82922844864886,118.1327266892656,53.31239077275555,61.4263948186152,44.48876134015546,B
g2495,HiC_scaffold_1,6213120,6213883,23.134846607627345,24.569118901586386,26.92986839630916,38.94616294166963,35.106855408231894,25.67219462588876,B
g2496,HiC_scaffold_1,6214010,6221456,1.3901760569224495,3.3296390713221338,4.216387833170181,8.977830079815952,5.677206392003179,7.208714239563058,B
g2497,HiC_scaffold_1,6222068,6222903,5.551165600955248,15.590996591568755,22.559237008261466,26.87859716540828,20.175827380157024,19.32785353192281,B
g2498,HiC_scaffold_1,6223256,6224471,207.29203721565744,281.74204616292513,260.38700618361713,145.40678384811355,155.24801315155275,121.98177097203543,B
g2499,HiC_scaffold_1,6224750,6226287,17.544724258285243,27.744685886062697,25.825749650814902,23.93721407656921,28.78082812049952,26.6131799259003,B
g2500,HiC_scaffold_1,6226324,6227252,12.498151129386487,7.179241575398031,8.924875581044969,4.101504811003879,4.154111946634641,2.703772634173077,B
g2501,HiC_scaffold_1,6227576,6228698,330.46117041850823,71.83372783798828,71.33425612114826,78.10414623727232,73.35300129276949,80.18107384581916,B
g2502,HiC_scaffold_1,6228842,6230152,23.207703941488106,22.95178797674409,11.312537564954225,22.28176221104044,18.20031093520689,18.56138857888485,B
g2553,HiC_scaffold_1,6333185,6334467,146.44690282755366,179.27943332857916,149.6779134340096,237.0472357331415,230.12586869977568,178.982838752247,B
g2562,HiC_scaffold_1,6370510,6371584,0.0,0.052848572517615,0.0,0.0,0.070497136881915,0.0,B
g2564,HiC_scaffold_1,6372824,6373337,0.0975804501776423,0.0,0.0,0.0,0.0,0.0,B
g2573,HiC_scaffold_1,6399452,6400749,913.0320681673754,1336.6400634336155,1154.074144511367,649.0992525197787,700.8934503088117,467.2268796826398,B
g2609,HiC_scaffold_1,6491264,6494301,11.659970904404862,6.881320080228092,6.443731996897911,15.543628083605986,14.898877898425567,22.294249381984148,B
g2610,HiC_scaffold_1,6494508,6495475,14.355673360834851,113.54997258996944,102.8766370982147,223.44766206574468,183.85986366807592,209.1756989999839,B
g2611,HiC_scaffold_1,6495646,6497285,1.1017793595054788,4.344710611694993,4.272558428624429,13.137695397740682,8.811603854034086,14.681501274261322,B
g2612,HiC_scaffold_1,6497589,6499284,0.6682989739578518,3.71853046314404,1.6400015466968323,1.3244918326106894,0.8766733434907688,0.6579867755715936,B
g2613,HiC_scaffold_1,6499398,6511497,11.622275405216076,5.935935905204975,9.35343985133472,6.952812711482643,6.162924186309396,12.043269920238714,B
g2614,HiC_scaffold_1,6512781,6525168,59.666298835919065,30.85829974303209,46.63407509966031,24.904482032625044,21.50228168823487,48.44439562369684,B
g2615,HiC_scaffold_1,6526631,6528920,3.607137419927608,12.139920971959503,15.77394894409527,62.88851984715505,67.19787872883981,83.88665798680194,B
g2616,HiC_scaffold_1,6529094,6531814,32.58949207634976,30.07657573466765,47.00444077517248,9.297697981487062,16.643982780138302,11.88773254816446,B
g2617,HiC_scaffold_1,6532543,6542826,2.790810830928243,1.3859401682888126,5.277406029506341,3.6818000533128856,3.614550870532709,5.50625474567034,B
g2618,HiC_scaffold_1,6543350,6544414,0.0,0.0,0.0346697127688694,0.0245804733372711,0.0,0.0,B
g2639,HiC_scaffold_1,6591856,6594456,0.0465434401028587,0.1245863482748198,0.0219922554554556,0.2696847008373861,0.1170926960981639,0.0973392362445099,B
g2643,HiC_scaffold_1,6599679,6601080,0.8703202102952156,0.9171415687991318,2.4569118953618228,2.1505930794435257,4.326137471174988,5.000710011643465,B
g2644,HiC_scaffold_1,6601591,6602491,0.9242856729460928,1.2059489531382872,13.605528417167593,12.966921147752691,6.93997064603465,8.138448928084333,B
g2645,HiC_scaffold_1,6602685,6604093,2.002010969020707,14.869773691943651,27.296273954643944,12.498206059004136,10.544664545696516,12.348512603494465,B
g2646,HiC_scaffold_1,6604203,6604848,3.5944056853179776,1.1189620584809528,19.891125738617085,8.355031472074852,14.48829018171473,14.56364263822164,B
g2669,HiC_scaffold_1,6679930,6680299,0.0,0.1074157978000306,0.0,0.0675463413658346,0.0,0.0,B
g2670,HiC_scaffold_1,6681249,6682023,4.616467973693235,1.3564018447060109,20.15290340846336,6.103022498634648,7.322439262348995,7.888230056542413,B
g2671,HiC_scaffold_1,6682133,6683441,3.0448756709951983,13.706017279997427,21.595580948784537,49.44080316556618,41.73385107826549,40.66852012217349,B
g2672,HiC_scaffold_1,6683635,6683920,0.6705874462696165,0.7050540813515562,9.484471764138853,8.319594743040243,4.783057596769794,4.09761681031817,B
g2673,HiC_scaffold_1,6685076,6686477,0.7314180937695467,0.6019972035181907,1.7736785724449984,4.2189361245523465,6.760605179274058,8.07004666293003,B
g2674,HiC_scaffold_1,6686630,6690191,35.297028970904684,28.871340547655663,18.670611256727227,23.473340287332668,19.304106981166896,17.849178887887888,B
g2675,HiC_scaffold_1,6690323,6691246,21.67681063495344,69.55935190056226,33.69533364269336,73.54504966383695,59.62215886648683,53.07581585122331,B
g2676,HiC_scaffold_1,6691475,6692486,14.067561311486816,18.10299426045245,9.722611101907638,12.833667105398607,10.200625698138092,11.4970372482225,B
g2677,HiC_scaffold_1,6692648,6694640,16.45248970313494,8.456941880878812,7.795074006664673,6.290443865764143,3.4799066473872493,6.395292150652495,B
g2678,HiC_scaffold_1,6694760,6696311,14.624131375266815,16.68399561658093,11.100728357322907,13.781818403764138,9.872110130958893,12.183033844826486,B
g2679,HiC_scaffold_1,6696531,6700224,96.55558333094145,47.30444926875917,5.033242248060503,25.7973882803212,25.01166183115746,18.379557316925776,B
g2703,HiC_scaffold_1,6750245,6751989,18.525085238238347,13.873299608742537,9.407026722074978,15.269980044422947,14.332244937894876,14.467161125814195,B
g2704,HiC_scaffold_1,6752665,6754389,4.287333680765699,2.7862986100059945,29.909922305125693,37.51769242816055,32.876515023276966,57.9331058453084,B
g2705,HiC_scaffold_1,6754614,6756016,4.462248965057343,28.81092744300689,25.37241758692512,41.25745384118002,34.81874761374098,40.75437937270017,B
g2706,HiC_scaffold_1,6756312,6757784,8.515022423643956,6.287230722870342,11.148037265851212,29.386226622544783,17.819622248058927,3.767242290495058,B
g2708,HiC_scaffold_1,6765280,6766826,1.782795005353048,0.2908509028673337,1.1889544701830466,0.3360412868027873,0.058369311033454,0.9250669738314508,B
g2709,HiC_scaffold_1,6766921,6769519,14.10494396120236,14.12099311437277,13.52021840089984,10.31322036544386,9.5716748498307,11.462265265327757,B
g2710,HiC_scaffold_1,6769671,6774724,8.314546880524318,13.375784131740357,10.771085348981924,18.606809951288067,12.712581216147209,10.759333839568,B
g2711,HiC_scaffold_1,6774977,6776576,71.7395643025747,102.18959641534175,33.40889879413962,63.20486383844656,66.88303973638519,41.929846194498495,B
g2712,HiC_scaffold_1,6777916,6778300,0.7881559290101195,0.0,0.2788275106431603,0.1338914502104855,0.0,0.0,B
g2713,HiC_scaffold_1,6778325,6779777,0.1048189043638762,0.0,0.0,0.085828512272703,0.0378811138176721,0.0,B
g2714,HiC_scaffold_1,6780422,6782249,2.1039847184934484,0.0545956327661312,0.0737395069469515,1.8703067246888527,1.0627377541886616,2.04657036779114,B
g2715,HiC_scaffold_1,6782370,6785623,1.5932509917744218,0.4361559191743325,0.5077283440358059,5.132394918090864,3.240319445361407,4.485638548576654,B
g2716,HiC_scaffold_1,6785701,6786778,34.002778877426614,8.207221793956583,6.766798631709001,19.11908717237164,15.103286432705168,19.373765918273943,B
g2717,HiC_scaffold_1,6786928,6787744,5.470604294235171,12.748152490249318,11.444475837693975,23.84364103875167,13.04406303448961,16.231636139559257,B
g2718,HiC_scaffold_1,6787800,6789437,18.21853293326778,10.16310685135032,8.683652348710295,52.90338722913903,40.810408917505896,67.91231844724156,B
g2719,HiC_scaffold_1,6789532,6791103,29.332960742840243,10.082575256345406,8.571261732414216,32.088520993813766,19.48136708028485,24.850106205699763,B
g2731,HiC_scaffold_1,6843853,6845236,6.938116600270676,10.95282895424826,9.955080171010549,0.0,0.0191152757272003,0.0,B
g2732,HiC_scaffold_1,6846354,6848061,28.50188925477381,26.9199660866526,18.805348060468184,13.73804168226354,21.64033180331021,37.74061275495745,B
g2733,HiC_scaffold_1,6848394,6850075,15.213948196114616,38.67876961141877,17.493105185321753,32.21009080873994,21.56410075994627,18.79845730013196,B
g2734,HiC_scaffold_1,6850324,6852907,10.448170262295925,4.874210760048912,7.890470809476293,13.02005633387581,9.627395219256112,10.35758958150925,B
g2735,HiC_scaffold_1,6852955,6853621,57.35525325216159,0.3017123321099001,3.0005528227970384,38.85825291003381,33.6487674711538,44.007441982274464,B
g2736,HiC_scaffold_1,6853837,6857173,29.65873140525324,4.349015042346893,8.341972943405336,17.07148395873246,11.691266922317896,9.534468178106067,B
g2737,HiC_scaffold_1,6857197,6859875,14.766982182752884,2.571896194234484,3.8493331972392415,3.555592300930189,2.04848641702414,2.234887918046957,B
g2738,HiC_scaffold_1,6860423,6863923,2.612634420508331,2.025554294635096,3.019776167011311,3.838027640462002,2.305167474950817,3.586179502699325,B
g2739,HiC_scaffold_1,6864061,6864774,25.78210524182077,110.76640842370796,61.76261653212758,166.84811905990728,131.04066391094057,156.89898377302404,B
g2740,HiC_scaffold_1,6865104,6869748,2.159255604580293,1.168852158106021,2.001337425407785,2.049119171242142,1.3124476724257834,1.451651304029976,B
g2741,HiC_scaffold_1,6871231,6873346,375.8404798897468,25.369633095296173,17.743377621282026,12.577990882941927,16.844965549590874,20.47900254331511,B
g2742,HiC_scaffold_1,6873676,6874773,99.87200009816442,43.91856384217192,45.590609369851634,230.52787069093367,178.12875499103848,131.9617645111596,B
g2743,HiC_scaffold_1,6875539,6879484,15.189071423194267,11.166972882580009,5.036100747072663,13.713240601267902,9.937604451066136,12.83751972517878,B
g2744,HiC_scaffold_1,6879859,6881813,29.19378211342168,43.09853309846133,19.57717766386644,34.679268333004444,28.50971253369292,23.76606393002208,B
g2745,HiC_scaffold_1,6882008,6885584,0.7176854521600091,6.764864745669568,5.326843126514781,17.128871617438598,11.156408022442337,13.996435748533578,B
g2746,HiC_scaffold_1,6885621,6890286,16.964411813040833,39.31452757685251,14.156879818818826,30.14670152280874,21.90419715367743,22.28810574430993,B
g2747,HiC_scaffold_1,6890412,6891383,10.441844913459892,11.963310301693642,35.65579906563032,43.248156901640726,45.27139929591067,37.16986191203769,B
g2748,HiC_scaffold_1,6891623,6893701,13.80138964961452,4.643752258658013,5.859450865845238,9.40019546742594,5.515105012993741,7.917078009838566,B
g2749,HiC_scaffold_1,6893931,6896119,3.4578736357867577,17.184949441567674,6.925812252005488,29.44306287069241,18.54667279379641,23.89724274130577,B
g2750,HiC_scaffold_1,6896433,6898128,0.6014690765620665,0.7129207937199398,2.07649792518909,4.526786039540709,3.335642896954776,4.821578461048812,B
g2767,HiC_scaffold_1,6944716,6948733,0.1927672358789719,0.2495759803474453,0.8360441378522057,1.4056118741014676,0.8450837592946103,1.69955852983301,B
g2768,HiC_scaffold_1,6950237,6955062,6.75807259308888,8.143429501419302,7.075903540374474,16.287109727165376,10.752883639938831,16.228179830364844,B
g2769,HiC_scaffold_1,6955773,6957039,2.16531524959485,2.5504249148371096,0.4215989909879896,2.431659773899503,1.676592475320626,5.115578651366669,B
g2770,HiC_scaffold_1,6960101,6960524,0.1757832223058237,0.0937031427617288,0.0,0.0,0.0,0.0,B
g2785,HiC_scaffold_1,6989234,6989861,8.815497207259554,0.4469111195560065,0.6792221843409649,1.6125519156862578,0.8602570169433512,3.300742391171894,B
g2786,HiC_scaffold_1,6989970,6992399,4.93094267122276,2.363156233801246,1.8643775591394185,6.1152404941669545,3.1883734323333384,4.102889225909865,B
g2787,HiC_scaffold_1,6993159,6995883,7.9268481706539955,21.867192414761405,16.246722645970742,28.192340427876463,25.69930212312441,27.093814263985387,B
g2788,HiC_scaffold_1,6996225,7001043,2.917642810014064,1.3028466951453073,4.746403230318645,10.634974160604685,4.603924017002742,5.118206015677655,B
g2789,HiC_scaffold_1,7001242,7009009,0.3557394598924434,0.6231564001622082,2.473227104527762,5.111967182195837,2.274479549656082,3.128669579443956,B
g2790,HiC_scaffold_1,7010908,7011175,3.2678640458231705,0.9062021561628212,4.806114873406779,5.263241838884287,3.9333159112899647,5.762746441224916,B
g2791,HiC_scaffold_1,7011709,7013359,29.314791198344302,12.339245392598617,17.335151338586893,8.77642693457431,5.980346117207035,13.135291238213942,B
g2792,HiC_scaffold_1,7013539,7015429,2.8353694215298626,0.2965219809117631,1.6580742094675005,3.3005894637557343,3.2825124248523525,3.538135138045095,B
g2801,HiC_scaffold_1,7032411,7035147,54.97746263914768,65.720594750732,6.782337687912287,6.683882098707296,6.479925253845988,1.2410840285576217,B
g2802,HiC_scaffold_1,7035563,7038317,0.3425532172129733,25.448701536773253,24.398910014285192,25.765053675460592,54.56493870211054,0.5395098355179256,B
g2803,HiC_scaffold_1,7040278,7040901,40.3800580883228,24.41744007007148,31.88030470092952,124.905012690859,87.30616616022289,119.5795540146123,B
g2804,HiC_scaffold_1,7041035,7042451,2.070908565094577,0.1409331073892125,0.1743558405052764,0.708588797777215,0.608717921678431,0.337619326742259,B
g2805,HiC_scaffold_1,7042917,7044191,14.631077744982504,7.758134363370779,12.148492732807668,45.57849422140019,31.239470202254225,30.01412026681106,B
g2806,HiC_scaffold_1,7044435,7045306,7.490132391776495,84.92587869291475,40.03347686639484,260.2471179902601,62.20196311612149,27.9216031974012,B
g2807,HiC_scaffold_1,7045764,7047954,2.478528696405649,0.4955954601938167,2.004136108969808,3.728371629447488,1.5275015479299068,3.4186546808101648,B
g2808,HiC_scaffold_1,7048010,7049527,5.393992108702364,4.114271442968779,1.5446663004195125,7.888247717412778,5.60683024930686,6.409363436328919,B
g2809,HiC_scaffold_1,7049815,7051591,36.23782689942301,133.50467159079693,33.058441754040125,97.88106748749418,67.61385524898063,41.51778128257253,B
g2810,HiC_scaffold_1,7051941,7053346,3.72293250041926,2.082126508172073,3.649465882216997,11.168095527418872,8.377587154560105,6.125570950619553,B
g2811,HiC_scaffold_1,7053445,7054252,33.12240252384535,21.407332630223223,27.8417816012141,51.1444460022543,34.2252730918929,38.9326577299282,B
g2812,HiC_scaffold_1,7054543,7055809,47.38239644632867,92.94071919346324,269.3570214280448,208.95157249344464,172.847453053297,148.57798044634913,B
g2813,HiC_scaffold_1,7056963,7058206,62.920861549576415,266.70131573567755,142.4839461857033,781.7758902267595,491.3137499515834,698.8437537767772,B
g2836,HiC_scaffold_1,7103346,7104084,42.03139804483188,77.79418682018128,28.59399798400844,78.45559501530263,55.60099857067716,57.60709664572086,B
g2837,HiC_scaffold_1,7104706,7105924,24.482517165855,0.1963856399436258,1.6308164582531046,3.062110925062618,0.9135103133695104,1.0455724273580045,B
g2838,HiC_scaffold_1,7106228,7107440,0.6178132796634213,0.0327033245777321,0.2346944766247642,1.869012298168804,0.3569060907588258,0.2626231868973165,B
g2839,HiC_scaffold_1,7107856,7110247,8.776777873491753,0.2366972297831476,5.90825888928576,4.684243584328794,4.300995498247108,4.147645975097481,B
g2840,HiC_scaffold_1,7110430,7111804,28.961512871833573,12.68393443645154,100.1875956544985,58.6678787647717,39.66750510446435,83.64520436015229,B
g2841,HiC_scaffold_1,7112516,7113233,1.6525122095226152,9.826201498783352,3.479022532940068,35.349682694510435,19.12697998089916,22.5277631902456,B
g2842,HiC_scaffold_1,7113293,7114526,0.659621155549436,0.2778832148392939,0.1450809811476606,1.1314806699654367,0.7681339271749474,1.2218762714418685,B
g2843,HiC_scaffold_1,7114593,7123838,0.5524825306698363,0.4710367919272794,1.174532696314282,3.263717479843001,1.7564526383996326,2.2368121295014047,B
g2844,HiC_scaffold_1,7124768,7125863,1.9718956454452088,0.0,0.2948071142511357,4.782239277042514,5.95949020943862,3.9239548653607614,B
g2845,HiC_scaffold_1,7126296,7127388,0.630376523973616,0.0375600389288276,0.6841406610281188,5.119115830983992,2.575310269366744,2.334418020284898,B
g2846,HiC_scaffold_1,7127903,7130553,3.2348860304635885,3.7994026956081504,23.86218880744236,10.168351800403656,16.220062090456185,11.202460729842198,B
g2847,HiC_scaffold_1,7131035,7132601,8.501760763962231,8.808359163304175,3.500686350899532,2.4214695033697184,2.343500856986907,3.8652342639955313,B
g2848,HiC_scaffold_1,7133374,7137637,0.0096456934449795,0.0,0.0,15.667121843076252,13.568388371815695,26.57450803355134,B
g2849,HiC_scaffold_1,7137741,7140960,4.44762008893818,4.089044323659594,4.59829197914952,7.553814599752253,6.686074897076725,6.393166956806609,B
g2850,HiC_scaffold_1,7141386,7144701,38.96130173058194,42.043315914838,29.766636725916136,28.82644143871676,31.03218316741988,37.56440988259028,B
g2851,HiC_scaffold_1,7144923,7147371,43.39916880536656,102.84563439814023,74.85869662458784,70.35557850847857,54.83491980470558,36.92150307498969,B
g2852,HiC_scaffold_1,7147623,7148172,3.162710915857049,6.286859843661739,14.647212982895368,29.992360592305875,35.257780631272624,21.952897054119752,B
g2853,HiC_scaffold_1,7150774,7152491,3.558631718656387,1.907807622518188,2.796564856295225,2.7928872016397355,1.7225936580872252,2.0857361960633742,B
g2854,HiC_scaffold_1,7152603,7152964,1.486434398288347,1.8539941488025315,2.572059425237117,0.8298736944393834,0.8813417477507863,1.5602906986252338,B
g2855,HiC_scaffold_1,7153279,7154633,7.187141456110842,0.8186215212582435,1.052727556236467,1.7777308427580252,0.8749481136394842,0.7388563196832583,B
g2856,HiC_scaffold_1,7154785,7156065,63.079814473813286,61.60757108661344,6.3095599985088295,79.01183924420596,62.77380398463241,41.09862811086562,B
g2857,HiC_scaffold_1,7156290,7157761,39.99376207905472,18.164154866481056,36.231131254627954,59.50309823370837,47.42757493245753,80.29361977518568,B
g2858,HiC_scaffold_1,7157906,7159733,7.5153870629827875,9.803377557634278,7.130961217928558,14.420534495283686,10.318306867683848,9.613188891374207,B
g2864,HiC_scaffold_1,7171138,7173364,3.380509156663237,2.2646946348306263,2.92974377558858,11.37025502624494,4.476060018077838,5.522344180437861,B
g2865,HiC_scaffold_1,7173552,7176490,3.871371778053577,6.684121062023371,6.310354578819313,47.18005849774173,25.999620574827823,34.41403283288765,B
g2866,HiC_scaffold_1,7176742,7184977,1.6466462406904467,0.705736849802469,2.5450575259294577,2.46009541644722,1.4746760989928696,2.767003779626693,B
g2867,HiC_scaffold_1,7185087,7189598,1.4857861792637477,0.2514020660446486,2.4456553650776924,2.259703785731933,1.73327703466755,2.1220563464711826,B
g2868,HiC_scaffold_1,7189776,7191431,22.408096234451342,11.194418179994008,13.33877845201446,6.304746424482863,4.641439103702488,9.468636723291386,B
g2869,HiC_scaffold_1,7191971,7192313,4.0153739336045495,1.179122688574431,2.9063434853747863,1.9951897682598048,0.5473260494644756,2.0168181996305248,B
g2870,HiC_scaffold_1,7193153,7205939,1.359353719494554,0.6528825106587802,2.804844143167146,12.03039828997009,5.251170864637371,6.88191473498023,B
g2871,HiC_scaffold_1,7206269,7208996,8.345019000594238,26.29445178701385,19.455806551691555,30.394103617884376,27.10010485206765,30.067775556070146,B
g2872,HiC_scaffold_1,7209757,7212187,6.695945055690034,3.0000168319012337,2.1369595169988616,11.014494893180103,6.049193040946153,8.910968215903292,B
g2873,HiC_scaffold_1,7212305,7212911,11.033361110235084,0.7308521268657867,0.8807662088957013,2.372802779585553,1.1641197090992954,3.154547613499072,B
g2874,HiC_scaffold_1,7214474,7217177,28.35471180728792,0.878433886451442,3.0127917862243114,3.255477802480234,2.40121647184802,10.67869412016249,B
g2875,HiC_scaffold_1,7217327,7219769,30.08428027030992,0.6392265399193261,2.381046520343201,3.5344431718282445,2.6756628773753097,12.604375977848465,B
g2876,HiC_scaffold_1,7219930,7222264,56.98186309402024,0.8626998848406771,3.0043681948859247,3.6125593084372873,3.2018389366056104,13.370463549272316,B
g2891,HiC_scaffold_1,7257762,7259482,0.0,0.0,0.0231588199918534,0.0338697739662888,0.0,0.0,B
g2892,HiC_scaffold_1,7260378,7261644,1.5307259432774285,1.847478487406194,0.4487339355579717,2.90796547790883,2.2213576731030686,6.036803579266659,B
g2893,HiC_scaffold_1,7262400,7266574,10.676000639830097,12.463206392034149,9.22250814652164,18.489374059691485,12.73849456653993,19.31858839878369,B
g2894,HiC_scaffold_1,7266618,7267225,0.8371868867411234,1.0821501366632311,1.4824920318825945,22.392107754846204,15.498400654445089,24.454178661522967,B
g2896,HiC_scaffold_1,7272817,7278181,4.54522490771775,0.0963185524177508,0.9059866636908532,3.901955216031317,4.761649973772425,15.623993407701112,B
g2897,HiC_scaffold_1,7278339,7280334,9.773492510455313,0.3206513296740124,1.4158319285529832,2.299947437602145,3.508454600845309,7.556728746969217,B
g2898,HiC_scaffold_1,7280436,7280709,30.394375084692697,0.8761820859023308,2.616605347476855,0.6620244232941863,0.8949428966371219,4.281138499165766,B
g2899,HiC_scaffold_1,7281969,7286695,0.1988775835751838,0.0823789048633924,0.2486612419009254,3.476522781683534,2.2180283809056363,3.044318456835971,B
g2900,HiC_scaffold_1,7298858,7302277,0.1726561032900546,0.135062778679162,1.1559220071329803,3.3203007574876326,2.6123039659042693,2.8637435734793817,B
g2901,HiC_scaffold_1,7304536,7308688,2.6069374285494926,0.4158074647510071,2.226773012281664,6.661087205618332,4.7538907247872535,4.103117252650421,B
g2902,HiC_scaffold_1,7308781,7309885,55.39063611041011,21.55977494738165,3.556545455136221,23.64595212035048,21.769776842115974,13.125333718963663,B
g2903,HiC_scaffold_1,7311034,7314794,1.0137475211095608,0.253074069695952,24.77780339797021,5.0117526059553015,6.105609139633008,10.50666013724699,B
g2904,HiC_scaffold_1,7314842,7315790,9.152433823664692,7.06105249446134,5.832204277679706,21.99989215456293,8.8828350029711,11.043090321460369,B
g2905,HiC_scaffold_1,7315919,7317734,11.168379316221609,35.15753917246901,10.755875455361997,96.89552576087728,35.83188655921974,45.19944648065224,B
g2906,HiC_scaffold_1,7317910,7319256,8.825950881294773,12.653837784631383,16.069974560960805,52.08469646325615,40.21456985996832,66.14817622185848,B
g2907,HiC_scaffold_1,7319849,7321073,323.96069634043266,44.38401920342043,54.437465992058186,30.10926170881037,32.7528411475101,53.85560969965367,B
g2908,HiC_scaffold_1,7322205,7323897,11.75857296105496,1.4687005227603256,1.031834850693322,1.5892898203604764,0.9632750202012256,0.6273725487420745,B
g2909,HiC_scaffold_1,7325827,7328533,2.0602416874343064,1.043122747754824,1.0644574439019718,1.6925916170376738,1.2581646800707251,2.44874364142276,B
g2910,HiC_scaffold_1,7328914,7330180,4.181142144698047,5.144260199579701,3.107278661372038,4.874013693245008,5.235098052407346,5.075899689007896,B
g2911,HiC_scaffold_1,7330678,7333126,25.38570576934962,1.781678858796936,2.2377336200357942,1.6073117604208464,1.2292438366115397,1.611906353588846,B
g2912,HiC_scaffold_1,7333283,7336999,1.3557182243072865,0.0194202474007006,0.1683532822379345,0.9774057711722566,0.2453934823850957,0.2763993334509516,B
g2913,HiC_scaffold_1,7337017,7339793,0.529800523704601,0.6430620130098281,0.9651652751228148,1.5869063655394129,0.5884892863691366,1.2124585501602183,B
g2914,HiC_scaffold_1,7339906,7341547,2.1196549338509216,9.612065130445682,11.861055411892242,14.870274818403724,10.733321149834405,13.709454162047932,B
g2915,HiC_scaffold_1,7341668,7344572,6.462583191442411,7.735327670465722,5.329147366216704,20.582124550013567,11.738504265489505,15.005114376923132,B
g2916,HiC_scaffold_1,7344865,7346609,7.8476422919049,4.963576181937008,91.8191259285566,100.42420499458647,112.25670709464714,110.86613538847864,B
g2917,HiC_scaffold_1,7346699,7349167,0.2828003402130965,0.0337314897107867,0.908296477187322,1.2940255842759183,0.2136404009581511,0.5106541238708584,B
g2918,HiC_scaffold_1,7349405,7350161,38.58486545968678,147.10601398270347,176.97799774702582,146.6311934355081,118.05422081328832,150.8245791050491,B
g2919,HiC_scaffold_1,7350431,7352123,9.114530080069551,31.574136330997284,17.19849274104731,10.386444574633892,12.347148015202702,13.971705886649602,B
g2920,HiC_scaffold_1,7352202,7354935,3.097948102179621,3.1075466938847507,2.749650876442404,4.17908968842419,3.6994285651283993,4.583534349980365,B
g2921,HiC_scaffold_1,7355006,7355930,33.45170944162954,8.766989415444929,13.795922283638754,26.577928878337246,18.002218098733096,26.54138161228814,B
g2922,HiC_scaffold_1,7356043,7356876,24.29786366831938,16.04936204279175,10.16287002474798,28.87010954634959,24.526751931952152,19.87580243450692,B
g2923,HiC_scaffold_1,7357203,7358277,23.53204959431832,27.12050543975989,16.46020212340526,26.273460160668417,19.961277971785712,18.187536422436267,B
g2924,HiC_scaffold_1,7358544,7360068,1.1137847242487058,0.1058425090531378,0.0938498043022595,0.9169684948936369,0.4587040484965236,0.3132867150782949,B
g2925,HiC_scaffold_1,7360283,7361972,0.8318322663604574,0.0,0.0,0.7858103652333509,0.3875286849047811,0.2652407911563637,B
g2926,HiC_scaffold_1,7364323,7365913,13.440443649710376,17.150471765008426,4.573976350305272,6.107390219124946,4.3541314568578295,4.433166654462057,B
g2927,HiC_scaffold_1,7366068,7367376,22.074834707634487,1.687757093878434,2.586433389002413,4.388090280748072,4.442353115376842,7.791168035299023,B
g2928,HiC_scaffold_1,7367442,7368836,17.356628133608712,9.686270948370538,17.93869193976397,22.905988190758457,20.779317329281987,45.76148419197428,B
g2929,HiC_scaffold_1,7369005,7370502,44.57363966184606,21.90682790240492,12.466454048470428,43.66276010242963,39.64102600686496,64.00044481073273,B
g2930,HiC_scaffold_1,7370622,7372824,5.004699495968558,2.7599921692999523,4.46392362580773,12.070413421447396,9.28314273770619,18.54062878570505,B
g2931,HiC_scaffold_1,7373043,7375758,6.661052044699002,16.222940359955373,15.37470936348329,21.074190193324903,17.251437804761203,27.25533907535284,B
g2932,HiC_scaffold_1,7375996,7377944,30.104351107381483,40.72351469327605,27.258827156106044,41.03485912178492,24.943709270337536,39.41391167449254,B
g2933,HiC_scaffold_1,7378324,7382200,34.41957294353729,27.52834124040487,44.54422689428158,22.811197049848264,24.83720511497318,30.2491488837452,B
g2934,HiC_scaffold_1,7384945,7385500,0.204102119073614,1.1575813854843091,1.6095814401576485,0.0,0.0,0.0,B
g2935,HiC_scaffold_1,7385962,7386487,0.8531048376095075,2.3719598257130903,4.071207689770075,0.0,0.0,0.0,B
g2936,HiC_scaffold_1,7386590,7387190,1.1976340492760462,1.264347818107148,1.8444249642323431,0.0,0.0,0.0,B
g2937,HiC_scaffold_1,7387206,7387737,2.936249798269613,2.4970450101654675,3.548169822217564,0.0,0.0,0.0,B
g2938,HiC_scaffold_1,7388071,7388437,2.910872524465677,2.8609201135473104,2.329363027556302,0.0,0.0,0.0,B
g2939,HiC_scaffold_1,7388596,7389159,16.675780857036333,14.850921797086691,16.202087520078003,0.0,0.0,0.0,B
g2940,HiC_scaffold_1,7389229,7389981,9.484743641830402,10.517826286582796,19.183388841569425,0.0,0.0,0.0,B
g2942,HiC_scaffold_1,7396866,7398443,1.9758308452630464,2.297178297764325,1.4804391599163909,5.162333888504788,4.6036063835454,6.135900070077701,B
g2943,HiC_scaffold_1,7398511,7400489,11.38974860387518,3.901597710555716,2.429646143567916,8.77367266792543,4.261144967069685,5.838768229610029,B
g2944,HiC_scaffold_1,7400694,7402961,4.014738994926512,1.223014664476314,5.761019359374405,6.187510970494211,6.865509163973263,5.9609950320572125,B
g2945,HiC_scaffold_1,7403232,7405603,8.703491585929903,3.214668968868464,8.3150809197315,13.980009444578275,11.524733860127885,17.80799841024678,B
g2946,HiC_scaffold_1,7406168,7407893,29.90800881980084,11.739031170914814,6.576950657847563,12.647901948947432,10.152372849825246,9.632751997169652,B
g2947,HiC_scaffold_1,7408067,7410768,2.332074269002108,1.9233765681285613,1.605471948742458,5.456907105051771,4.2122059774983,5.404260949821342,B
g2948,HiC_scaffold_1,7410846,7411254,52.98974758991511,31.23666986475116,19.55724949659859,84.04039894587855,64.79913317137652,57.88871400027437,B
g2949,HiC_scaffold_1,7411367,7414127,6.670107911285768,5.947242978215314,17.006889467011803,12.869599393691336,13.734056669729128,20.636084283064264,B
g2963,HiC_scaffold_1,7452261,7453522,7.322599974306635,13.827426201110354,12.553808106978696,23.971443126642093,22.247397121339105,20.02294659955185,B
g2964,HiC_scaffold_1,7453647,7455016,1.117787454655887,0.4725098518772024,0.6345821378113661,1.564713971821299,0.9285714307104204,0.8505444657294239,B
g2965,HiC_scaffold_1,7455143,7455795,52.99372996407999,58.53931944773167,42.90276016744545,130.29966309256957,114.11298456761084,93.83628366158126,B
g2966,HiC_scaffold_1,7455957,7456936,85.10192905281735,20.52835127021728,15.84485598662942,117.60981545984087,186.20870266936456,46.70810772991119,B
g2967,HiC_scaffold_1,7457252,7459838,279.94577810888035,126.74871102773308,23.10847477995599,47.35684268263098,54.97863582205491,48.66674477896112,B
g2968,HiC_scaffold_1,7460026,7462654,1.4040743267846425,1.8569768175113184,7.416446187517288,2.436483376426099,1.86042379762453,1.4741190545070588,B
g2969,HiC_scaffold_1,7462971,7464206,12.223405677017896,24.91421028175435,40.99346318167791,39.26716986006714,37.16491322077546,47.36640534413429,B
g2970,HiC_scaffold_1,7464457,7465593,132.88654759824664,128.04066609249227,72.46264985973062,92.17925310012404,73.76203390841584,80.07378292047186,B
g2971,HiC_scaffold_1,7465747,7467190,11.684935373762931,15.385312176636432,189.0580608073126,50.77368046155037,74.02473436635867,88.8826017551905,B
g2972,HiC_scaffold_1,7467753,7469029,9.752085757556262,5.529946728303323,3.586972905346485,24.17478263419947,21.557687624931983,20.68679351764135,B
g2993,HiC_scaffold_1,7518609,7518981,0.5090731200377151,0.2130990827323188,0.5734873098169643,3.88672403353361,2.032792666058563,6.848479693365096,B
g2994,HiC_scaffold_1,7519902,7524919,0.0,0.0,0.0088440474836814,0.0066640797275052,0.0202200103881927,0.0,B
g2997,HiC_scaffold_1,7532574,7534451,1.2061612096757643,1.16204578653958,0.9292185443280812,15.43311936648582,17.450374231631777,18.93134305254563,B
g2998,HiC_scaffold_1,7534806,7537987,0.9044369111607524,0.0131586661887326,0.1025360264410804,0.9061725772403976,0.5028556691725476,0.6644579760937023,B
g2999,HiC_scaffold_1,7538257,7541150,87.99051424716706,5.6459651983289145,3.564991691319136,10.130539931991205,5.871261793118307,9.221663743453815,B
g3063,HiC_scaffold_1,7684151,7684751,0.6254432637373977,0.0,0.0,0.6361576403734954,1.6622041594216408,1.6806018887284098,B
g3064,HiC_scaffold_1,7685412,7687476,23.67844448834272,15.781629448165743,4.290456739951253,29.56702104681708,64.25538968695341,71.75581970524999,B
g3065,HiC_scaffold_1,7689171,7691038,22.5004771082702,12.697388293994276,3.5184069997421483,19.044488527461464,44.985441565575954,44.10242245933609,B
g3195,HiC_scaffold_1,7980150,7981854,6.598590340222883,9.2884623178945,7.26932688496367,15.203377488336372,10.575294378811735,14.57877107149644,B
g3196,HiC_scaffold_1,7982073,7985266,1.0332155279319817,1.100151585435598,1.569146809005078,4.782977976390334,2.6998455208432866,2.2079873126661145,B
g3197,HiC_scaffold_1,7985449,7988761,44.10408873821592,62.773990581439065,35.37021462776204,73.1174286097957,69.17572325119471,71.52340894711728,B
g3198,HiC_scaffold_1,7988998,7990997,35.77327276891275,32.50191468637447,28.418890838314454,63.64672325428939,55.63229344730697,66.90938457503097,B
g3204,HiC_scaffold_1,8002371,8005545,25.802089619708937,16.172637775965107,7.04424027236378,20.176585889981432,15.094666537983352,16.347561351474646,B
g3205,HiC_scaffold_1,8005669,8006196,75.23401879636128,55.3031455411691,20.50204536697337,152.0797113064005,116.52191547110624,102.95125421111176,B
g3206,HiC_scaffold_1,8006646,8012107,3.288465430214547,8.55551852344717,11.599940624382915,2.040030279382435,2.184495020564534,2.034899275024656,B
g3235,HiC_scaffold_1,8091572,8092097,1.7902992707407757,1.3852324956352158,0.8781474253893686,47.48078947571028,46.94261351431088,45.38484691586285,B
g3237,HiC_scaffold_1,8094614,8096725,0.1665454608977991,0.0,0.0,1.3145079942308486,2.166368719257032,1.193155175867262,B
g3285,HiC_scaffold_1,8233225,8233854,1.1643396372767532,1.492053081865229,2.5572029637179243,11.333593541174425,5.845865946400065,9.13216593654985,B
g3359,HiC_scaffold_1,8400741,8401500,6.957069777683527,0.0,0.0926352799674138,0.1313549405217021,0.0,0.2100917756306093,B
g3360,HiC_scaffold_1,8401582,8402522,9.020078207492222,7.513107019243608,4.626900106812849,29.56212431999108,21.7785915468334,24.75558137103132,B
g3361,HiC_scaffold_1,8402631,8403222,278.68530917764707,1.7210055228842362,7.153264385246021,1.4736263165285433,0.8249975622046646,0.8972794696616024,B
g3362,HiC_scaffold_1,8403573,8404797,6.291047409882736,8.053175978015691,34.860179174979415,35.11868896361226,50.54842926622103,25.694408948485524,B
g3363,HiC_scaffold_1,8405295,8406159,32.81919333137975,1.6890958464712105,8.335925081828313,16.749525812042812,15.139312334174026,17.337885961042936,B
g3364,HiC_scaffold_1,8406407,8408408,9.957565606456887,3.563548802156776,12.0223177757956,24.25660756379842,20.05908578889119,25.72015643451727,B
g3365,HiC_scaffold_1,8408584,8409367,5.484112850658567,4.624603878288236,8.263638001344301,31.885151102737023,26.62752787524352,30.77541611393964,B
g3366,HiC_scaffold_1,8409983,8411547,1.5528037213054684,0.5169999480672507,0.3150031791668755,8.342812430287992,5.60078491023893,4.082002301708378,B
g3367,HiC_scaffold_1,8411688,8413407,6.608229758701817,10.957523319029924,34.61445546236558,57.6199146405567,43.24799318746808,75.1275613618879,B
g3368,HiC_scaffold_1,8413740,8416748,19.8392832667665,20.61102594780981,18.20740856071933,49.865817101335175,34.743889305528825,33.1283049456783,B
g3369,HiC_scaffold_1,8416901,8418022,23.80449392595267,11.65096848663557,8.837493332044161,20.335931963028944,16.34448403343644,13.987438915982622,B
g3370,HiC_scaffold_1,8418564,8419656,50.60240606578185,41.222373821335495,54.7082332582127,54.53970734331597,47.02673638278077,53.73128858619398,B
g3371,HiC_scaffold_1,8420665,8422731,1.713102473080189,0.3443227206108672,2.809541694941112,3.2824386862962007,2.164334332988231,1.564447685581534,B
g3372,HiC_scaffold_1,8422853,8423569,22.16669124907329,6.644933952586155,47.89902547661716,46.18679178797531,39.087860781433065,114.34595965133926,B
g3391,HiC_scaffold_1,8489401,8489602,2.262929979483752,0.0,0.357784454424577,0.0,0.0,0.0,B
g3392,HiC_scaffold_1,8489672,8489966,0.1323822212601783,0.0,0.0,0.1802021558968264,0.0,0.1807932627025311,B
g3395,HiC_scaffold_1,8495299,8498726,53.69899034723956,19.836983855070343,51.06800589650531,40.87177376422752,41.59243624451104,39.27729072917366,B
g3396,HiC_scaffold_1,8498814,8501100,1.6553016491754065,1.7670582941972426,6.837110650091892,5.17398052878698,2.763322787930063,5.271338776924144,B
g3397,HiC_scaffold_1,8501365,8503781,6.9926370268245055,12.793314440579485,20.003733800499507,18.233164759111705,13.619293455029238,15.228449302587505,B
g3398,HiC_scaffold_1,8504687,8507114,13.710264183140367,0.9147088903550094,3.2388673219362056,6.621322063200958,2.382736322657273,3.410647673741817,B
g3399,HiC_scaffold_1,8508583,8510966,91.0764191072908,1.7313468547915325,1.750145366827208,2.891097903309901,2.3323823179025864,3.5889686397074345,B
g3400,HiC_scaffold_1,8511254,8512956,2.4124429948623938,18.37035062852469,24.62420281988244,48.95923960109299,34.60347106905533,31.693427388089667,B
g3401,HiC_scaffold_1,8513089,8515210,5.775170419976845,7.269767031133052,10.681756271735834,8.495687956306679,8.180996983417321,9.484944672996864,B
g3402,HiC_scaffold_1,8515691,8517922,7.201231035662271,3.39767433459694,3.251490687824277,6.1404589973910175,4.6663394294240135,5.906094016562282,B
g3403,HiC_scaffold_1,8517954,8521968,4.561713541156164,4.117788758724695,7.988961900745821,7.375265981910154,5.688860726664224,7.578837540307404,B
g3404,HiC_scaffold_1,8522134,8522911,38.87729998320808,6.91727369579854,8.009704871167461,26.51570553769817,12.94310847455038,10.7965359662062,B
g3405,HiC_scaffold_1,8522974,8524533,15.997673976050011,9.31015298943204,9.02232215070484,6.2621224744202415,5.902823499119245,5.83963631241979,B
g3406,HiC_scaffold_1,8524822,8526264,16.0511292793268,11.61399753137986,31.576360228995483,68.26047450839101,50.54567398576428,104.37342693994609,B
g3407,HiC_scaffold_1,8526509,8528530,4.429196575210229,9.554151364860513,23.207612900189595,18.93496408750725,19.223389879779432,21.270761524160427,B
g3408,HiC_scaffold_1,8528679,8532918,16.590942852019,4.394638491219061,18.330824538108,13.502442575100702,13.409236915468725,17.771546639718704,B
g3409,HiC_scaffold_1,8533082,8533741,3.765291580196117,23.195880569937565,12.796816830969462,349.97860210809506,226.9489716328777,222.29008912043125,B
g3410,HiC_scaffold_1,8533890,8534842,9.02209537363844,13.089221692134236,10.373935497538636,29.33865756652448,19.61207163552443,17.764673105450143,B
g3411,HiC_scaffold_1,8535025,8535940,2.566776975318617,3.437625884197981,4.637840688656969,7.309641533118089,4.148533367302397,5.33657488674242,B
g3412,HiC_scaffold_1,8535989,8540423,0.9911028389925988,14.615255491969274,11.50342925805942,31.615554776572274,17.039630011583093,26.512992095364787,B
g3444,HiC_scaffold_1,8667288,8670048,59.05614472939597,49.81882216171027,10.373401124352815,28.88060916662848,21.480097813895696,13.44532033376937,B
g3445,HiC_scaffold_1,8670202,8674452,6.926664310969519,5.912862036282311,11.462512696054867,8.3102495939193,7.962819130142631,12.665981879679606,B
g3446,HiC_scaffold_1,8674873,8677593,16.143469854464783,25.51803207874808,87.00010440597754,29.09602617390977,30.19928439435429,23.357460536679504,B
g3447,HiC_scaffold_1,8677856,8679572,3.080866331849553,0.0287846255542565,0.1293988311577901,0.7772766541614471,0.1566829773779175,0.1925534373892545,B
g3448,HiC_scaffold_1,8679734,8680451,22.985261515044392,23.20346696687012,7.95086627177762,28.200937758832893,16.688022116335844,18.00474047015376,B
g3449,HiC_scaffold_1,8680658,8683726,14.584785044467525,11.596166995842726,17.26764758883027,16.96224585849151,11.925627814560505,12.93447192900529,B
g3450,HiC_scaffold_1,8683868,8685114,22.63069684050213,14.994535493217224,6.415920610555702,21.24035200525564,15.37629276354053,14.157434690804998,B
g3451,HiC_scaffold_1,8685351,8686849,0.8802569987897197,0.5750633059257536,1.0898319801947722,1.4863389367238855,0.5116649554558765,0.2873146985651035,B
g3452,HiC_scaffold_1,8687029,8692447,48.300171544476,57.448159697548746,7.481331905542427,23.02919566391723,22.49328718670764,14.83948588128391,B
g3453,HiC_scaffold_1,8692685,8694266,131.0128262489781,432.4538745744043,282.25617031748754,322.9162242690226,366.97394475539625,183.92953205831583,B
g3455,HiC_scaffold_1,8698153,8698983,3.3106105035015814,0.9217370502684696,2.097217592543144,9.184519422564474,5.822015666534133,10.914299920456337,B
g3457,HiC_scaffold_1,8701219,8703708,0.9720195012197456,0.6981700981720591,0.3235056619480311,0.0,0.0,0.0,B
g3458,HiC_scaffold_1,8704224,8709563,1.949636760084754,0.7502224609349044,1.0880924675149832,6.6275036698817,5.023750351866228,6.142083237164374,B
g3459,HiC_scaffold_1,8709784,8710659,35.89051551286484,4.39848251973939,2.333364209805359,2.107144665093797,0.9639664324551273,1.736133926243461,B
g3460,HiC_scaffold_1,8710708,8724853,3.069992084562563,6.364666014321459,23.747019494001123,11.275480507078068,9.403908014011428,14.792756752806484,B
g3461,HiC_scaffold_1,8725686,8726219,0.0779416174374879,0.0830952398075709,0.0,2.8415856835516125,1.3502339468457905,2.7799589577963864,B
g3462,HiC_scaffold_1,8726764,8728171,0.6315943230052878,0.1419573446065014,0.2161344843608271,3.911170792134411,1.7552304161679588,3.1498855246868445,B
g3463,HiC_scaffold_1,8728219,8730399,12.471553810784147,8.782889661234272,15.907451016933226,21.52760395618995,13.459049858284288,17.517030343027578,B
g3464,HiC_scaffold_1,8730674,8732369,33.30760715157591,17.446852641066908,25.078777365195712,14.352739528744625,11.523810809017302,11.525967069106274,B
g3465,HiC_scaffold_1,8732398,8733423,8.422507952526207,14.68711724352059,32.70629523882935,18.78381166854406,13.551192979788754,17.13373488393833,B
g3466,HiC_scaffold_1,8733631,8734744,4.548612752207816,1.7660649623517686,1.2821761202859747,1.9008942548038028,1.0148289553518195,1.0970116892859143,B
g3467,HiC_scaffold_1,8734779,8735895,6.981028304324429,10.653396671847949,10.120063566959736,16.39026755968307,12.554921557026487,13.45880493382063,B
g3468,HiC_scaffold_1,8735997,8737584,333.4585721414604,0.099902783587174,0.2245522249581312,6.871998175162988,5.887764275302514,6.822001497087991,B
g3469,HiC_scaffold_1,8738203,8739454,2.0951587080495457,0.0,0.0,1.1955182007362382,0.2815312875352762,0.5511125642124548,B
g3470,HiC_scaffold_1,8739755,8741099,2.369004822272053,0.0,0.0535079429608184,7.954648569424274,6.298283579608514,7.147211586419106,B
g3471,HiC_scaffold_1,8741131,8741812,3.674802060331414,0.0,0.156046277775238,1.654066990484083,0.4348414113692492,2.337454506669012,B
g3472,HiC_scaffold_1,8742040,8744065,0.583773068200452,0.0,0.1061440874548066,1.0779065639535133,0.2533060361939571,0.7862303829557806,B
g3473,HiC_scaffold_1,8744422,8746145,0.3650128001454095,0.0,0.0913327597424288,0.8505489251350646,0.052004983137917,0.8475609506030081,B
g3474,HiC_scaffold_1,8746450,8747976,21.8576903452402,0.9522376766633024,1.2577246675099238,3.4977896314152828,2.425788239047402,4.494002567191541,B
g3475,HiC_scaffold_1,8748050,8751370,43.36478739690041,5.430623960619196,6.63052416926861,20.84012828793,10.777421585536398,14.837599325319344,B
g3476,HiC_scaffold_1,8751553,8752942,54.77824699040997,176.1171972129778,139.4051743151223,214.2417918212322,141.90645870257453,150.97141308218642,B
g3477,HiC_scaffold_1,8753247,8754594,21.73325284297836,17.315216126953732,33.674312411472314,15.624019762032528,15.865784269042232,20.138050701003845,B
g3478,HiC_scaffold_1,8754922,8755342,27.11167414452655,7.749245334169778,15.476114050823734,9.54064097980316,5.242560363685873,4.296974767675315,B
g3479,HiC_scaffold_1,8755479,8756895,74.23480636056567,60.29258341784006,12.735951229002616,47.784247816786745,39.5267928032023,38.79819939399404,B
g3480,HiC_scaffold_1,8757162,8758876,20.475743179523715,37.04354554810891,25.7980584811911,28.961492639084472,21.34969367890553,25.64390567159518,B
g3481,HiC_scaffold_1,8758963,8761279,6.3650188036493125,9.842588979850714,24.09119457504743,18.62939058413952,9.090317954722083,12.07730141388273,B
g3482,HiC_scaffold_1,8761675,8768739,0.2655488459901681,2.126460333319736,8.337952848201564,10.691183925508923,5.494281037158442,8.047476011449216,B
g3483,HiC_scaffold_1,8769052,8769994,6.809606079924542,3.727677210772151,10.819660697638522,15.541625268832316,13.819997863717422,17.263276406681918,B
g3489,HiC_scaffold_1,8780419,8781928,3.302964710256898,4.26390365890815,6.183545785411173,19.63167335099302,9.572983643478471,8.02062535244485,B
g3490,HiC_scaffold_1,8782168,8783507,3.972537307811108,5.511733630052022,6.555132379007064,23.90157715557305,10.841701275612625,14.185864624563647,B
g3491,HiC_scaffold_1,8783670,8785381,28.19645858237496,12.428912424740654,33.370025231276735,37.38825746106551,28.995108287407007,33.10734690394912,B
g3492,HiC_scaffold_1,8785524,8787263,5.435018764695714,4.054773507012176,2.766954571287382,12.425335655997486,6.985301971551842,9.983880089517664,B
g3493,HiC_scaffold_1,8787333,8790898,20.50404202885703,6.635175796506159,4.304151526940943,9.514604161265574,8.538804291120023,5.810766812337573,B
g3494,HiC_scaffold_1,8791152,8792809,3.615710244691481,2.466922590906155,2.04149689541585,19.1561452420334,11.3351043879494,13.070264668564995,B
g3495,HiC_scaffold_1,8792911,8794972,9.445839891566596,2.101776952665383,1.92372162392342,11.159006455372122,5.655581889647663,7.365114137371085,B
g3496,HiC_scaffold_1,8795056,8798385,10.752763507886478,8.276139130471122,6.589291451864991,18.213500467494484,15.971041813288744,14.299414391392292,B
g3497,HiC_scaffold_1,8798494,8799931,4.488422204436526,3.0151262759019213,5.957026184882725,7.055792231953175,5.274524039507618,1.7888949724555685,B
g3498,HiC_scaffold_1,8800132,8801900,42.15701687931907,2.226308421563836,1.956241401183234,2.272588578245969,3.178378204419328,1.8178839063733647,B
g3499,HiC_scaffold_1,8802447,8803039,223.8939903110553,387.4215788565437,204.76029545845688,295.86876919703263,220.6448499388073,271.699573967418,B
g3500,HiC_scaffold_1,8804283,8804562,1.503272386707395,0.4360844244041966,0.3837625952938119,0.0,0.0985723606868457,0.0,B
g3501,HiC_scaffold_1,8805848,8807690,65.83084573482054,21.312264651946748,37.64870378590969,31.13058513065276,25.50914207700553,45.26972583503483,B
g3502,HiC_scaffold_1,8808046,8810853,22.450994268435736,16.152966994357392,19.870654090387585,24.29840096367329,17.81546569312662,21.416841370295508,B
g3516,HiC_scaffold_1,8840135,8841596,11.328688593460951,30.61663716334261,58.72870966332232,23.404519352155816,56.657225249596905,37.911518641382045,B
g3517,HiC_scaffold_1,8841684,8843139,18.541057627016244,5.819298980219585,9.253726595676632,5.724238845944688,10.386164458956374,8.864138749772408,B
g3518,HiC_scaffold_1,8843740,8845321,2.655411702282043,0.4565025475776182,2.9378688721959216,3.206548753658089,2.0550727674584626,1.1745430754753956,B
g3519,HiC_scaffold_1,8845371,8847414,0.9408805924590936,0.0,0.4368651249953296,0.3751930505892684,0.1982714113402187,0.3636343825297031,B
g3520,HiC_scaffold_1,8850940,8853361,1.071114415218922,8.707903905753295,2.1208323761431283,5.857432253659482,9.22965411424257,18.42048866648539,B
g3521,HiC_scaffold_1,8853482,8855455,26.468769136016,52.86028894480723,17.385752608501175,48.95347610588118,34.195814549794264,45.489308548071264,B
g3522,HiC_scaffold_1,8855635,8856303,1882.752713160505,2070.073200191271,1976.935278082318,2013.113900521316,1969.6635859543417,1967.0771931523664,B
g3523,HiC_scaffold_1,8856525,8858724,0.7493174145951914,0.111670265850297,0.3319907862619214,1.3521478807311262,0.7075600048787614,1.213897129915333,B
g3524,HiC_scaffold_1,8859444,8859777,9.603244004192565,6.1491334177720045,14.58366247605892,24.68877119372613,17.37945115761239,24.38823516788692,B
g3525,HiC_scaffold_1,8860015,8860987,11.832677793666996,14.182419558986812,48.53210975326897,11.590168776613162,25.91142376596073,8.63215892794394,B
g3526,HiC_scaffold_1,8861272,8862241,0.2739666926957731,0.5826253284720719,10.459631086634552,0.802348009312445,0.8327566561748175,0.4927233785132317,B
g3527,HiC_scaffold_1,8862637,8863570,7.110977155569985,0.0,0.0385394830328724,0.1118904080541194,0.0283348620908018,0.0569702242599615,B
g3528,HiC_scaffold_1,8864028,8865158,0.4198328287200831,0.119028316481115,2.7305308363771097,1.5719390080210336,0.3504155316364433,1.1689897807213996,B
g3529,HiC_scaffold_1,8865328,8866471,3.2510965515236623,6.882630507558554,68.25713450929524,12.58573388667801,16.708086642929473,17.326675759589467,B
g3530,HiC_scaffold_1,8867315,8867924,0.1220957356902519,1.110964804341099,17.467952383254882,48.81457990466866,44.52888124540257,41.71474687521878,B
g3531,HiC_scaffold_1,8868619,8869898,2.793950233630918,0.3681599242565808,2.569729781253212,5.010705519034053,3.2018134160048106,4.455615102830238,B
g3532,HiC_scaffold_1,8870514,8872239,40.81363735362882,39.89218737884913,52.90726613219003,37.107384440708216,38.99346347183027,62.65227904478255,B
g3533,HiC_scaffold_1,8872603,8874237,13.31563717008876,10.83621578882552,13.53312667510648,41.57288792868178,28.4756380490306,38.41720197269224,B
g3534,HiC_scaffold_1,8874769,8876178,5.7690243177377205,0.596400582120624,1.7631560464256135,1.5233871668393024,1.3756567023317174,0.786077293353875,B
g3535,HiC_scaffold_1,8876779,8879848,13.943576211215102,1.0884974691631948,1.901941674357584,3.574173263997587,1.8677992517659223,4.10300153249787,B
g3536,HiC_scaffold_1,8879971,8880427,17.81080499112007,1.2488860883164317,11.57316242588955,1.2022227437910489,0.917260072356082,7.205899884412904,B
g3540,HiC_scaffold_1,8890785,8891741,163.4013170883539,101.30802643639691,155.16756361760764,313.42379228065033,277.62890093597645,324.5087237447,B
g3541,HiC_scaffold_1,8892058,8892830,52.74254935093809,2.481271946820653,9.159667456202763,10.430635678106144,9.234377991246198,14.423307188921406,B
g3542,HiC_scaffold_1,8892960,8895345,26.739656313479543,15.59959506509428,22.066035438599062,17.023166419684294,14.75476355140908,13.934819464341553,B
g3543,HiC_scaffold_1,8895501,8897450,22.10140493558184,23.42977234530272,11.8163032714816,32.62867307233812,22.298073795184067,29.763161451569623,B
g3544,HiC_scaffold_1,8897578,8898914,6.818342262332607,15.85634178566366,24.489446463002665,30.05073148667212,24.14847666346307,40.66896756629944,B
g3545,HiC_scaffold_1,8898984,8899974,5.103749380692861,0.9706345830015666,2.5213688534383363,8.277647566256535,3.669725680700744,6.434046593653795,B
g3546,HiC_scaffold_1,8900128,8901363,4.064244240760955,0.972826599401968,3.1543748845140898,7.565117885522646,2.634573057006152,5.068910880869563,B
g3547,HiC_scaffold_1,8901481,8905585,2.785912256143164,0.1978646324252398,0.3035260320871995,1.5279312204346058,1.0161023191333618,1.189957610686411,B
g3548,HiC_scaffold_1,8906053,8906660,21.235638357419663,12.14142506092713,47.6340598061792,14.59712394768091,15.576764903220155,32.79292460988176,B
g3549,HiC_scaffold_1,8906962,8907331,37.10563905487962,63.91560965423065,93.75771429940164,72.02697648292722,125.97237762423546,182.4885714271765,B
g3550,HiC_scaffold_1,8909359,8910400,0.0373874861195892,0.0394001561097788,0.3776406989435742,0.1481680601752923,0.1787898622631497,0.3565249906918667,B
g3551,HiC_scaffold_1,8912424,8915235,7.047725913021843,11.403138443811978,16.582696819973012,26.87706935315245,20.22077089938042,20.847415453065416,B
g3552,HiC_scaffold_1,8915889,8919923,6.788913477304142,0.5748146646176782,1.1088629574121964,8.662167233092381,5.195663991870253,8.085223295303804,B
g3555,HiC_scaffold_1,8926256,8927205,0.0,0.0,0.0447265760148009,2.459793283822492,2.08827492149927,2.0916408637971564,B
g3569,HiC_scaffold_1,8967744,8969119,9.202434473194636,5.532554180832749,7.074043222155571,36.56805681500602,21.237868844861392,30.35575651026989,B
g3570,HiC_scaffold_1,8969958,8970319,3.082978954916761,2.1130557787908404,4.1961925494171455,0.3309265255189948,0.701592148851244,1.040193799083489,B
g3590,HiC_scaffold_1,9000492,9002788,19.32288305247421,10.444365430928652,9.93075216497337,9.586673252216404,8.158143299528742,6.048394305425441,B
g3591,HiC_scaffold_1,9002894,9007645,3.5253358891078257,2.441928371403072,1.4140443751368044,5.775899446936616,3.9035507657577098,3.8000683108969406,B
g3592,HiC_scaffold_1,9007688,9008156,22.25809136362352,7.631996742429481,2.880186124445774,28.554729475563327,19.466271617804,3.7426841521134353,B
g3593,HiC_scaffold_1,9008303,9008765,10.706502374310212,27.889633852921243,57.24056656475432,24.68838850973553,13.085129707763285,6.088940553378091,B
g3594,HiC_scaffold_1,9010782,9013148,0.6725742325186091,2.713223045282988,3.61371291623878,2.9530461874912115,2.591693729756604,3.513023087384507,B
g3595,HiC_scaffold_1,9013400,9014488,1.9901697611845512,0.0,0.0,0.86940213235555,0.3694029064984785,0.8477723777877826,B
g3596,HiC_scaffold_1,9014564,9015366,1.941471309122744,0.0,0.1056015790592364,1.8324704646607115,0.5497371774356847,1.5578477820614869,B
g3597,HiC_scaffold_1,9015490,9015823,1.4827906874676473,0.0,0.107979993002012,4.271425183729416,0.9654599554722676,5.261850438669085,B
g3604,HiC_scaffold_1,9036458,9037833,9.350567786795011,4.293892252510526,7.258841075767081,6.355322196662458,3.4087796422843164,5.124591151374384,B
g3605,HiC_scaffold_1,9038206,9039862,11.819775235598774,6.41448373732953,4.967984323757831,20.131455237198825,9.857500512284323,12.787001521448069,B
g3606,HiC_scaffold_1,9040205,9042327,2.5632544701601656,0.0,0.0376191425870878,1.4062457771279062,0.2173000297854353,0.4260932419403886,B
g3607,HiC_scaffold_1,9042511,9044001,0.5899110431641406,0.0,0.0,0.2576186042789972,0.2076861532120575,0.0,B
g3608,HiC_scaffold_1,9044310,9045276,3.968928334980324,26.278889558485734,71.92658245129392,136.3098478643724,122.67080502486286,166.39759382578188,B
g3609,HiC_scaffold_1,9045641,9046562,3.528325381655754,5.953264186726738,14.107183021057118,19.298138110701515,30.7629845439502,26.67410381096373,B
g3610,HiC_scaffold_1,9046761,9047664,10.26459745609148,5.255875220279466,36.81369435231494,14.872619328110892,22.603087155816816,27.218515889612803,B
g3611,HiC_scaffold_1,9048636,9049530,31.479986372808284,13.175982345129649,42.216219898923214,32.964676981131774,25.557338217925377,38.17579302300889,B
g3612,HiC_scaffold_1,9049922,9051470,45.88732871712233,16.769320624249083,2.5560515359727414,35.09282224979905,27.07370448218704,19.54328426499896,B
g3613,HiC_scaffold_1,9051761,9052597,55.71378214570018,56.66818203829772,14.289712201802953,191.77944629557024,140.520340860724,99.14451799319303,B
g3614,HiC_scaffold_1,9052875,9053265,7.959896188461138,0.8236636781330662,1.1862356312140805,2.4807213308170764,1.9198513735061609,0.1362903057296003,B
g3615,HiC_scaffold_1,9053360,9055541,14.807652000148144,4.272064999522614,4.56402347573518,5.651130424695038,5.7379701065445206,4.600297189881084,B
g3616,HiC_scaffold_1,9055627,9056181,3.2945238278854347,0.1893239246443452,1.0034666840982578,1.90901025440418,1.5218841357959845,0.9959993768656744,B
g3617,HiC_scaffold_1,9056324,9059302,8.242892029087995,7.243755199520352,5.582984176068419,11.092363819453515,9.515469962513832,10.15604126354313,B
g3618,HiC_scaffold_1,9059626,9060001,3.8184911854208616,2.048700327250048,7.9795670719493454,29.746639552912363,16.72462668758706,18.97357659407016,B
g3629,HiC_scaffold_1,9081500,9082587,3.4429664883579534,0.0,0.0342642190522744,1.1024512391600216,0.6030121136604636,0.8797999099957843,B
g3630,HiC_scaffold_1,9082662,9083776,1.989000197086512,0.0,0.4337218561067508,2.06003711637782,0.9201935221119664,3.152215319642287,B
g3631,HiC_scaffold_1,9084389,9089237,1.082726067176404,0.008175831144433,0.0810899273102847,0.6867352290324961,0.3880863139184639,0.4709381962736241,B
g3632,HiC_scaffold_1,9089352,9090917,10.204832778601084,11.429585091074664,13.011164968397644,35.31038939967556,30.08225655460538,32.31810097320046,B
g3633,HiC_scaffold_1,9091046,9092174,20.683439123485847,3.8451053474571184,4.69420912842375,4.509443789657118,2.432080697671429,3.151379036696301,B
g3634,HiC_scaffold_1,9092342,9094823,2.9698551431596387,0.6787738403925166,1.506252521990166,5.53510402696333,2.087006813862693,7.209429399740934,B
g3635,HiC_scaffold_1,9095638,9099338,6.64915287961249,1.2378483515703451,5.872698678101829,4.355289559779766,2.091961125277805,2.312379181527494,B
g3636,HiC_scaffold_1,9100284,9103939,6.202987696584971,9.164938966750542,13.0637009038736,6.2752475470728335,4.352272734972338,5.919515573749048,B
g3637,HiC_scaffold_1,9104572,9108034,6.266060567778211,19.30388093490044,17.588856712157796,26.044012350464698,18.29683301358415,20.71404597193544,B
g3638,HiC_scaffold_1,9108069,9110135,12.828558323204303,14.078223350601652,29.062204430581456,34.19209657457511,25.897480235007187,39.94419280129184,B
g3639,HiC_scaffold_1,9111013,9112672,1.518150974224303,3.816721766263633,7.6346935922817245,13.553447413296418,8.871270819007325,11.57811243735191,B
g3640,HiC_scaffold_1,9112811,9114115,6.329483013361586,2.2508791952796514,38.13364822921268,17.720345686777552,13.520547997524588,30.11753290637932,B
g3641,HiC_scaffold_1,9114478,9114772,81.37599870422156,0.0,2.5391384804646124,2.686448297543082,1.7955699158540224,2.1219953501303177,B
g3644,HiC_scaffold_1,9123230,9123770,2.235413081285041,9.087702421683964,6.500068511353836,1.97046200920176,0.945952219798036,1.4747560540492342,B
g3645,HiC_scaffold_1,9123884,9124196,166.27845703983877,73.98403615523485,10.523094067392664,84.43517030667098,71.16172599987878,41.332602079165255,B
g3646,HiC_scaffold_1,9124705,9124978,158.37215488123474,297.1949482677408,118.0414084826703,222.4184306053792,149.89029181757468,100.90644677949534,B
g3647,HiC_scaffold_1,9125307,9126006,49.26054328612838,121.4602322903342,121.79322502363512,108.32319417565928,80.96043627486145,72.50948893343187,B
g3648,HiC_scaffold_1,9126223,9126928,281.925036342328,93.3415489281942,19.121079487903827,102.63843463750466,94.57948519197804,62.56719706007625,B
g3649,HiC_scaffold_1,9127198,9128281,368.7329985609307,370.8730362815188,187.1037562096764,226.66732386908976,163.79738882217094,127.46943585194232,B
g3650,HiC_scaffold_1,9128601,9131269,1.0852034967911135,0.3226684670368243,1.5885201739722934,7.509992034539865,4.409705407752302,5.509172908809289,B
g3651,HiC_scaffold_1,9133167,9135416,1.705410541399775,2.005304189809735,10.645279364366084,9.121285756831686,6.804727663002403,7.417280330643527,B
g3652,HiC_scaffold_1,9135451,9138163,4.098671170303101,3.069527431980076,3.835347193269485,5.261603742925354,3.699542075912009,3.9505528017005695,B
g3653,HiC_scaffold_1,9138216,9145908,4.135044284606135,0.2375061611475056,0.2993466936338895,2.004722346979984,1.4445270743165328,1.545185461387922,B
g3654,HiC_scaffold_1,9146208,9147185,95.77461205511182,43.61296208474826,8.029590531739233,75.21560566465999,52.86610535244647,40.22503940107515,B
g3655,HiC_scaffold_1,9147358,9149091,20.99640988936172,16.454942366758456,7.8761950929878815,93.74892115848914,64.51008747161421,52.3165845722701,B
g3656,HiC_scaffold_1,9149244,9150644,6.009587199800048,3.139300262014656,4.196572361523956,20.32137114459809,12.123678405352702,13.328383687590472,B
g3657,HiC_scaffold_1,9151491,9152048,0.759194586808187,0.161123696700046,0.2143602972416681,15.735061405823233,14.819579025660982,15.964606088215543,B
g3658,HiC_scaffold_1,9152681,9164579,8.586215623170729,5.70411692207281,8.506879655466346,11.720444731231671,7.463102189588555,9.450132849377708,B
g3659,HiC_scaffold_1,9164710,9176818,0.9097653624677052,1.4286271817521197,3.73576334970996,4.005902519680627,3.286404313264212,4.210870860523511,B
g3665,HiC_scaffold_1,9226119,9226449,3.4484649256272446,4.158978773928536,4.968475915782316,4.74955789814784,6.428790337742425,1.9290866819366528,B
g3670,HiC_scaffold_1,9234154,9235213,2.6406808046851045,4.563006466760267,4.496813808492191,4.098658841139075,5.422862464625786,1.9545566437286457,B
g3671,HiC_scaffold_1,9235750,9236734,0.6493876645648701,1.4767428732671828,4.079514199622447,16.847747116087398,16.011042294843556,11.324141910299836,B
g3672,HiC_scaffold_1,9237184,9238087,0.9662455152101734,0.6645215651289519,2.95272964140406,8.572996311298027,7.204210183408597,4.762747133267107,B
g3675,HiC_scaffold_1,9240783,9241932,0.9302556893124972,0.2105796133119871,0.6515979979867524,2.389095537430652,1.099928010062654,2.494555052128131,B
g3676,HiC_scaffold_1,9242532,9243606,1.5739655806552926,1.160761677487375,29.262139076365017,11.647311825221395,11.706435723035003,35.20287832563538,B
g3677,HiC_scaffold_1,9245027,9247249,4.856714000644609,0.0,10.40254500687444,22.969427395654208,49.09621988969447,138.93700179715069,B
g3678,HiC_scaffold_1,9247413,9251346,4.782446762747291,14.1627441107294,15.467992688563603,18.579632384156163,16.243637179190067,20.49931007503334,B
g3679,HiC_scaffold_1,9252588,9253266,0.9004873422982356,0.1209898599123297,0.1060688426833923,1.18099916335318,0.6380091179936531,0.3915281559422745,B
g3680,HiC_scaffold_1,9255395,9257210,89.9752439261637,33.60528532897537,62.61241035572415,26.12840589554431,40.33607990077634,39.724644638750576,B
g3681,HiC_scaffold_1,9258676,9260431,334.1977390614516,58.63145579643246,169.76879855096388,53.633650816226165,74.90683676545179,147.67338553599123,B
g3682,HiC_scaffold_1,9260859,9262403,35.906639332828206,15.166412677197858,29.33637137478963,40.90614802852291,19.008541147861816,24.28800454833244,B
g3683,HiC_scaffold_1,9262574,9263363,31.085254284547773,20.30293355003756,14.029804807733353,19.51582868341073,16.246087199686066,14.019134899409996,B
g3684,HiC_scaffold_1,9263577,9264312,26.439094705101624,3.0612684800431555,10.111116058057616,7.981064444809085,5.871541378899769,12.227256258083258,B
g3685,HiC_scaffold_1,9264447,9265809,4.75301119889371,2.450876136926531,3.5779785843541747,3.317154827561274,2.395538417086348,2.260540845692657,B
g3686,HiC_scaffold_1,9265845,9267141,9.743330671151885,3.149272998872646,1.9862055937174024,6.184248983076652,3.9576098065438994,2.6395807732363314,B
g3687,HiC_scaffold_1,9267528,9268508,54.29758856878461,22.675075945969528,15.601642214669404,53.958899989958105,42.710518255978,60.729184982001655,B
g3688,HiC_scaffold_1,9268676,9271311,0.5393007438955985,0.2169673031061681,1.308496274536202,3.126142535946988,1.8593196888311287,2.2200338940974045,B
g3689,HiC_scaffold_1,9271483,9274429,59.65394415975669,47.75704991898293,10.676134610767502,29.68757344720996,23.25726866717573,16.593470286879487,B
g3690,HiC_scaffold_1,9274660,9277764,33.969749216099395,15.2310767405458,13.73805391132584,19.131026654763925,12.096660865820324,17.929455652259872,B
g3691,HiC_scaffold_1,9278187,9279412,18.43047604041319,10.859203897069488,15.703810183273054,13.68270469744812,9.256757075143202,13.07205572729756,B
g3692,HiC_scaffold_1,9279530,9279899,12.345415026811883,6.02373101120798,4.148842250073491,14.249943368938776,10.40143160090518,11.082351789098794,B
g3693,HiC_scaffold_1,9280087,9284236,0.036682826979115,0.0194388989873441,0.0086665070305302,2.3153289607389684,1.605101029936502,1.9063122311052991,B
g3694,HiC_scaffold_1,9284490,9285057,8.963339874493222,3.337894865377208,13.165564292232936,9.02801731121003,5.801233055028285,6.073918431402595,B
g3695,HiC_scaffold_1,9285141,9285873,18.23902702778101,14.981244621724628,46.30677586529059,20.75414044880648,29.41934583155285,25.36820494981695,B
g3696,HiC_scaffold_1,9286123,9287439,54.79360589919244,14.939958041088593,46.31471474965242,31.314021227085952,27.841901263126665,59.76679695466677,B
g3698,HiC_scaffold_1,9294639,9296193,23.410739467009336,0.6210203581324043,2.419648559829272,2.3098418331141275,1.261059502295982,1.4679847727615043,B
g3699,HiC_scaffold_1,9296399,9297191,0.4301958656101523,0.0,0.5261199398011236,0.4246908068258996,0.0903175324519867,0.9580384003358804,B
g3700,HiC_scaffold_1,9297312,9298459,2.2279539538963715,2.6660325702556875,7.915706586641523,16.57404764250434,12.498291926350674,13.742896628338508,B
g3701,HiC_scaffold_1,9298555,9301768,118.01709452570114,16.943584220457428,15.837128878167396,18.027627670505545,16.177598389969575,41.515878033503,B
g3702,HiC_scaffold_1,9302645,9303719,468.27979073933056,263.5693380540233,239.3232933938813,361.24760970332034,312.9394535113537,460.70013076608944,B
g3703,HiC_scaffold_1,9304828,9307548,10.429008141793052,12.799621502926913,28.858118097759743,27.48423802167384,21.048495096124054,35.51243730233341,B
g3704,HiC_scaffold_1,9307744,9308641,62.65093565532909,81.62913490524542,28.386180340944065,57.41557355397608,47.02588215594509,32.18481640618149,B
g3705,HiC_scaffold_1,9309945,9311745,0.3173664304324831,55.00019115513112,10.39023683105786,0.0,0.0,0.0,B
g3718,HiC_scaffold_1,9336675,9337508,0.0983185071940234,0.0,0.0,0.0684488809220503,0.0,0.0,B
g3719,HiC_scaffold_1,9339016,9340314,0.1323822212601783,0.0,0.0,0.4345348085906323,1.0935311740553235,0.1807932627025311,B
g3729,HiC_scaffold_1,9367882,9368680,0.0,0.0513979480078693,0.0,0.0312338345413445,0.0,0.1332160883071282,B
g3730,HiC_scaffold_1,9368896,9370080,2.017112121974732,1.0453669477123817,2.918342790449296,6.781819631979377,9.69049772877987,5.297558253968972,B
g3731,HiC_scaffold_1,9371992,9373177,3.292769123519502,2.44320414313356,8.021216486143084,10.774457662753836,17.34759745215243,10.790443335220036,B
g3734,HiC_scaffold_1,9382383,9383566,2.511481010874049,0.4000870721595906,0.9693806573042864,1.4834037093773855,0.6811818854308598,1.9661173718352147,B
g3735,HiC_scaffold_1,9383866,9385045,14.550248762120653,0.1008560544229295,0.0,0.1519656917781784,0.0224227534611689,0.2697110229649611,B
g3736,HiC_scaffold_1,9386438,9388052,18.59830428160894,1.643037051298467,2.1168559254762807,0.0,0.0,0.0,B
g3737,HiC_scaffold_1,9388835,9389349,5.370660183353063,4.188387046233262,6.835350257896199,1.5039796499633349,2.8005209288384547,1.9819067998721127,B
g3740,HiC_scaffold_1,9395892,9396362,1.093971438632122,0.2993836679582465,0.7795791808731978,1.808174986235336,1.376685099645254,2.195534552826804,B
g3742,HiC_scaffold_1,9399289,9400474,0.5779634777329681,0.3068552996660287,0.8125110783634817,18.73238616074855,20.75764170681942,14.50948730130382,B
g3745,HiC_scaffold_1,9407417,9408602,0.2583428859118204,0.0680607526569544,0.4221044149259361,20.527127422814345,24.03023481618012,18.80719940283358,B
g3746,HiC_scaffold_1,9410334,9411569,0.1659005400927436,0.0344066227328223,0.2170979738225842,11.56598644584792,4.729874022133743,6.496852169638361,B
g3755,HiC_scaffold_1,9440313,9441480,6.024605229462694,0.0,0.0,0.3284144825852079,0.1169178927654139,0.2730156889146583,B
g3756,HiC_scaffold_1,9442870,9444493,8.445494164672862,0.542375998319815,1.3371117554595278,0.8409285722557993,0.6972490153471342,0.8179854929686811,B
g3757,HiC_scaffold_1,9445858,9446344,1.861051825419828,0.0,0.0,0.4712278817581447,0.0565878366905966,0.0,B
g3758,HiC_scaffold_1,9446768,9447503,21.92432493037684,0.0,0.0,0.0339110203591741,0.0374172634443945,0.0723173050810124,B
g3764,HiC_scaffold_1,9457283,9461186,0.0,0.0206641024592597,0.0090071967070544,0.1892043475491163,0.2148869940222073,0.2584348295364859,B
g3767,HiC_scaffold_1,9466109,9466748,0.1630620680600075,0.0,0.0,0.109318420894706,0.2318984765852468,0.0,B
g3768,HiC_scaffold_1,9467574,9470607,0.0,0.0148124097184108,0.0,0.0568339416930878,0.0099319930052834,0.0,B
g3769,HiC_scaffold_1,9471423,9471732,0.372229442131607,0.0,0.0,2.288930423005976,0.2566643333079431,2.059186403220831,B
g3773,HiC_scaffold_1,9482149,9482697,0.4304446445649565,0.0,0.0,0.1157980109928523,0.0619407401613287,0.1197144577354598,B
g3775,HiC_scaffold_1,9484766,9485315,0.162603684974731,0.0,0.0,0.2130307689230168,0.1152523823981797,0.0,B
g3776,HiC_scaffold_1,9486170,9486479,0.1259558998397812,0.0,0.0,0.3327787500377117,0.1745570063506411,1.3731253545138424,B
g3777,HiC_scaffold_1,9487387,9487935,0.5259509871688165,0.0,0.0,0.1157980109928523,0.0,0.1197144577354598,B
g3778,HiC_scaffold_1,9488788,9489097,0.1259558998397812,0.0,0.0,0.1663893750188558,0.0855547777693143,1.0290915730604822,B
g3779,HiC_scaffold_1,9489682,9490512,0.2446419961033131,0.0,0.0,0.0836005152533763,0.0,0.0,B
g3781,HiC_scaffold_1,9492581,9493129,0.1674691509805483,0.0,0.0,0.1122729728107791,0.0,0.2387307027595263,B
g3782,HiC_scaffold_1,9493981,9494290,0.1259558998397812,0.0,0.0,0.3277136466304609,0.0,0.6860610487069883,B
g3783,HiC_scaffold_1,9496011,9496559,0.1713930733517435,0.0,0.0,0.0596615245874628,0.1810237416510501,0.0,B
g3857,HiC_scaffold_1,9687584,9688387,0.100753798150899,0.2167003396679047,0.1429068648277787,0.7663380564892834,0.8441076935220637,0.791416529393318,B
g3858,HiC_scaffold_1,9688469,9689060,0.0,0.0670667163929125,0.059484075715116,0.1291690640352274,0.0447316858387785,0.0899377652022743,B
g3860,HiC_scaffold_1,9692570,9693710,0.1319779189504715,0.352527040675778,0.3749796556367174,0.3566834949018334,0.2347017984297517,0.3261074808753951,B
g3865,HiC_scaffold_1,9707722,9708082,0.0,0.0,0.0976530242989821,0.0,0.0,0.0,B
g3882,HiC_scaffold_1,9752208,9753564,81.34642111005985,51.57270329221159,42.32961622689712,41.94578051942848,50.43291495103274,40.82372120977203,B
g3883,HiC_scaffold_1,9753750,9754559,15.444173075804464,2.0811286800369984,4.113580266827832,10.051236255056107,7.908208528330143,8.37741939758223,B
g3884,HiC_scaffold_1,9754610,9756599,15.774319041830568,11.012943181775256,20.06725849245783,18.669519282964544,12.32949480583586,25.84411640848721,B
g3885,HiC_scaffold_1,9756754,9757453,2.4407997531031205,14.994248896408315,6.916799352581697,13.31502812380267,9.18564550088877,9.036112878453295,B
g3886,HiC_scaffold_1,9757502,9759578,9.537088119996277,39.45489328682661,9.796481488559133,16.39450278950439,12.076896000377491,11.915332116476256,B
g3887,HiC_scaffold_1,9759660,9761883,5.41394512325399,6.417258704517158,7.5755706240185745,15.813569364352034,9.528521935614844,16.767912614655742,B
g3888,HiC_scaffold_1,9761888,9764443,7.659146439351529,10.32410825490144,9.387832761622224,13.858314201686191,9.284414809340088,11.562570674506125,B
g3889,HiC_scaffold_1,9764519,9769836,0.4236890206944803,0.0693453184294055,0.0758340986883218,2.6658734233045376,0.906238872150626,1.6784949123897477,B
g3890,HiC_scaffold_1,9769932,9771933,0.9588878597342864,1.616879148746801,1.0521928755971022,11.3905390707603,9.613124532250392,13.73238202045522,B
g3891,HiC_scaffold_1,9772308,9774033,0.33136814204505,2.763920592877496,2.208538800764625,4.579143997804748,6.664507433673352,5.013069213742719,B
g3892,HiC_scaffold_1,9775157,9775984,1.3766094373102171,8.776744111253985,5.711046910268941,18.68477008415537,13.113188440841723,13.534226704658051,B
g3893,HiC_scaffold_1,9777057,9779443,26.27552210121308,18.220489947634952,22.01497964342233,39.81828514489246,29.891486376356177,35.179684913679104,B
g3894,HiC_scaffold_1,9779798,9780758,645.5051163120758,71.69101387573176,79.96014549588745,152.66177470321648,73.9883806647021,261.52526230075466,B
g3895,HiC_scaffold_1,9781777,9786404,0.0,0.0091084971153186,0.0,0.0,0.0,0.0,B
g3896,HiC_scaffold_1,9787309,9788360,7.831863443066895,21.89491999185972,8.614157873242148,32.40835340797343,31.828626416152545,61.90030690862834,B
g3897,HiC_scaffold_1,9789446,9791642,17.149433234490722,33.95435333168615,7.892378665944944,35.43327042553723,28.38315819136545,54.99133082554504,B
g3951,HiC_scaffold_1,9890920,9892393,26.79064734629167,6.963757640393311,9.329496113254848,14.123170792188294,8.876445394992015,12.791237100010791,B
g3952,HiC_scaffold_1,9892658,9893504,3360.760823643695,4502.663302971523,3406.135307785285,3956.871982901928,4070.743602418034,3925.42286563131,B
g3953,HiC_scaffold_1,9893926,9894997,1.7335973884039184,7.071080488903359,13.29581126428672,35.54414140015476,19.680799870090105,25.89722213329707,B
g3954,HiC_scaffold_1,9895136,9899287,10.254528959457051,16.64020223929412,20.41998665210024,28.16423399247668,16.78739095037529,21.190343129291143,B
g3955,HiC_scaffold_1,9899468,9900586,1.4858641016318237,1.1477019469436776,5.545544947114431,11.96607074140133,12.14231655482325,14.716229926830351,B
g3956,HiC_scaffold_1,9900703,9902677,1.877496871283685,1.035219872721313,4.227802427815458,5.55385073258001,4.710567892371893,5.702954535049802,B
g3957,HiC_scaffold_1,9902786,9904483,1.171070374864054,39.55258807195794,20.79679699780489,17.165214161412216,11.974192609121566,6.8372530860816845,B
g3958,HiC_scaffold_1,9904654,9905752,0.5174185810219398,0.0,3.4332976767205152,0.9804830788630918,0.3458081323663574,0.4840912498592364,B
g3959,HiC_scaffold_1,9906175,9907910,8.071116157974693,2.361166450129192,1.295565696718515,5.007837241084199,3.7482774832589016,2.969805035618097,B
g3960,HiC_scaffold_1,9908135,9910004,9.02593972855822,6.467707251428135,2.74205895964584,5.042269702297393,5.093854890750574,4.118569603664679,B
g3965,HiC_scaffold_1,9921145,9922199,2.3739500471222827,4.611016525918291,2.8369129636486,9.37638412665291,5.831632114274939,4.924304609038069,B
g3966,HiC_scaffold_1,9923080,9924880,0.1052084448077944,0.0227864236168221,0.1780039129660467,0.8006477720088787,0.2544118589052794,0.2951234366119905,B
g3967,HiC_scaffold_1,9927601,9932307,16.55256323252671,38.49129638280055,116.54222335274474,153.78468996726966,111.92804614337538,169.9862368072144,B
g3972,HiC_scaffold_1,9940776,9941462,13.194991868591792,4.566218454367805,6.458827527878034,19.52193639358088,14.026575481457009,26.155663885983305,B
g3973,HiC_scaffold_1,9941591,9942182,24.666603336345307,36.34636739249322,31.594699292495694,33.83343316767739,23.89058313471374,30.019002652452563,B
g3974,HiC_scaffold_1,9942435,9943927,47.37602766250048,27.999954890536884,6.145355768137328,26.525603171760032,17.897596086034056,13.524708791818671,B
g3975,HiC_scaffold_1,9944367,9944668,87.05165412294284,323.3501621175503,192.69228637815348,94.83689535876948,79.6262027806674,51.22021012897712,B
g3976,HiC_scaffold_1,9944687,9946031,211.61267714286453,498.48184116204425,423.1843899002933,174.26419678257946,192.55923025116925,144.48651850874856,B
g3977,HiC_scaffold_1,9946744,9957038,4.523168269850826,0.5458318039235683,4.092359615735212,9.104583254680584,5.325962305227777,22.72452542266196,B
g3978,HiC_scaffold_1,9957143,9957992,9.378950635634432,1.5463385839703416,4.666578504968399,3.115744789825553,1.2522736086539124,3.686864507948429,B
g3979,HiC_scaffold_1,9958106,9959553,10.08406312873565,1.619856713049201,5.373936664543388,3.0574566149451115,1.4025656677105856,2.864910939079959,B
g3980,HiC_scaffold_1,9959623,9960173,256.2375538988585,40.164572758249165,56.46171797857666,27.932176970480555,31.031089003846425,31.69569758806852,B
g3981,HiC_scaffold_1,9960360,9962125,72.93581160145592,19.29107640186773,6.441203118825059,36.70020838072063,25.09618922507645,20.33162664050768,B
g3982,HiC_scaffold_1,9962267,9962642,2.9045301560475867,0.0,1.0218030304320878,0.6591579087285444,0.1762928758437819,1.530285108267056,B
g3983,HiC_scaffold_1,9962758,9963421,0.0,0.0,0.1866467884968597,0.3312024062278357,0.3525266568383579,0.5564117166678724,B
g3984,HiC_scaffold_1,9963782,9965765,0.7666304941153161,0.039976227320435,0.3227492878243732,0.5633025309140784,0.1221325699344985,0.1605140204334582,B
g3985,HiC_scaffold_1,9965834,9966377,10.381577574835289,22.484728190748484,18.943596212323605,31.376932370783656,24.36958690191669,20.055231756252745,B
g3986,HiC_scaffold_1,9966492,9969136,11.516061816705108,14.330156336059543,21.227935113460987,21.92902683520331,15.700164382799692,20.6012619239448,B
g3987,HiC_scaffold_1,9969392,9971807,32.224947747237536,26.13045666872683,25.69711860400291,25.46181101269829,18.432276655275565,21.5648599317636,B
g3988,HiC_scaffold_1,9972441,9974148,19.06427207746429,35.85995698574378,66.37481833500006,76.79165801315378,46.77031639776363,75.71273467186698,B
g3989,HiC_scaffold_1,9975155,9975689,34.163661592140535,156.69528916479706,90.06615432742706,200.49104201591803,183.54229969106723,357.9827145098776,B
g3990,HiC_scaffold_1,9977840,9981010,22.355413789737497,21.14898975595756,17.721367019154414,28.385819280579604,19.383277815168228,24.53711282646921,B
g3991,HiC_scaffold_1,9981180,9981737,20.574046378930703,12.705532539815778,8.779584141745993,23.63412131046632,9.21900408476596,14.00190395266075,B
g3992,HiC_scaffold_1,9981785,9982779,34.58751848569516,29.456941680374644,6.600776237413857,40.32401095478065,21.722711822903825,25.11454119523017,B
g3993,HiC_scaffold_1,9982905,9984388,11.537355168233766,6.814926119662287,2.00132565802969,37.34202846028751,13.097043198311038,17.271397358986643,B
g3994,HiC_scaffold_1,9984458,9986024,50.17986817996113,20.224345251073856,5.994392462052923,58.9488097011477,23.647622181735656,32.33692482374639,B
g3995,HiC_scaffold_1,9986232,9992225,0.3842233817792808,0.2033003519026997,0.1024803719001919,3.62408937011584,1.2663180765209292,2.137528901949504,B
g3996,HiC_scaffold_1,9993706,9996091,6.604047112821484,2.5172941008429124,6.94563017796374,7.647828609010657,3.2858744121015,3.849969245488561,B
g3997,HiC_scaffold_1,9996266,9997208,11.253646809162849,40.76190172336935,55.21179836693646,46.8060909807287,34.15677650583018,27.957639236079224,B
g3998,HiC_scaffold_1,9997410,9998067,22.77554611172805,44.0512220600604,44.47242392598077,94.75347917414516,53.43182781332824,46.21560208660806,B
g3999,HiC_scaffold_1,9998857,9999233,15.496377058904724,2.2171411223925714,3.436865829210925,2.1970677392645337,1.9898107474918567,1.530285108267056,B
g4000,HiC_scaffold_1,9999298,10001618,13.488434368335312,10.299865709885108,12.544239911473852,14.839750350946826,13.978787665637626,8.081517793142076,B
g4001,HiC_scaffold_1,10001974,10002863,30.807944592591728,146.14031963088456,78.60637629862879,179.18622089432995,503.9063317657586,73.51113759102759,B
g4002,HiC_scaffold_1,10002933,10003545,19.538173960007697,9.986311525651033,4.869777644036698,10.236280724534591,11.31883043041906,9.80056143712305,B
g4003,HiC_scaffold_1,10003595,10003859,12.7579205196562,7.181861273392329,5.393382674962668,11.850625061544193,12.334589963129297,6.233256633196433,B
g4004,HiC_scaffold_1,10004311,10006312,9.754900761819943,6.863690997995262,15.324035491711498,34.290457317114104,24.00926186730767,22.60232237836791,B
g4005,HiC_scaffold_1,10007156,10010489,23.05762938013912,34.01176746299996,47.8377986015518,30.821500383642626,24.818059780498743,35.04888994848109,B
g4006,HiC_scaffold_1,10011796,10012723,25.77609713531554,0.6502925993048332,0.4999289591106017,2.352835387024345,0.9036015915509856,0.9734247046513658,B
g4007,HiC_scaffold_1,10012785,10013393,25.257728974710894,18.028355079114515,19.489841742612093,31.28690019013679,23.52969279975373,26.38399957255196,B
g4008,HiC_scaffold_1,10013671,10015267,17.62328256262959,68.71514767372318,27.61262189000801,87.95086328198713,63.82405939409913,45.181451392105856,B
g4009,HiC_scaffold_1,10015453,10016786,13.933833966250951,5.389491739166635,3.4494251935487488,15.303297598959372,11.955383078777926,15.269333558937396,B
g4010,HiC_scaffold_1,10017773,10019553,56.01663347692688,31.39248123051909,44.23499591257838,10.782832415190274,5.685864248993282,6.790725207255576,B
g4011,HiC_scaffold_1,10019723,10022469,7.563540965094873,8.185514386597628,9.74818201986631,11.587861367230031,7.931479584080631,10.60415579827841,B
g4015,HiC_scaffold_1,10032496,10033030,12.52968538964838,10.618174902509054,2.6739031288395623,118.32790152567176,77.92554905164127,24.32930351033953,B
g4016,HiC_scaffold_1,10033529,10035213,54.05350088311893,19.458917009905623,15.764011742606424,4.912713578951627,7.361899925252287,6.80910038705474,B
g4402,HiC_scaffold_10,981070,982444,33.034664939006056,295.97030538325816,67.50735306207486,61.2909723069468,50.616761213706994,37.085275815274514,B
g4403,HiC_scaffold_10,984301,985336,28.3201379561229,47.5516402206118,44.53651478165157,28.15888299566065,37.47603971066831,36.153399451863166,B
g4404,HiC_scaffold_10,988988,991109,17.694108554707043,9.661237012519926,8.775337757319774,22.45177761571928,15.46120695540004,20.54374884063485,B
g4415,HiC_scaffold_10,1012546,1015215,2.5506184183794804,9.008520429701823,7.540706713433929,0.032419489720208,0.0,0.0,B
g4416,HiC_scaffold_10,1015717,1018801,4.048521344917592,3.400544440475909,6.635562144120868,3.540215705888992,2.5860028554705536,4.27536872612893,B
g4417,HiC_scaffold_10,1018953,1020996,44.58127515017813,29.15360080786815,30.121995881876103,17.739449056502888,17.480160623688136,23.619625554731584,B
g4418,HiC_scaffold_10,1021158,1024107,4.038535582223761,3.037444562382056,9.92026943728088,2.904355831390692,2.353524603236544,2.7999768104792344,B
g4419,HiC_scaffold_10,1024195,1024927,5.142436658231427,1.5947885011543963,7.423611685803893,5.561801921562553,6.792204832300866,13.051829479082198,B
g4420,HiC_scaffold_10,1025026,1026115,14.93496565582694,48.81452043461282,35.90297535506365,27.560658764060044,18.19687631405686,22.665249074088564,B
g4421,HiC_scaffold_10,1026804,1028124,4.887956890280946,80.01781758345159,189.29225698171464,37.87626040620962,67.51325736486376,44.487340257217504,B
g4422,HiC_scaffold_10,1028209,1029508,7.187767836091906,1.3006577602017764,2.870044471836182,3.271789640758965,2.0370773056641984,4.57572006231962,B
g4423,HiC_scaffold_10,1029735,1030881,63.0032028778154,26.83400226449016,9.636955973963833,28.019112789167835,18.07763638656261,14.747200747599738,B
g4429,HiC_scaffold_10,1040555,1042043,6.328288566342192,0.3242828079763965,0.4779060915141369,0.8470654046079762,0.4904317509698033,0.9632237101273792,B
g4430,HiC_scaffold_10,1042101,1042504,3.98365963453793,9.020699220892078,2.403057436703389,33.62275732224405,20.641479726096307,14.108833048268709,B
g4431,HiC_scaffold_10,1042627,1046591,0.581058723282041,0.4350659627231271,0.4421420739655999,1.3596651230570544,1.212378785870087,1.360103573806062,B
g4432,HiC_scaffold_10,1046599,1048573,9.429281817322137,1.9887254679365567,0.7188650114781792,0.7734439396638242,0.5909795727692054,0.8067003707848603,B
g4433,HiC_scaffold_10,1048880,1050277,6.671267344923328,37.29385912853832,55.36834801423692,45.14849509761829,43.51228846500029,68.38245021138593,B
g4434,HiC_scaffold_10,1050565,1054225,480.8856406722328,69.40243985387703,115.8528992032976,8.06452497994769,7.805578270768374,40.63651472830048,B
g4435,HiC_scaffold_10,1055383,1057466,44.55094259893416,33.63115079348617,24.15465832434976,16.694393297883547,14.00916010450558,18.404828372403628,B
g4436,HiC_scaffold_10,1057546,1059643,1.4415995824192835,0.9973463313650426,1.019640575131772,1.4346222340120711,1.0308944433464815,2.657767219137182,B
g4437,HiC_scaffold_10,1059649,1061222,2.2985805795346854,3.248459335557401,2.5243988486653803,1.7858256013603522,1.136546540807272,2.901638544260782,B
g4443,HiC_scaffold_10,1074642,1076505,0.0,0.0,0.0193007716960118,0.8261846490808682,2.1218846292973352,3.78696610938104,B
g4444,HiC_scaffold_10,1077456,1080543,69.82452107481254,54.92341414825728,51.44184668043189,30.773139083721823,43.9922995211106,24.486472984185514,B
g4445,HiC_scaffold_10,1083170,1084067,3.557314790707784,0.0,0.277920420202431,0.481096749333426,0.5423726833467613,0.4141053754226218,B
g4479,HiC_scaffold_10,1152564,1153458,27.924339736355968,2.7920294736991256,1.2816793197955496,4.741852568185086,2.147199956954655,2.9095052255147857,B
g4480,HiC_scaffold_10,1154432,1155341,2.018785145544811,0.2225737583138194,0.3146910929739132,0.8158358662154923,0.7097105114921383,2.5691216451457626,B
g4481,HiC_scaffold_10,1155459,1160800,0.5259783052538917,0.0669017670461097,0.022215690852016,0.182838184674669,0.1018788821648077,0.2486904913285622,B
g4482,HiC_scaffold_10,1160939,1161947,236.34250946545168,128.51689257893213,14.85090352095773,67.86217110268399,57.49359197941186,43.43725643161639,B
g4483,HiC_scaffold_10,1162142,1163608,37.71604819797747,23.4939288443942,14.529156275482372,14.170575426632418,12.665567439724777,12.756703651408072,B
g4484,HiC_scaffold_10,1165602,1167300,25.006286963859168,8.049309225446166,9.733666748486325,5.267614104257662,5.789110914689314,10.78781520439748,B
g4485,HiC_scaffold_10,1171013,1173266,1.1728991129571091,1.633222680268568,2.0530478086164567,2.4286338017869147,1.6974167114168477,2.2140889660483025,B
g4486,HiC_scaffold_10,1173401,1175120,7.452424506630935,0.0,0.8464205179334472,0.3253618486781437,0.2485421003462115,0.4328941647955894,B
g4487,HiC_scaffold_10,1176747,1179135,98.86164843857868,27.585290350512985,43.49308107669297,26.203240798422243,35.505001660745755,50.12326043550622,B
g4488,HiC_scaffold_10,1179460,1179901,25.090899834694664,8.545527186566861,6.285215719797655,9.55293367419975,6.492020730630608,10.352124108248262,B
g4489,HiC_scaffold_10,1180037,1181642,184.33684888991732,87.28094585777909,58.51538703505481,71.01532447360229,46.59655407393383,52.18642836711517,B
g4490,HiC_scaffold_10,1183080,1184436,11.340501568361551,44.52933626216722,6.532973235212044,17.785364695009612,14.525091199118648,1.6816506766517714,B
g4491,HiC_scaffold_10,1184578,1185649,4.977012573269178,8.855070289835522,8.023852329995036,18.90136305281773,17.13559979752312,21.56031713778304,B
g4492,HiC_scaffold_10,1185818,1186598,2.677376758708669,2.6830953717879007,1.9678641472914105,31.19382255987589,3.218955771155727,13.274791707237071,B
g4493,HiC_scaffold_10,1186732,1188248,4.848496549315357,8.954774798920607,3.8851030340486616,5.108174396164117,3.2655196756866167,4.8695982616345415,B
g4494,HiC_scaffold_10,1188315,1189995,6.272395130786643,21.1619044831786,12.451923193059384,18.690233616954515,19.52443464788436,23.91275930926125,B
g4495,HiC_scaffold_10,1190436,1191346,22.588647700449524,22.425459216248868,7.617555189329407,59.08198846324628,50.92240474371384,40.0986538415473,B
g4496,HiC_scaffold_10,1191563,1193324,2.402371087374476,0.0240701657924177,0.0417326446110936,0.1490266141422836,0.0155143347011256,0.0623864075522818,B
g4497,HiC_scaffold_10,1193508,1196767,5.891705079067287,50.54785349504965,25.18576886747336,30.4754171399658,24.287575468845738,24.12172794761957,B
g4498,HiC_scaffold_10,1196801,1198793,2.550513928737127,1.3589323079964628,2.634870950216522,4.998836861228238,3.1529313397225907,2.9145688233413427,B
g4499,HiC_scaffold_10,1199989,1200631,8.272923249185192,3.462237917656923,9.576973541853008,1.5943784840467412,1.5717139890389633,2.3133801777704828,B
g4500,HiC_scaffold_10,1200842,1202311,5.672436843365277,0.5486530061121844,3.628574840981007,4.271160605979386,1.6558253660525453,4.848058743392309,B
g4501,HiC_scaffold_10,1202477,1202953,279.37754855551964,187.9138526365861,211.47711313029492,508.9183044017041,462.4713169816939,390.8844519152972,B
g4502,HiC_scaffold_10,1203077,1204079,25.660087023674144,30.77096423981912,41.11112661651461,15.670606498604702,17.297649063901446,17.21587399417367,B
g4503,HiC_scaffold_10,1204228,1209565,14.676613483328389,23.90931665994339,19.01629207514361,16.55151093128753,12.917096461828269,14.79096642910674,B
g4504,HiC_scaffold_10,1209720,1210542,79.23135493440458,5.439608983502453,6.709030617384661,7.865651727591187,5.350881257897292,5.356492720242242,B
g4505,HiC_scaffold_10,1210847,1212169,10.917839356031523,9.460051070488966,13.087765569640172,10.72432192472824,9.435262874831096,11.916650266572958,B
g4506,HiC_scaffold_10,1212245,1213370,58.96847479523072,13.318844616608205,21.775976568997365,9.738513400171648,10.957624260850444,14.81608922856258,B
g4507,HiC_scaffold_10,1213639,1214492,5.35510595376377,4.81448180204713,13.764590993807834,25.353209096477823,21.41000197863508,26.86004646179545,B
g4508,HiC_scaffold_10,1214644,1216977,54.02878746791848,26.768915264047948,24.6034506815353,13.021376683581051,10.950796496829447,12.611694965987272,B
g4509,HiC_scaffold_10,1217141,1218590,11.35640182419233,6.755596716846568,11.068754888089114,19.3689053477774,11.558764163679763,8.388691991473642,B
g4510,HiC_scaffold_10,1218900,1221202,13.094812316958963,23.553984626762887,41.53095405415107,23.16895064538249,20.20864699688238,22.299795184604783,B
g4511,HiC_scaffold_10,1221444,1222761,3.769878528662546,5.867672482190639,5.073324617117178,4.972504160951761,3.061909405606331,3.559832549443791,B
g4512,HiC_scaffold_10,1222910,1225040,1.8552759578060327,3.536843614523135,4.411039629936705,7.003650735058303,3.9595506178216313,9.03524942455054,B
g4513,HiC_scaffold_10,1225043,1225984,3.3787116922728515,0.1018333231041554,0.4721488956848119,3.309634256520548,1.2906073592579983,6.901643182739907,B
g4514,HiC_scaffold_10,1226103,1227146,27.935181831299964,6.49925917472688,2.1636834283697857,34.671443840873486,17.44556114676042,21.89843940338366,B
g4515,HiC_scaffold_10,1227226,1228285,7.610488477600915,20.3175209731382,13.942504382376711,35.99524032457196,17.15823648435242,27.57004753466216,B
g4516,HiC_scaffold_10,1228391,1229740,1.660066001947691,0.0,0.1437221584477344,0.7061746304548553,0.3782931841787375,1.18649469969189,B
g4517,HiC_scaffold_10,1229965,1233589,3.5517488159098987,2.0184898884930167,1.7118943651267349,5.030037133885463,1.8016912848878044,3.8577789161174296,B
g4518,HiC_scaffold_10,1233628,1235399,2.933772865269681,4.222764246413711,4.203919722336775,18.546792223161567,9.61535890615151,16.208573236216665,B
g4519,HiC_scaffold_10,1235632,1236144,24.08927710086711,9.682480936183527,8.668684154677463,6.748009981224099,7.846401115823326,4.303436564074014,B
g4520,HiC_scaffold_10,1238213,1238561,0.0,0.1138977855983083,0.0,3.657577547120512,1.7900904535036863,1.6783488468168637,B
g4535,HiC_scaffold_10,1273129,1273537,0.0953930712021873,0.4891207844684437,0.0,0.2443588231764017,0.1295903251505791,0.0,B
g4536,HiC_scaffold_10,1277638,1278333,4.850051728495222,1.199075844656266,3.5605474107373327,25.72891925504704,18.916309966605382,25.414628670115302,B
g4537,HiC_scaffold_10,1278374,1280645,4.536992550457926,1.2712118497934206,1.3000304137829823,3.0857612165380424,1.9731944478549288,4.556780012862881,B
g4538,HiC_scaffold_10,1280737,1283013,3.698745658222686,5.343891980141252,7.753038557406246,10.863613601347751,9.526923430350813,10.621583325637337,B
g4539,HiC_scaffold_10,1287608,1288184,0.3933217919647773,1.891478224289347,2.534392992812178,0.0,0.0,0.0,B
g4540,HiC_scaffold_10,1288627,1289221,0.3129474033474893,1.0792567943126654,0.7169567501376852,0.0,0.0,0.0,B
g4541,HiC_scaffold_10,1289256,1289856,0.5634796778745949,1.485515517082679,1.6060464613046035,0.0441495281947224,0.0458361477193833,0.0,B
g4542,HiC_scaffold_10,1289872,1290721,1.553711703022896,2.452484747586832,2.5976000676452413,0.0,0.0,0.0,B
g4543,HiC_scaffold_10,1290736,1291102,1.658595560143668,2.0727013411592594,1.458317821286325,0.0,0.0,0.0,B
g4544,HiC_scaffold_10,1291326,1292196,8.537452134899258,6.459171100142076,8.524205792141382,0.0,0.0,0.0,B
g4549,HiC_scaffold_10,1308174,1310475,0.093257995794331,0.1144662058666731,0.0878030135196011,0.3220235982075928,0.1870675433127055,0.2600484497708722,B
g4550,HiC_scaffold_10,1310562,1312109,5.111157496183193,13.20713811146107,26.57073541977256,34.16218994072706,25.443374073675503,36.40023610268084,B
g4551,HiC_scaffold_10,1312523,1313849,0.0901166874191374,0.0,0.0,0.1214620793075886,0.2793399987316776,0.0,B
g4552,HiC_scaffold_10,1313868,1316752,0.6387876530420269,0.0289075239779537,0.0,0.1809148627567102,0.1933265769259789,0.1519662107888597,B
g4553,HiC_scaffold_10,1317248,1318127,0.0845919260925636,0.0,0.0,0.3154730756650781,0.2430283677446744,0.120587522213003,B
g4554,HiC_scaffold_10,1318277,1319144,0.0877722313358409,0.0,0.0,0.2677589209228827,0.1536878823004643,0.1835636116029686,B
g4582,HiC_scaffold_10,1366776,1367471,6.893417075473832,2.0383660532574464,5.629620924422915,1.918718308406079,1.805412690330284,1.3971373143624324,B
g4583,HiC_scaffold_10,1367826,1369785,3.663349509271856,1.0619715119428008,1.0739323360008823,1.0951073284426476,0.3984199966833486,1.5713305864960088,B
g4584,HiC_scaffold_10,1369877,1372153,3.5261011937359283,5.471079154975799,7.518483976559751,4.247519135976182,3.8415437973064206,4.915573471542742,B
g4590,HiC_scaffold_10,1388463,1389980,0.212582296543369,0.1924868541730097,0.1716340700222912,0.1251974419635325,0.1741831716405155,0.3375463281979136,B
g4591,HiC_scaffold_10,1390067,1391777,3.7714662891354873,9.321986610018564,21.061466978814025,10.60958005189248,8.368279007772173,10.90868252090627,B
g4592,HiC_scaffold_10,1392006,1396238,0.437984108955687,0.0,0.0,0.1161515394499541,0.1561779471260223,0.1019686695769405,B
g4593,HiC_scaffold_10,1396738,1397617,0.0442780125716637,0.0466616183279633,0.0,0.1471198528765488,0.1215141838723372,0.0,B
g4594,HiC_scaffold_10,1397766,1401468,2.367400695677569,0.348949487708786,0.3472823927514098,1.902564107927446,0.7687566032937625,0.9171517816558062,B
g4595,HiC_scaffold_10,1401943,1402906,1.863357323693593,1.951673705826328,0.4422350047578245,0.0,0.0,0.0,B
g4596,HiC_scaffold_10,1403007,1406475,0.2812407863678714,0.1623946972800949,0.1128948874729492,0.0,0.0,0.0,B
g4597,HiC_scaffold_10,1406931,1407522,6.285769765783499,0.4047338569396554,0.4231757459282861,1.932239456457886,1.0558658885282484,0.3592265152188121,B
g4598,HiC_scaffold_10,1407763,1408777,2.117642195041216,0.0544695385262679,0.0944388133031919,8.937574773071008,0.6180586748152537,2.1147762708224627,B
g4599,HiC_scaffold_10,1408893,1413738,4.796703058523958,0.7031071592895458,5.926929869389622,11.901627749246003,4.459117268041638,9.60947428568577,B
g4600,HiC_scaffold_10,1413903,1416375,25.39734354759073,13.714753155127896,5.095641790073483,12.293739194928332,8.458948116334195,9.637282988660733,B
g4601,HiC_scaffold_10,1416568,1417360,67.2104019242425,52.05250007351965,59.75046470412428,50.25055359389718,40.99951431621516,44.03742944705503,B
g4602,HiC_scaffold_10,1417575,1419324,75.04515013920303,23.44763095469324,93.24504994912456,25.213980532415224,28.945265756573843,19.787940708640875,B
g4603,HiC_scaffold_10,1419835,1422490,3.4200058474847737,4.66773035402119,4.197641652839065,5.098147761622262,3.521760255634863,3.740362263648911,B
g4604,HiC_scaffold_10,1423398,1427985,5.817153341522403,13.846698484452858,7.265314162493318,18.82746486098341,14.725047720418496,17.027967017244087,B
g4605,HiC_scaffold_10,1428144,1432698,3.782769783983527,4.304315891171714,4.558840828516563,7.798915341456668,4.663222081811208,6.978657689172241,B
g4606,HiC_scaffold_10,1432905,1439981,5.437431019378041,1.8679279068162136,2.5181399034885548,2.805535002794659,2.375005962852072,2.8372196597357178,B
g4607,HiC_scaffold_10,1440064,1442647,1.6622024245981422,0.6260848770174321,0.8689329466574768,1.448769664091751,1.2520930596744344,2.095485162621604,B
g4608,HiC_scaffold_10,1442906,1444536,6.613498557977984,2.640667731640004,2.202717796071434,10.810710047056675,10.913647836296844,15.13427640573483,B
g4609,HiC_scaffold_10,1444896,1447675,0.9931308234947186,0.1552125403201088,0.0275852226081089,1.5054035666062917,0.5509337366544503,0.3052352344836475,B
g4610,HiC_scaffold_10,1448410,1449280,1.1330992831271756,0.0,0.0817384211693144,1.1406964586007502,0.4643715299622472,0.0610956542925794,B
g4646,HiC_scaffold_10,1514114,1514708,0.0,0.0,0.1197178895914201,0.0,0.0,0.0,B
g4647,HiC_scaffold_10,1514913,1516629,0.4651301848481487,0.1616870662689273,0.1033682643253151,1.3228761815387922,0.7556207946959084,0.6504764591640018,B
g4648,HiC_scaffold_10,1516781,1517861,15.920132613220655,0.5080045641965967,0.4178080071120599,1.6608397461390676,0.2883448744543689,0.6782839312917508,B
g4649,HiC_scaffold_10,1518044,1518851,18.35113153137361,11.81877419346314,6.332403720933192,12.427364479283412,10.163716158354475,6.461401341917803,B
g4650,HiC_scaffold_10,1519114,1523734,62.0225140545121,123.46610185816697,135.78548834131362,74.59370905260249,70.8089733447292,105.17444746691608,B
g4651,HiC_scaffold_10,1524331,1524697,6.156661122916511,1.979477579137572,12.22970387890695,15.477727561001362,12.01517558164683,25.96774871676522,B
g4652,HiC_scaffold_10,1524936,1526514,0.264683633940781,0.0762284038572258,0.2941928986169608,0.5173438544245003,0.4436820229465232,0.2690784163426083,B
g4653,HiC_scaffold_10,1527280,1528525,160.3346042251144,1292.0135365357985,1619.6534716343458,241.6861025314257,548.7505787698803,381.0706121365712,B
g4654,HiC_scaffold_10,1529068,1529764,271.8042671907885,128.93220455521148,449.00585515161833,68.45955055346937,110.42792745642964,115.4166505945614,B
g4655,HiC_scaffold_10,1531616,1532441,3.666752744324823,0.0579315854664968,0.1997494405544784,0.2926869837233705,0.1538721641604633,0.0,B
g4656,HiC_scaffold_10,1532930,1533263,37.23896414878908,48.53381384490696,80.17706347064971,71.32147033775746,57.42279134082565,60.1001294985788,B
g4657,HiC_scaffold_10,1533554,1533848,0.1264562976791895,0.1395087160213598,5.057629127166951,0.1695551017958705,0.3741726344439453,0.0,B
g4658,HiC_scaffold_10,1533948,1534404,0.1707033905723351,0.0,3.889910999610541,1.4826632301173053,0.7073759374411774,0.1165640772687371,B
g4659,HiC_scaffold_10,1534708,1537262,80.11511662020533,24.13781487697344,165.35305728525782,94.86269769654412,66.9055736641846,92.00396172436989,B
g4660,HiC_scaffold_10,1538009,1539521,216.19689008502172,90.95597719454231,146.2251733109754,93.18858506162346,83.38923291947391,21.79552118803455,B
g4665,HiC_scaffold_10,1562413,1563925,14.600638086430928,36.59984244587299,28.228862562698925,16.67625556488944,17.454640539059707,4.563285904658336,B
g4666,HiC_scaffold_10,1566227,1567739,16.152793318496883,113.2035358408117,55.65808550045331,18.169411559055646,20.759710050484337,4.772366101359751,B
g4667,HiC_scaffold_10,1568252,1569437,7.6316971724356195,42.59823292762678,92.46230672841176,35.426445357897315,95.23439599579514,63.33189004525888,B
g4668,HiC_scaffold_10,1569463,1574217,11.096802709050872,25.479269437332505,28.59410907802777,20.1662455424626,19.220872827551943,21.10588929967368,B
g4669,HiC_scaffold_10,1574334,1575758,1.8077427532671104,3.2606379535459107,6.854509525435876,6.698159146047717,5.367886913350155,4.005949970898968,B
g4677,HiC_scaffold_10,1602342,1603854,4.26804635835196,38.02434950838446,62.87164518954644,6.845683254336758,7.750723780858567,1.6853534780552466,B
g4678,HiC_scaffold_10,1606160,1607672,3.496577793993085,29.84330634832965,56.08330580852204,5.919444531557573,7.973793865841282,2.315259467478378,B
g4679,HiC_scaffold_10,1608187,1614178,7.076918855583564,20.53565543151128,30.58471833589397,18.891987561766427,22.33632973308214,21.01492948838684,B
g4680,HiC_scaffold_10,1614295,1615412,5.427415026066393,4.997478498636459,12.373913171800313,11.223305639951684,8.63540063813872,8.301441795191234,B
g4681,HiC_scaffold_10,1615558,1616908,11.081518038770156,2.409854746095732,9.19520798436346,6.151081623827395,2.6848195003603275,3.93107536997795,B
g4682,HiC_scaffold_10,1617082,1618249,16.034376551358562,73.47631424105974,281.8155290520622,90.1339986536645,80.62707198156622,100.71303709150364,B
g4683,HiC_scaffold_10,1618426,1619251,182.5366446538505,0.7804082449283155,0.6915198899181836,39.359496748482655,128.81298950672982,11.11826236452194,B
g4684,HiC_scaffold_10,1620643,1621468,81.97730082671728,1.759679823239806,1.631906191995817,51.34967294424704,80.83207011716917,23.731148076299284,B
g4685,HiC_scaffold_10,1621728,1622553,309.3755357161365,0.6329324214025326,0.2140335668608536,1.854576778283061,0.849933932740031,3.1543487241038224,B
g4686,HiC_scaffold_10,1622635,1623552,0.7145401367903677,0.0,0.0422034479690962,0.0292542253098509,0.0,0.0,B
g4687,HiC_scaffold_10,1623673,1624787,3.253747098006809,2.759841886718449,2.2807571003592253,23.79614717407141,17.040322374718144,20.166506307983266,B
g4688,HiC_scaffold_10,1625332,1627444,41.82685633462744,10.347335751465518,11.496128251580444,20.30498028323217,16.08747697778204,33.79034907871936,B
g4689,HiC_scaffold_10,1627472,1629886,19.660094379126967,5.715554753904512,2.5470761167538494,70.36118697492859,21.00166561433756,22.044353705366863,B
g4690,HiC_scaffold_10,1630401,1633266,2.538328370161428,1.429421305059672,2.0646366010418684,7.905677826317541,2.920068022960364,5.8316412239983535,B
g4691,HiC_scaffold_10,1633352,1636858,8.532165398719947,4.806561601528843,8.916360018470767,16.479955601242008,8.645572437785123,16.76714759271794,B
g4692,HiC_scaffold_10,1637118,1638171,9.733057659301195,15.934846422697609,13.326890286676065,27.314828844939942,16.779165306953658,26.365197435224385,B
g4693,HiC_scaffold_10,1638688,1638895,10.815500963267148,27.854723933241928,63.38475264953395,53.10986568070359,42.23816877007225,46.15878839623065,B
g4694,HiC_scaffold_10,1638966,1639886,3.934094604007148,8.109459892121967,7.944751646615288,11.689257410518412,6.276961810968561,8.569903918515703,B
g4695,HiC_scaffold_10,1640462,1642108,0.7225611424833297,0.8070434395219774,0.9198553017390136,5.253125631313913,3.529998185241224,5.250961042820922,B
g4696,HiC_scaffold_10,1643062,1645984,88.94503776015112,41.77002224535174,8.792534573415285,39.496157340519886,28.54899457818445,23.59512994010094,B
g4699,HiC_scaffold_10,1654464,1656588,30.230337970923586,0.339797800244922,0.2347406938997935,0.9572014693693272,0.890816889305947,1.0746178731858815,B
g4702,HiC_scaffold_10,1669570,1670437,6.409382370253199,2.268753674993756,3.034786363829564,2.6343994334656022,2.8337340098490422,2.141813843513957,B
g4703,HiC_scaffold_10,1671418,1675486,94.03729941205494,87.72655052642841,26.27681208776981,45.37437203615758,41.822654246879615,40.3783978774311,B
g4704,HiC_scaffold_10,1675626,1677240,0.3059289336596819,0.6716077600386556,0.1094037748824065,1.6854172514406949,1.3681951217803827,1.315191263010732,B
g4705,HiC_scaffold_10,1679106,1681578,2.792872623324997,2.218654696596817,12.69171113110434,10.99129156487392,8.920724367316856,6.739619958508843,B
g4709,HiC_scaffold_10,1693450,1695586,2.3771977938548403,23.05021324533809,33.035077174117966,4.660291558210568,10.219914864234845,24.234633671771327,B
g4710,HiC_scaffold_10,1696658,1697566,0.2283362272244213,2.608267997308881,23.66309931971577,11.610993933456657,6.315334846248646,5.449900423430322,B
g4711,HiC_scaffold_10,1698555,1699437,11.05305590245806,17.232877606094526,66.03592832241438,31.27226412564951,59.16721048133925,500.9005562885019,B
g4858,HiC_scaffold_10,2051678,2056955,0.0070453195978172,0.0,0.0,0.0,0.0,0.0,B
g5169,HiC_scaffold_10,2794147,2795322,9.2073016321535,0.035612245631816,0.0315858838702907,1.1996470098370595,1.2466103475366448,2.480563643987161,B
g5196,HiC_scaffold_10,2860371,2861004,0.0614855814383766,0.0,0.0,0.0,0.0,0.0,B
g5197,HiC_scaffold_10,2861349,2862192,2.894874793333339,0.0486542853028229,0.0426540185879833,0.0,0.0,0.0,B
g5198,HiC_scaffold_10,2862614,2862908,1.1558844498556722,0.0,0.0,0.0,0.0,0.1807932627025311,B
g5199,HiC_scaffold_10,2863291,2864142,0.6357241618851637,0.060329420682209,0.0547295854941704,0.1612768153231871,0.0804761836551541,0.1613339909059812,B
g5201,HiC_scaffold_10,2865277,2866120,7.009442578881098,0.1459628559084689,0.211366774026426,0.151545947480007,0.1618543070667118,0.1257371672897149,B
g5202,HiC_scaffold_10,2866962,2867706,1.774730833306153,0.0532747706830797,0.3361517014027112,0.1068133746646511,0.0,0.0,B
g5203,HiC_scaffold_10,2867717,2868233,0.8026866885521918,0.0,0.0,0.0,0.0,0.0,B
g5204,HiC_scaffold_10,2868769,2870445,1.6931035524250175,0.0261412125623198,0.2953691173330324,0.0496520291890758,0.2898314589718085,0.0,B
g5214,HiC_scaffold_10,2900047,2901319,1.3997447566465755,0.0634056540082476,0.3090597229561797,0.0195948112924473,0.0,0.0,B
g5215,HiC_scaffold_10,2901854,2903534,0.8302119303661557,0.0,0.2963017767387649,0.0148360714071386,0.0321060208109214,0.0,B
g5216,HiC_scaffold_10,2904167,2908755,0.1753018303804979,0.0,0.1967637332249894,0.006102215369001,0.0,0.0,B
g5217,HiC_scaffold_10,2909048,2910518,0.0264764442520356,0.0,0.0,0.0,0.0,0.0,B
g5225,HiC_scaffold_10,2926000,2928839,0.0299340994506294,0.0,0.0,0.0,0.0,0.0,B
g5226,HiC_scaffold_10,2929131,2929602,0.0789345042838253,0.0,0.0,0.0,0.0,0.0,B
g5272,HiC_scaffold_10,3014554,3016399,0.0,0.0,0.0190542486437038,1.407763052704397,1.0564926692416885,1.841612979534235,B
g5273,HiC_scaffold_10,3017859,3018366,1.2891073282671373,1.236116337186168,0.7669517530850132,2.543809219277976,1.2469235526764044,4.094630974557386,B
g5274,HiC_scaffold_10,3018857,3019218,0.9157343878103938,1.4145741627036836,1.1153100425726414,0.4435876171029372,0.2864759232461456,0.9217225337807712,B
g5275,HiC_scaffold_10,3019351,3021778,4.720244243567401,10.285323880982292,7.293250947817992,0.6573584426281256,0.765198412916283,0.7655058185653797,B
g5299,HiC_scaffold_10,3063460,3066943,1.3179277400564309,0.0588514170574778,0.2372715622990704,0.5205169296057458,0.1585908947643421,0.2757628223861112,B
g5303,HiC_scaffold_10,3073652,3075224,0.0,0.0252140136057323,0.0,0.0664082383679983,0.0518064908358639,0.0674277557412402,B
g5307,HiC_scaffold_10,3085984,3086371,0.297206453795004,0.2119667313192753,0.0,0.5796418596277436,0.2076861532120575,0.2738925892124798,B
g5308,HiC_scaffold_10,3086672,3087968,0.0286868453068531,0.0316478105789195,0.0,0.3522132593488241,0.3362391735358274,0.3271494815593509,B
g5317,HiC_scaffold_10,3102856,3103726,0.0427335074915881,0.0,0.0,0.0286489654758539,0.2176046362283613,0.3047656129712683,B
g5326,HiC_scaffold_10,3124771,3125062,0.0,0.0,0.4832314604485714,0.085651546268017,0.0,0.0,B
g5334,HiC_scaffold_10,3133424,3135666,0.0,0.0220202385490062,0.0,0.0,0.0,0.0,B
g5381,HiC_scaffold_10,3279481,3279855,3.7959844776538434,4.836177291067939,4.241287280385718,5.462675959994391,5.736819333369905,3.841490638562704,B
g5428,HiC_scaffold_10,3389913,3390288,0.0,0.109374833360746,0.0,0.0,0.0,0.0,B
g5436,HiC_scaffold_10,3408503,3408743,0.9439723007154656,0.9909107347052828,1.9309756045647,0.0,0.1101517763779922,0.0,B
g5437,HiC_scaffold_10,3410312,3411034,70.70883371044738,1.718563271280636,0.8625068786963694,0.5758385168375679,0.7470987599303919,0.642076905350519,B
g5438,HiC_scaffold_10,3414407,3415103,8.326327866430193,41.4743663834737,167.64944177650875,177.52888656524317,145.4777218496215,198.26334153062825,B
g5439,HiC_scaffold_10,3415148,3422034,355.6595289014573,127.95998851997422,280.3376449249697,220.42884022659723,183.8733185767116,214.93845259398552,B
g5440,HiC_scaffold_10,3426969,3427608,0.0,0.0,0.0550157883374547,0.0,0.0,0.0,B
g5448,HiC_scaffold_10,3445445,3446392,5.820231457320633,21.94222920556877,23.259177960896785,26.66443400894713,20.643174991705656,19.58007585595552,B
g5449,HiC_scaffold_10,3446935,3447541,16.075567893372288,16.843735876380137,11.815240861637973,5.699723863780465,3.46950696572717,6.390668068430886,B
g5450,HiC_scaffold_10,3447747,3448089,2.763549069407425,6.231203760996215,7.170103327526077,2.842621841746144,2.678019567423995,3.260168357163721,B
g5451,HiC_scaffold_10,3448434,3450450,0.1141060492248676,8.482300733088158,2.0689024334621777,0.075733052425416,0.0545668425230753,0.0,B
g5456,HiC_scaffold_10,3460905,3465105,14.505616778088108,13.550563139700373,10.899614875952992,7.029865442153365,16.632229619149147,49.002698055753406,B
g5457,HiC_scaffold_10,3466220,3470315,1.657034367918396,1.4724277237308605,1.8999109745248843,3.909990811583012,1.93806098548756,3.77241914317198,B
g5458,HiC_scaffold_10,3471680,3473684,0.5475702748870697,76.36899696078154,15.421956080649514,0.1640295161628893,0.0796825450525053,0.0,B
g5459,HiC_scaffold_10,3475325,3477335,0.7245399482548125,160.41686085326944,46.44215341860222,0.2891001910129557,0.1889041439493833,0.079333163036633,B
g5461,HiC_scaffold_10,3479105,3479540,1.7734220112151853,24.401612183781666,6.860494627035956,0.0572979309517079,0.0,0.1221913085851589,B
g5464,HiC_scaffold_10,3485849,3487630,0.1227472204154403,0.1536273021524317,0.4782754367865103,6.14298526447435,3.7209721760425953,4.533017289512912,B
g5482,HiC_scaffold_10,3519457,3520516,0.143717704566901,0.4930776653985736,0.1682551373978065,0.1956774168802137,0.0519389775857034,0.0,B
g5483,HiC_scaffold_10,3521110,3525226,0.856539050273085,0.757493931389646,0.1898528769845245,0.6680675712746211,0.6428968464669081,8.797759189350742,B
g5484,HiC_scaffold_10,3526255,3530227,0.3333041749862536,0.8968077904336652,1.0593320474449792,1.4037943513538522,0.6432870734530738,0.8952657550777597,B
g5485,HiC_scaffold_10,3530965,3535078,0.2655249614090094,0.3233815462591949,1.0300034013670798,2.675798566457485,1.2682259538113707,1.819611887425124,B
g5486,HiC_scaffold_10,3541460,3545570,3.726982647066361,1.585137533915645,2.0883218769117944,1.3099993085081063,0.8532686400855543,1.2449758170326666,B
g5487,HiC_scaffold_10,3546444,3550962,16.121389442191997,18.931381137686344,19.40494240975501,8.113720600531803,8.674816595630825,7.604721052316821,B
g5488,HiC_scaffold_10,3551225,3552775,55.8784955316722,14.0123316721782,23.6231536679416,10.273162340240996,7.603347602368608,10.458824146568674,B
g5489,HiC_scaffold_10,3554699,3556433,285.3854003541481,1655.2242113279142,559.2866262773273,201.5162409745916,378.8926004462222,101.4746751168016,B
g5490,HiC_scaffold_10,3556917,3558903,18.09757112380995,190.35936526667444,447.1272908789455,72.64526840937589,136.66751955378962,154.75999148489302,B
g5491,HiC_scaffold_10,3559009,3561731,13.951037268638231,12.57805888019616,13.89408396032452,13.447382602565774,8.597396486816255,11.04491124566806,B
g5492,HiC_scaffold_10,3562899,3564840,0.2726456614691384,0.0,0.0,0.0513644512395527,0.0419576525471293,0.0,B
g5493,HiC_scaffold_10,3565538,3567551,0.0940761056403526,0.0203753415351613,0.0,0.4380286639129643,0.1886226176543768,0.5007705547904556,B
g5494,HiC_scaffold_10,3567844,3569854,0.036993185589733,0.0,0.0178892227212288,5.729404653540497,2.410996706167221,4.385449856968304,B
g5495,HiC_scaffold_10,3570290,3571592,0.9610369443493446,30.65230652049476,3.7471755563322886,1.8356245595099925,2.1941510749575306,6.4865374315354885,B
g5496,HiC_scaffold_10,3574029,3575175,27.39783783454973,8.825376369927994,6.913628864410189,1.3051575396182278,2.083936065057664,4.9121126839092,B
g5497,HiC_scaffold_10,3577166,3578519,0.1386792159062966,3.2033718658800576,1.950022186059542,1.2207212707163817,5.61596656848554,11.11388834725085,B
g5498,HiC_scaffold_10,3582374,3583778,1.7873996361943991,4.517482595738859,2.3134261113097416,1.917694553075868,4.421181909590997,5.107353627892966,B
g5499,HiC_scaffold_10,3586803,3588688,0.4016384265694924,0.0,0.0378011706963801,0.1608038707354385,0.0852787946152198,0.0,B
g5500,HiC_scaffold_10,3588939,3589815,46.17812039530428,46.523269571463445,13.876204666265595,0.3557261817244747,1.406677713377614,1.152512738598722,B
g5501,HiC_scaffold_10,3590642,3591542,0.7629210473848644,11.51874484512167,3.799793843785404,0.8084733567730811,0.4218859214869561,0.8261389515510009,B
g5502,HiC_scaffold_10,3592399,3592732,3.427861467034872,1.3258776449207157,1.598017491731898,114.48833572639847,82.69632346197872,87.81895762657587,B
g5504,HiC_scaffold_10,3595126,3596017,0.2542686331893509,1.2305130446700407,10.62128895168982,1.021238839066135,0.7525230291539394,0.1789670681297782,B
g5505,HiC_scaffold_10,3596676,3597039,0.3072574505593531,0.0,0.0,0.5837954141450908,0.2243520760164686,0.0,B
g5506,HiC_scaffold_10,3598085,3599015,0.4491083595253252,6.331845280172198,2.557694800893017,1.390519899768671,1.629670462849792,2.512775922211603,B
g5507,HiC_scaffold_10,3599468,3600415,0.1279962441648088,5.670049488295552,2.58308122185332,1.422449949269862,3.15742879799442,2.401354519830724,B
g5508,HiC_scaffold_10,3601173,3602063,0.2571103147834144,5.392639382529657,17.697680859726727,3.2498505526314294,3.529924758015147,0.5141943681852703,B
g5509,HiC_scaffold_10,3602537,3603494,0.5159553802787111,19.853130983779742,8.981317108935492,0.9019904279891554,2.425777918477318,0.2770596481556985,B
g5510,HiC_scaffold_10,3604316,3605204,5.045656102458024,0.1339068560412544,0.1610665560322562,0.0,0.089312251117291,0.0598572288677299,B
g5511,HiC_scaffold_10,3605872,3606892,12.19165102461696,0.0777184889964927,0.0,0.0,0.2363957096854889,0.5732209917450839,B
g5512,HiC_scaffold_10,3609601,3610405,1.9067354724987613,150.38024855415495,27.0186374527402,1.021223822313909,1.7233108499981835,2.509517768415009,B
g5513,HiC_scaffold_10,3610856,3611828,17.20608821252729,6.678433487773379,3.958943946249751,0.607491857667782,1.251307348153408,1.0930497652295943,B
g5514,HiC_scaffold_10,3612094,3612973,0.0885560251433274,6.9172480353158505,3.2424491457865736,1.5474960104597222,2.738532788146096,0.4232907106277692,B
g5515,HiC_scaffold_10,3613733,3614696,0.0,0.4570489331635823,2.0726494633610786,0.0825224826069579,0.1691377021681787,0.0,B
g5516,HiC_scaffold_10,3617362,3619375,0.0,0.0,0.1417048954750375,2.14528107508448,1.3617767026187522,0.8435732526133558,B
g5517,HiC_scaffold_10,3620317,3621052,0.2047004457190987,0.0,5.873664494291891,9.229173228682937,3.139620487171346,2.6000487631193474,B
g5518,HiC_scaffold_10,3621109,3624208,71.05939085701547,2.93606423082882,26.7674231336959,6.929675444185619,114.53635536203409,91.66512775355577,B
g5519,HiC_scaffold_10,3626533,3626962,65.17102047064418,218.79924939496783,69.29684639147555,146.4176077721708,122.7590793840956,59.25862753917991,B
g5520,HiC_scaffold_10,3627042,3628026,5.304908238762279,2.086562968095886,5.727834906861636,30.11153651094623,9.702282874324816,9.757319385659958,B
g5521,HiC_scaffold_10,3628535,3629543,7.356431416684636,0.4828077555903606,0.4240841343510494,70.30904001558935,8.886699406509285,11.583063351047532,B
g5522,HiC_scaffold_10,3629642,3630886,1.7908314398372551,0.3997022886709764,1.204096309708634,9.073774597539726,7.759222077721148,10.120553528318528,B
g5523,HiC_scaffold_10,3631920,3633708,100.51312006034996,0.6332640293834031,0.6269156622012048,1.5840748497913504,0.6981355591833756,0.635226538420549,B
g5524,HiC_scaffold_10,3634743,3635337,11.448896011940189,0.0,0.3632054310067677,2.381412460299146,0.3133337485116815,1.6091379240576074,B
g5525,HiC_scaffold_10,3636072,3636684,426.7648610738584,0.5873956384608476,0.9335067942884608,23.92785534459784,14.54039821321328,43.18019977741024,B
g5526,HiC_scaffold_10,3638049,3638559,4.62334027335146,0.7048747661530171,6.18681786856194,2.850136576386766,1.7958484158019732,2.601294972071752,B
g5527,HiC_scaffold_10,3638783,3639317,11.738850296711435,25.34716269021356,19.85274771279492,26.83029611099127,25.86957654115077,22.462466628664863,B
g5528,HiC_scaffold_10,3640118,3642479,1421.4366791709986,1734.9526850899629,273.7894127537618,365.93382553669926,392.4196122575794,191.74927916756,B
g5531,HiC_scaffold_10,3648986,3652716,0.0,0.0112924300251314,0.0,0.78210485578042,0.3709320784053384,0.1664003984878257,B
g5544,HiC_scaffold_10,3693488,3693905,0.1866684558776615,0.0,0.0,0.2465914478696713,0.1927447033406865,13.872951357643338,B
g5549,HiC_scaffold_10,3704772,3705294,0.0,0.0,0.1377675772784291,0.0984948599249548,0.2046187119229586,0.1018260904876324,B
g5552,HiC_scaffold_10,3711259,3712202,0.0,0.0452470655116567,0.0,0.0284527396849234,0.0301785688706828,0.0,B
g5554,HiC_scaffold_10,3718471,3719005,1.1367902153793676,0.1510336926938035,0.1316669990548073,0.0466752808314475,0.0515012895723407,0.0995378637351014,B
g5555,HiC_scaffold_10,3720175,3720995,0.2296187200619021,0.0,0.0,0.4940643336309619,0.3197901506641656,0.6258049182076361,B
g5562,HiC_scaffold_10,3736322,3737507,0.0,0.0680607526569544,0.0303437448689198,4.704352624868376,3.808343737480016,6.313834302002128,B
g5563,HiC_scaffold_10,3739107,3741469,1.1514819015037965,0.0540744686261203,0.047230006739972,3.86644723840166,1.7415568009009237,1.3215467611981715,B
g5584,HiC_scaffold_10,3797370,3797997,1.4082504456645148,0.5799418342970402,0.2841821220163909,0.6485154452760609,0.1281890610734709,0.2543216231317902,B
g5586,HiC_scaffold_10,3802234,3804229,0.7815281417950699,0.284372034853922,0.0360474563104461,0.2311597669045602,0.0959631870278185,0.39933748151902,B
g5592,HiC_scaffold_10,3812522,3814198,0.0616553093162217,0.065732055370168,0.1192614848081923,2.191108359294425,1.2575943555151066,3.1692136664887576,B
g5595,HiC_scaffold_10,3817984,3818611,5.534805206937116,1.6656116352698227,0.6792221843409649,5.68262279384772,4.481520188763291,3.638354604260571,B
g5596,HiC_scaffold_10,3818744,3818972,5.696936764286809,2.1163720099512195,1.4088126853549152,3.737934302262008,3.423266550450351,4.422636549285288,B
g5597,HiC_scaffold_10,3819007,3820492,0.7451750080604492,0.1889397389031092,0.1672454829445796,1.4447107190916155,1.1018437226814126,1.047915036142649,B
g5598,HiC_scaffold_10,3820882,3821299,0.4499591825448905,0.0,0.0,3.2542002110478645,1.742366087626695,7.001695397059054,B
g5601,HiC_scaffold_10,3827802,3828795,2.106584405698272,0.5671548944283678,0.2526677892906884,3.1440785557637407,1.49643637181959,2.512065686502792,B
g5602,HiC_scaffold_10,3828830,3830316,0.9548698937020008,0.3498391697319643,0.0845732733704372,1.0201430636260411,0.8905008710148116,0.6285531250386013,B
g5603,HiC_scaffold_10,3830705,3831122,0.0933342279388307,0.0,0.0,2.0772609165703773,1.293479975116262,12.343362314922643,B
g5604,HiC_scaffold_10,3832282,3834808,1.630160030671774,0.104281249489989,0.138536972005569,1.7611883866385871,0.8279191160855028,1.6335537304321797,B
g5605,HiC_scaffold_10,3835196,3835613,0.3649809331806913,0.0,0.0,4.483404172331856,2.526117830256969,12.21738340281994,B
g5606,HiC_scaffold_10,3836836,3837498,13.402948677756395,4.929501463044885,2.4550022097133595,2.790394109436844,3.010136000721333,3.116976515412146,B
g5607,HiC_scaffold_10,3837631,3837859,4.47908906274348,2.308362486944275,1.8713796425606204,4.605617121380883,4.1236341832802665,6.291740817741117,B
g5608,HiC_scaffold_10,3837894,3839478,15.817802479902038,16.748654218666893,7.026092190392893,9.082582199834755,6.889751152549006,6.093227672673106,B
g5609,HiC_scaffold_10,3839608,3840619,79.81662252943224,134.51315332554742,48.12548594112253,82.69711043693206,64.42713264930063,39.68327736049832,B
g5610,HiC_scaffold_10,3841479,3845651,0.1785076608784324,0.8783124117733404,1.467142598080465,0.0,0.0,0.0,B
g5611,HiC_scaffold_10,3845746,3846700,0.6308378515871598,1.0545924518323226,0.97324191617938,0.0,0.0,0.0,B
g5612,HiC_scaffold_10,3846716,3847064,0.1068337687289704,0.4674802210317547,0.3076717358821079,0.0716224136896349,0.0,0.0,B
g5613,HiC_scaffold_10,3847578,3847944,1.0300769939214462,1.975709455853232,0.9736731721545198,0.0,0.0,0.0,B
g5618,HiC_scaffold_10,3854525,3856132,0.0,0.0,0.0693394255377388,9.160758985711295,5.672118914830453,18.63988717596412,B
g5619,HiC_scaffold_10,3856725,3857136,0.0946967714123903,0.0,0.0,0.064451865977697,0.064322205184229,1.0331039926730805,B
g5620,HiC_scaffold_10,3858824,3859193,0.0,0.0,0.1905424864370383,0.2786683841779211,0.1461737532854962,0.5745064066408113,B
g5621,HiC_scaffold_10,3859391,3861999,17.747439267235826,6.8148616634084105,3.303976924305261,11.035058278052178,7.665618526310288,10.928096403542565,B
g5622,HiC_scaffold_10,3868138,3869623,15.28429684202814,0.2963893081727473,0.7925691286428773,1.0921086773695885,0.4337115101989508,10.289506096402413,B
g5623,HiC_scaffold_10,3869725,3871591,2.4409789097346875,3.742208911800944,2.3816321150163207,0.5142849594075333,0.6925960527837789,0.1990635164812925,B
g5743,HiC_scaffold_10,4131953,4132472,0.5797873896090081,0.155398828320792,0.0,30.05429847319579,9.410525163477429,13.089965040112093,B
g5745,HiC_scaffold_10,4140425,4141106,1.4057699448854832,0.0602284324673711,0.0,0.7823895755666601,0.2826898978287956,0.0,B
g5763,HiC_scaffold_10,4183441,4184685,0.035446605692616,0.1120643784433873,0.0640347700321194,0.1646017008736911,0.1955256808273958,0.5794978129282664,B
g5808,HiC_scaffold_11,92592,93726,383.32355757280766,0.495419468293916,1.8566472169927704,2.3960610316751323,1.658180941424869,10.390074341066017,B
g5809,HiC_scaffold_11,93954,95194,10.65210205268304,28.47022505972561,43.18863049888592,42.16806673246602,41.33458821118204,78.25820802386684,B
g5810,HiC_scaffold_11,95615,97591,12.977299589014097,16.673796668352395,20.52827615328956,23.44407387020797,15.962563453850716,33.058928941717035,B
g5811,HiC_scaffold_11,97859,99619,9.128331608638325,2.5329586361988827,7.415097963394503,2.3017650575498902,2.6006142255824924,3.4876134632120834,B
g5812,HiC_scaffold_11,99847,101374,14.343076673540388,4.160824249766802,13.20190791076914,6.5736482734378,8.742518547444309,8.866123498766097,B
g5813,HiC_scaffold_11,102325,103653,1.2220755604857614,3.215127285182485,15.727714901103052,6.550063011639782,4.668341701402618,7.403560999467729,B
g5814,HiC_scaffold_11,103767,105655,11.74999710834742,7.553390056763872,4.800617284032359,8.492650512769158,5.8103208641447015,8.340210976347478,B
g5815,HiC_scaffold_11,106330,107440,5.790227721473876,3.5860819526466,2.854878688865954,3.967835760349887,3.1756369934927595,4.3027383513626205,B
g5816,HiC_scaffold_11,107645,109183,23.90659218918529,2.792124408488036,9.18146982275375,11.555320171480924,8.914634927190239,17.60120622703038,B
g5817,HiC_scaffold_11,109490,110126,91.39668631205322,52.77406147592677,68.43317522295571,78.7816515576554,77.44555197934692,127.11882188079645,B
g5818,HiC_scaffold_11,110930,112085,47.99683533703286,83.68509219458664,81.21773665802765,41.06380105759574,44.3629162735666,46.32841000124678,B
g5819,HiC_scaffold_11,112303,116560,9.48233568710711,4.706562699023063,5.452416139084012,5.1655212620998014,4.477881817132206,5.505878429717853,B
g5820,HiC_scaffold_11,116581,118465,17.64024765422155,2.9376052907429138,8.628469830297918,6.903263819375407,5.777930926547166,5.718796662953428,B
g5821,HiC_scaffold_11,118613,120847,1.622657497288675,11.200647349013988,11.155816948165288,22.16692659767282,21.261250614146604,19.71430071340466,B
g5899,HiC_scaffold_11,273870,274971,85.95090469330114,73.05112551772893,64.97978343593229,73.62155673133782,54.78984739935308,37.50195571615289,B
g5900,HiC_scaffold_11,275311,276748,6.536843268950445,12.23403524070023,13.337117066191125,28.71830440910393,26.203722474700346,30.45017400424568,B
g5901,HiC_scaffold_11,277009,277972,27.6952347125384,0.1660694191847494,1.9971386385829093,1.1033067165276325,0.8346265970204181,4.90241569274643,B
g5902,HiC_scaffold_11,278347,279340,1.2653542458623148,2.543863894280716,2.5467306212341163,3.710588649484652,2.7041166795643266,5.932857154689184,B
g5903,HiC_scaffold_11,279607,280198,2.455647148033267,3.029626031787905,3.464135755087334,1.1162517007816128,1.1171872515054082,3.563202952492588,B
g5904,HiC_scaffold_11,280421,281057,4.112919621338914,3.829797049163176,3.2475933361477187,1.0876503183363155,0.5919835572885613,0.9183418218431894,B
g5927,HiC_scaffold_11,321533,325307,0.0534168843644852,0.0,0.0,0.0,0.0,0.0,B
g5929,HiC_scaffold_11,328943,333419,0.0,0.0,0.0080333640906322,0.0,0.0059062614679888,0.0,B
g5930,HiC_scaffold_11,333975,334690,1.619407883599948,0.2536226160329908,0.6696105496568947,4.654274751176365,4.556508910292626,7.3462471432300145,B
g5931,HiC_scaffold_11,334930,346116,0.8484721460507022,0.3023899411389399,3.336303543896296,1.3693875715039776,0.8672653832951605,1.1543135939093525,B
g5932,HiC_scaffold_11,346232,349343,5.088281527606677,4.859672843783392,11.56204990778686,5.98848529665252,4.4646728492301815,8.550306080969525,B
g5933,HiC_scaffold_11,349356,356387,8.592583668441527,6.122270446714015,14.775355689382096,3.8355771250156936,4.188142864380849,6.277894946556909,B
g5934,HiC_scaffold_11,356653,357463,54.14773442450425,77.45519470237252,39.98691083059735,58.20028562506337,51.94456106506335,58.609962479749946,B
g5935,HiC_scaffold_11,357828,359226,156.1602469223851,94.69595915242869,112.59050230100492,115.47208343288824,124.82249590010068,156.1292720699121,B
g5936,HiC_scaffold_11,359454,360554,1.881450396772548,0.6070169787269377,7.605191196501698,17.685581190893267,13.408458518436188,25.942091084351457,B
g5937,HiC_scaffold_11,360644,363224,16.830480528050252,12.957728762978912,18.10662967050086,5.555492056571659,5.977459185595286,8.600831418640379,B
g5938,HiC_scaffold_11,363436,363685,3.830702367073867,1.2900756404493812,2.2847365917205966,1.7456787873805792,0.7603053554966841,0.0,B
g5939,HiC_scaffold_11,363896,365543,4.93328470762995,1.854961603089364,2.162743966145398,0.6659378686685768,0.8180859816380032,0.7730402004117731,B
g5940,HiC_scaffold_11,366696,368343,8.586240752654557,2.66253191260003,2.788566102508411,1.7102802730877789,1.0434504205760515,1.6430868757157695,B
g5941,HiC_scaffold_11,368825,369692,1.616753090134238,0.3720968484359451,0.8220631626494908,3.491426709199474,3.080126092026169,3.978522646200594,B
g5942,HiC_scaffold_11,370127,371774,2.977534475297636,1.0358858700467086,1.6606074959557136,2.9438249453822936,2.582668030309119,4.15772622609854,B
g5943,HiC_scaffold_11,373597,374326,3.6440047650958194,0.1668965081053098,17.410651223738867,4.988590205497229,6.161559964454952,13.913531797643586,B
g5944,HiC_scaffold_11,374947,375925,32.79738240631524,2.1441224840089657,0.7981924261209268,4.983030966266494,16.214724877425795,12.807954361563006,B
g5947,HiC_scaffold_11,381578,382035,0.0,0.0,0.3525229183300981,131.4334444696421,118.7937861651236,102.70472214027436,B
g5948,HiC_scaffold_11,383906,385361,14.93867734402096,0.8305159761892082,0.4146063581883337,0.743137987250994,1.6478233402558158,3.31711527921122,B
g5949,HiC_scaffold_11,385517,388418,6.50334183108172,0.463543626444813,0.3027173755233212,1.7965110556529826,1.137122531447814,1.3510464277016752,B
g5950,HiC_scaffold_11,388531,391393,96.86465217113206,15.208683168758895,6.554691761430967,8.411460634828554,6.934117793733453,10.68179711556182,B
g5951,HiC_scaffold_11,391815,392949,75.01311177000987,12.1754540728849,9.359967602632338,13.06057146221042,16.53673298397291,26.26339086124145,B
g5952,HiC_scaffold_11,394452,395603,16.034404322781082,15.301589936666112,12.76926059312254,23.983659706270146,20.037180968012752,22.09881484018877,B
g5953,HiC_scaffold_11,395671,397951,5.080491321276494,6.165357297198899,8.690980743173654,6.468601390398302,4.205498968478999,6.235574715713562,B
g5954,HiC_scaffold_11,397991,401674,1.504502070421908,0.0117441272261366,0.0319620779285955,0.6564129497637345,0.3760425466863847,0.8021019566327254,B
g5955,HiC_scaffold_11,401884,403533,1.4626206511945727,0.0,0.0,0.0683802468147955,0.0,0.0726998847909668,B
g5956,HiC_scaffold_11,403668,406227,1.51117115307323,1.036827250456348,1.026944424287646,1.086121951617372,0.4314706773258181,1.162211889637985,B
g5957,HiC_scaffold_11,406302,407508,1.5761542044737014,7.496754060618191,4.23234579253905,8.192400466365156,4.7425512830944845,6.34463998325505,B
g5958,HiC_scaffold_11,408409,408745,6.863678917560776,0.9683518864229204,19.043196070575146,3.2409943003956654,0.4720790416199669,4.57840265881903,B
g5959,HiC_scaffold_11,408983,417893,18.280911691203656,7.253978099947098,35.70554714328699,2.5810095817872885,2.738960576152432,6.357433610930462,B
g5960,HiC_scaffold_11,417994,420652,56.68545854392245,26.75418822173223,21.82095291035152,63.85181292591992,43.81399962015147,106.9559256031607,B
g5981,HiC_scaffold_11,486216,490241,7.20348630322702,6.367191737467435,5.404778315777298,7.396997783611647,5.059246203170809,6.422070058253006,B
g5982,HiC_scaffold_11,490289,491003,6.978031537718401,3.364756246147216,4.226900911187102,7.395632742755076,6.688316029648433,10.236577436393468,B
g5983,HiC_scaffold_11,491111,491682,2.0292403657237577,0.5445539652715271,0.7773887599873268,1.0471271953458503,0.2952343962753606,4.023225098213911,B
g5984,HiC_scaffold_11,491713,492325,1.6686802390612967,0.1317843004877305,2.497575234495112,0.7025795215673899,0.7465295485761296,0.8675035612054319,B
g5985,HiC_scaffold_11,492445,495769,28.40491992480116,5.995781909891165,27.075362445959392,2.6430416508810195,4.16485742665703,2.954369821825694,B
g5986,HiC_scaffold_11,495791,508538,8.15173357658388,3.627339679275836,33.77300447336732,3.15287975797212,5.140541516595102,4.334745399874151,B
g5987,HiC_scaffold_11,509621,512408,1.4681275143867163,4.621721418900928,5.252054461048616,5.594194675380203,3.6624947090471065,5.381969763968629,B
g5988,HiC_scaffold_11,512646,513331,29.754630244279387,26.86689051452144,18.24552638953029,14.109190031540289,14.143607163634243,13.778527636785402,B
g5989,HiC_scaffold_11,513495,514846,0.1078126677298959,0.3319354854460192,0.1637857262993912,0.1194075260189163,0.2958752565755801,0.342984784629817,B
g5990,HiC_scaffold_11,514969,516614,22.56419204613713,16.799827496092146,10.156371237640077,11.960179600686148,9.534337190016313,6.639907245790017,B
g5991,HiC_scaffold_11,516926,517252,335.7059213762389,0.3090114632126095,94.67990338389238,18.940546873724475,25.44026660178336,365.6197053724165,B
g5992,HiC_scaffold_11,518551,519174,6.07059564870648,8.881580453569475,7.511120028627547,20.85099196151133,22.70727506529297,12.94155559617984,B
g5993,HiC_scaffold_11,519232,520608,77.81213121130223,47.31891786995735,29.977374022855702,80.08516945705817,81.19197659396119,91.52318812947514,B
g5994,HiC_scaffold_11,522232,528331,21.380693886704297,7.669866195397362,5.495448483197599,2.9941348261966034,2.443576666728691,4.220169840701277,B
g5995,HiC_scaffold_11,528454,530753,1.303006799452912,0.0400059483623467,0.0356719619738789,0.2403388978103919,0.3105889209930647,0.3947163969736454,B
g5996,HiC_scaffold_11,530993,532256,2.4983970208076096,0.0627655255553623,2.340125150743704,0.5526572211189695,0.7771486083383885,0.5466126976732834,B
g5997,HiC_scaffold_11,532314,543471,2.1586727538819312,3.17651199608654,4.2259954235153065,1.307783877211414,2.858105533258473,1.4180388048097734,B
g5999,HiC_scaffold_11,543692,544676,37.37685746512531,305.418410053497,395.1103306713146,35.70275643074332,80.40122545327935,22.277722458822023,B
g6000,HiC_scaffold_11,544826,546493,62.88922885519904,91.91628065564106,49.49627951802039,36.34522908600147,39.26548527029319,26.65398608513032,B
g6001,HiC_scaffold_11,546848,549408,4.316256801877328,0.7761660721866637,1.8121228210977456,3.2230253453913367,2.0105833013594925,1.8776816412131023,B
g6002,HiC_scaffold_11,549716,550523,39.98894923374144,12.009008480451826,5.632584064685282,12.02144868010317,11.283162309091049,10.458778524258452,B
g6016,HiC_scaffold_11,597540,597900,28.61118233062313,20.98251271115776,18.79029235496177,30.693707201009826,47.670340347662986,40.81233634328574,B
g6017,HiC_scaffold_11,598049,599766,4.904705680543945,2.184408237677784,1.498465170270198,1.736063980713963,1.1753964211958323,1.643823847321836,B
g6018,HiC_scaffold_11,599891,603336,1.9254540960090167,2.107928634920781,1.6811859484144551,1.2874516670167144,0.6708573161711264,1.3640815066400696,B
g6019,HiC_scaffold_11,603499,604975,19.244319643567003,18.37029207595072,23.40632189474146,13.784194464992373,15.56233348363346,17.612231082571036,B
g6020,HiC_scaffold_11,605127,605571,18.097035172603302,13.327878166945002,10.187523518599376,11.120134093495905,11.72183662773905,12.910309692222038,B
g6021,HiC_scaffold_11,605682,607409,2.6057496183371995,0.7842293647578846,0.4483692072675087,1.7627056331699356,2.152200464261637,2.0755207140555147,B
g6022,HiC_scaffold_11,607520,609035,36.51611710625937,34.16271463292289,17.40022257925319,19.984126254802145,15.818469865690382,17.797415554895117,B
g6023,HiC_scaffold_11,609180,609729,16.48015449048693,25.420603453251125,23.35646580133272,27.296729427827355,21.52370326915448,28.81118190880936,B
g6024,HiC_scaffold_11,609856,610990,39.01167933024317,36.50356693199464,16.903163796233613,24.567475560467543,22.272662540432226,20.95909788587048,B
g6025,HiC_scaffold_11,611079,612653,25.292634376600137,10.271771539536942,16.13401114750271,16.266408469004716,13.479407287217263,13.824595993715342,B
g6026,HiC_scaffold_11,612831,613848,42.73907185625805,93.12438998896916,100.31924403926811,59.93893292973193,49.44448543355864,61.95774781733062,B
g6027,HiC_scaffold_11,615299,615665,0.0,0.0,0.0982440919936338,0.0,0.0,0.0,B
g6028,HiC_scaffold_11,616812,619527,5.399023264576389,0.0,0.3718814376522744,0.512186772617214,0.3256541815848299,1.813614106166378,B
g6029,HiC_scaffold_11,619528,622151,6.105632666815705,0.0362806981099824,0.0801539318507769,0.2074510728630668,0.2055223048711611,0.4059220428303266,B
g6030,HiC_scaffold_11,622537,627648,31.13551920622532,5.157799171000216,6.205720595083729,4.1353131011269575,3.53937611928812,7.900903409884616,B
g6031,HiC_scaffold_11,627811,631942,269.824994277448,21.015059005833685,14.98641238002903,4.869728736484095,4.173828934600799,8.634783905574405,B
g6032,HiC_scaffold_11,632035,634279,2.198068772134061,0.716365109394629,2.21365446222138,0.5533730792798741,0.7823760659663963,0.8282097301897922,B
g6033,HiC_scaffold_11,634742,635545,132.97214816063948,65.22945895570524,97.01939754253507,35.353516771765584,29.264709695205376,31.612334702443803,B
g6034,HiC_scaffold_11,636027,636749,1.7081403536756044,2.231576707516381,2.507371712362517,1.559192530841138,1.4806814655199314,1.264322654616692,B
g6035,HiC_scaffold_11,637300,638446,21.565848036661425,8.41376502920844,7.3606901891949885,8.203559453879908,9.367570127282894,13.125726699016406,B
g6036,HiC_scaffold_11,638539,639787,26.795655665331463,22.20639892086832,93.32610891077285,16.652327961507105,18.451060719018308,27.56152652035723,B
g6037,HiC_scaffold_11,640030,640951,53.38905046183261,16.06236092760457,5.778875526830865,22.060216626749423,13.257181001980287,8.93332111767148,B
g6038,HiC_scaffold_11,641746,645013,1.1543411447678749,0.3087968978549656,0.5018662541194259,3.887526652180169,3.673574557416846,5.58729928751066,B
g6039,HiC_scaffold_11,645312,646830,0.9934339388017108,0.0522219096023864,1.3180335485829624,4.9448324914609705,5.437725285012522,6.883309436921855,B
g6040,HiC_scaffold_11,647125,648756,0.1147790717468689,0.0,0.0,0.0,0.0,0.0,B
g6056,HiC_scaffold_11,688387,689143,10.741381942059194,8.066862678282138,8.650709634425686,13.001397011678671,29.3091501260898,12.9853375884473,B
g6059,HiC_scaffold_11,694635,695646,62.23336194846426,16.820845652607865,17.34429882785226,17.182072215844958,33.73321681220718,16.587909729803986,B
g6060,HiC_scaffold_11,696136,698578,14.55309870007056,3.643974164198133,0.9776744074418124,2.2565471193294693,1.8151158016465,1.9564248985388213,B
g6061,HiC_scaffold_11,702292,703888,1.929434155834484,0.0496697110127961,1.5139210528472735,5.011656970418363,3.627498596545583,4.923750797448841,B
g6062,HiC_scaffold_11,704097,705860,0.763172528678493,2.858942748271681,2.027836441041166,2.9791204493707326,1.667195144288658,1.9093834512774115,B
g6063,HiC_scaffold_11,705987,707762,0.4820804342831037,3.1054587175753623,0.9184051221267796,2.8636460450834846,3.296950410466425,3.532204070438841,B
g6064,HiC_scaffold_11,707858,709723,0.675661991758524,20.69768332854328,18.24675533613485,2.7283983285377977,3.892302799592808,3.827430594672781,B
g6065,HiC_scaffold_11,709934,711749,1.5354678053719866,20.837652999907384,96.2537351169071,4.067350311066336,11.806043156558,10.979136460881069,B
g6066,HiC_scaffold_11,711929,713930,15.374700218312046,2.641755773191573,4.43829625834212,1.102508883066975,1.6892488329357862,2.12134801804644,B
g6067,HiC_scaffold_11,714409,717750,0.0,0.0139811038406389,0.0124003840379659,356.93812046328566,270.1095067180724,227.557324242884,B
g6068,HiC_scaffold_11,718084,719941,11.310918567298533,3.467822915336926,3.753700746763502,3.3818727526451915,3.836918409550087,8.05971317188133,B
g6069,HiC_scaffold_11,719971,720439,6.588020500892447,5.217352911863141,0.9088209412992132,12.38429146543464,9.141841189952077,9.045179525174117,B
g6079,HiC_scaffold_11,740639,741614,25.443044396944224,14.425444329223843,35.51727683944691,75.66153913876295,72.22348367501269,162.94305923061427,B
g6080,HiC_scaffold_11,741927,745377,1.2469954271606905,0.920770860142222,0.8692780444860295,0.9800168207585116,1.393884530579263,0.8632531670529779,B
g6081,HiC_scaffold_11,745539,748648,13.462034824996412,16.61541700951714,7.520189865834702,9.08939228387407,9.019927717261687,7.855760441654265,B
g6082,HiC_scaffold_11,748695,750675,4.038081029983612,2.219888725449857,1.1227182169275962,2.1678496904601103,2.230061829206862,2.2038939758697227,B
g6083,HiC_scaffold_11,750904,751381,3.683930715302407,1.0087079353182593,0.601376210556234,2.077234385806734,1.0132337737092445,3.6701177439360846,B
g6084,HiC_scaffold_11,751882,753301,1.563003552503574,0.0279326493222067,0.0506798275823396,1.518467905663277,1.18060419361207,1.7951546437547268,B
g6085,HiC_scaffold_11,753789,757846,1.1736725154433283,0.2072287435754153,0.1595802694113598,3.123489314122033,1.7370630723780542,4.243825984574559,B
g6090,HiC_scaffold_11,766020,766958,0.0,0.0,0.0454006788758459,17.598453567629413,11.068013352166895,38.87053819936288,B
g6091,HiC_scaffold_11,767485,768430,0.4401360347362346,0.0853460231730064,0.0761001855442751,1.0485087852167323,0.456618962644217,0.8986364888648383,B
g6107,HiC_scaffold_11,807604,808670,1.1779927210335583,0.4393206524961177,0.2122758997531449,0.4852273153148569,0.7481968383782471,1.0553077941691684,B
g6108,HiC_scaffold_11,809323,809899,10.860692722891624,0.0688132454656446,0.0610331401868638,1.4281754689118462,1.4890339025920327,1.566067178416593,B
g6109,HiC_scaffold_11,810390,811335,0.4007940754582646,0.0,0.0,1.2694479401680414,1.0587495053499685,1.0673768673872006,B
g6110,HiC_scaffold_11,811652,812282,0.1770388167508653,0.0,0.0,0.568785874941182,0.6010032810116646,0.5896071773874474,B
g6111,HiC_scaffold_11,812837,813332,10.490330071298194,0.8863817969989118,4.225858004838752,2.6185787260789697,0.869575065450249,1.287310339246086,B
g6112,HiC_scaffold_11,813469,814216,0.3942174943040261,0.8356463539628756,3.240247581980125,3.6538272884709455,1.1998208529592689,2.458833689500958,B
g6113,HiC_scaffold_11,814369,815741,9.375931771917305,6.015683866240025,3.524280737323866,2.4640806200762144,3.293639947406389,1.9524478562265708,B
g6114,HiC_scaffold_11,815802,816869,14.83735750268681,28.940537979889584,43.13379249283972,21.047566249150613,20.84839240044451,22.603908301729675,B
g6115,HiC_scaffold_11,824349,824938,1.2484963692446982,0.0,0.5528138654869199,0.0,0.0,0.0,B
g6116,HiC_scaffold_11,824971,825262,0.6507738854090379,0.0,0.1235647342600343,0.0,0.0,0.0,B
g6117,HiC_scaffold_11,829783,831556,1.282049582528754,0.0,0.0472514633704752,0.8920574846669658,0.6865782240469616,0.4992641421425965,B
g6123,HiC_scaffold_11,841348,841940,229.24055682230068,917.4610804019768,1109.801693714785,721.78656951774,566.8370726574722,765.094434590894,B
g6124,HiC_scaffold_11,842472,845562,10.863120387209662,9.237725481318453,20.59905939227152,6.185291101136448,8.494749796630305,8.247580789561878,B
g6125,HiC_scaffold_11,846082,847171,3.6470638651388416,0.5874191025708493,0.3910673182569191,2.626540928017209,1.3770565619252797,2.681089972978536,B
g6126,HiC_scaffold_11,847281,847686,12.458624693221456,19.156602363991155,13.98782841863003,37.74460437629129,22.962287115661788,31.45074621425028,B
g6127,HiC_scaffold_11,847994,848515,2.9328001030683986,0.1928780018891061,0.0,2.827695298958837,0.7256874105700303,1.4210836951150083,B
g6128,HiC_scaffold_11,848628,851482,1.7923164795728876,0.0998912597773159,0.0147608118512602,1.763864412712726,0.6941958760497238,0.5878640619433932,B
g6129,HiC_scaffold_11,851667,852234,0.1342125653759684,0.0,0.0,0.3132318053855941,0.0466250905303671,0.0,B
g6130,HiC_scaffold_11,852853,853492,0.6590848472991766,0.0,0.0562712639587949,2.0772794009146245,0.4650896141523796,0.9967270915226196,B
g6131,HiC_scaffold_11,853648,855526,5.962348805849,0.0519141183866552,0.0235476998491617,1.4058697459662948,1.44196159315525,0.4173009940581614,B
g6132,HiC_scaffold_11,855675,857337,9.65240173811478,1.7370169138873992,0.8778628850407809,0.7714968039199643,0.439086910615564,0.415013131331913,B
g6133,HiC_scaffold_11,857364,858904,4.513432067305631,0.8196340640090558,0.8943036976905938,0.812756303156368,0.5087212467948689,0.2516616001043982,B
g6134,HiC_scaffold_11,859084,861814,34.73919069659788,33.07965994259956,11.691530153481562,8.422673876330391,6.400451769092577,3.773441142437447,B
g6135,HiC_scaffold_11,862338,862971,0.4166374465867196,0.0647955173938069,0.113609281736714,1.009109271134644,0.1252911200507969,0.6712729027369584,B
g6136,HiC_scaffold_11,863564,864131,0.1342125653759684,0.0,0.0634168212868959,0.2225539978356356,0.0466250905303671,0.1869425608910576,B
g6137,HiC_scaffold_11,864429,867851,15.953119457088818,26.009509161302287,36.604819116806325,12.633308129282218,11.893449600224807,13.6509376058691,B
g6138,HiC_scaffold_11,868111,868327,8.431194097396979,3.537616774780383,7.908808943793327,7.919635362784179,4.103011476044225,5.408012950854337,B
g6139,HiC_scaffold_11,868553,868784,8.434425858814237,0.8639016452949135,2.4592950753956373,5.989139415254515,2.701371169351493,3.448823704027901,B
g6140,HiC_scaffold_11,868980,870456,0.2937206570735249,0.0,0.0,0.0,0.0,0.0,B
g6141,HiC_scaffold_11,870642,883825,1.8655668887914925,0.0060481314394157,0.0026821613449022,0.3486212857266562,0.1595993437263711,0.3361430589787023,B
g6142,HiC_scaffold_11,883949,884432,3.920811607743893,3.747086649666273,7.892621486718608,4.15470698820926,5.056167382025738,8.023881795991395,B
g6143,HiC_scaffold_11,886988,888710,8.632967125184631,26.07974074608236,62.22873960532986,5.001556699195618,15.03389070181031,36.50520788285603,B
g6146,HiC_scaffold_11,904601,907399,0.0,0.0155436977992985,0.0,0.0,0.0,0.0,B
g6149,HiC_scaffold_11,918736,920566,1.2254426987284806,1.3107878720494366,4.796019687683081,3.870735671533784,3.055091814102021,2.8676642525846123,B
g6150,HiC_scaffold_11,920828,921141,55.73654022193303,58.65978045124216,31.46667826769468,49.38672757009282,37.4039144247184,31.33603615238128,B
g6151,HiC_scaffold_11,921231,923767,2.51800418372085,5.456700513164972,3.1837033715165,2.8666505461470524,2.613261191109215,2.7622534770168103,B
g6152,HiC_scaffold_11,924192,926619,104.32825690488272,124.50456384173302,116.63868321244776,40.70295561504582,40.969993370950334,44.13328252595048,B
g6153,HiC_scaffold_11,927211,927588,12.51448013059333,40.912052195948704,28.15131214667103,94.406862318557,63.40963166877871,47.31732520544247,B
g6154,HiC_scaffold_11,927836,928349,6.129635840997684,3.599580877273593,1.9666908444180693,6.799478282540985,1.1812805748782205,1.4059792747968078,B
g6155,HiC_scaffold_11,930012,931611,0.8290346495173295,1.16182243896775,3.334977943949801,0.0165664270899521,0.0509317095647142,0.0,B
g6156,HiC_scaffold_11,931775,935287,4.509550545181199,4.063869077263214,3.7806849118295593,2.8259989636201657,2.8755130728646243,2.530346001318959,B
g6157,HiC_scaffold_11,935471,937181,2.3307545739173587,0.5419931814453879,0.8990296968733387,1.0951519144842483,0.6469380046073641,0.6832987156891202,B
g6163,HiC_scaffold_11,952025,952304,0.1745453122895855,0.1860865229493488,0.5026749487651341,8.141399026544557,7.194566178745626,4.483088767880953,B
g6164,HiC_scaffold_11,952586,954120,3.4169829146834387,0.0662075262474249,3.3457459275032715,1.2084549292617672,6.062188263507801,0.9844503506051556,B
g6165,HiC_scaffold_11,955122,958374,78.13227737677369,32.37587590945661,19.5504765695644,8.122785802701781,8.294258384991869,9.142303826318791,B
g6166,HiC_scaffold_11,958640,959734,5.581026168729736,2.368995436221329,1.037990876897645,2.056195729082849,0.9807369086101227,1.2126903332717325,B
g6167,HiC_scaffold_11,959780,960869,5.92193572400173,10.254981347137676,11.00791787770569,9.391968863205786,7.944839297922277,8.13262220406185,B
g6206,HiC_scaffold_11,1050198,1051206,140.51378460560633,38.501429403110606,8.450786016249706,39.61972064844869,25.88578792835456,20.74663468234124,B
g6207,HiC_scaffold_11,1051390,1051921,54.65760433707211,117.42355198703248,64.65423887935756,68.49325186683026,62.15994457637347,39.995719781703215,B
g6208,HiC_scaffold_11,1052226,1052859,213.1697637430797,8.519194932420783,13.171885256096871,11.95867165986878,5.010578451452481,9.647772663480444,B
g6209,HiC_scaffold_11,1052926,1055407,19.465067634458,16.07228678864477,9.975449942795592,8.774252108679205,6.336076909126178,6.6616264106871945,B
g6210,HiC_scaffold_11,1055589,1057143,3.718119400871207,2.416041261238254,1.8464814565087448,6.766639593620234,5.9648221174056575,6.7650949745105855,B
g6218,HiC_scaffold_11,1081414,1082557,11.259801626434069,1.516472667765988,4.16984870324008,5.56954032502663,3.687169441800052,14.86178451228361,B
g6219,HiC_scaffold_11,1082751,1087196,5.633440961958691,4.324774617397015,12.664617859865258,8.73028401675947,7.193332216546933,11.0834291530415,B
g6220,HiC_scaffold_11,1087290,1088835,26.66522254707821,22.095469431626576,8.6914943190044,17.107259584046396,18.1010222140993,8.932437929749025,B
g6221,HiC_scaffold_11,1089101,1092011,6.77565894772694,4.027293434624481,4.466460160799686,13.20115955286846,17.847212896773346,17.526616525524044,B
g6260,HiC_scaffold_11,1214502,1215147,19.95249885222556,83.1940101906475,62.79649839170174,91.75168410995718,78.27042627733441,95.11668133846868,B
g6261,HiC_scaffold_11,1215277,1218483,2.7162421970849087,0.140870352697413,0.8643495335166118,1.9018693973095944,2.760217812931697,1.9416539581527523,B
g6262,HiC_scaffold_11,1219067,1220642,5.623897216060088,2.85471935278492,24.88352057170953,8.67053734125449,51.22553893199675,8.461712845367039,B
g6263,HiC_scaffold_11,1221445,1222681,0.9742614550841184,0.1158738613416865,0.6476004000338897,0.456978921073551,0.3051741932108126,0.2021932099945885,B
g6264,HiC_scaffold_11,1222735,1226120,13.193791157992274,8.016981703830947,13.77086787083262,20.1415229226045,17.56747657936446,25.60458439926886,B
g6265,HiC_scaffold_11,1226937,1228278,8.374824155019315,2.745765818015463,1.0591349292607517,8.6871706267466,5.169090548600998,4.805748033916865,B
g6867,HiC_scaffold_11,2777212,2780026,4.36522450340267,13.28475910740394,6.842805269755326,7.636417933772483,6.501473940796871,7.524224118699886,B
g6881,HiC_scaffold_11,2810643,2811489,0.9393368252172598,0.1906666475141633,0.253120009661876,0.4456255713541083,0.4125293780187884,0.3762403103067939,B
g6882,HiC_scaffold_11,2813080,2813926,0.1318374167293678,0.0937031427617288,0.2096689616811355,0.7789543944842802,0.2550265482853339,0.3137778838402626,B
g6883,HiC_scaffold_11,2815514,2817632,0.3883553247672658,0.1110264128521325,0.1327963145047685,0.3855085452842691,0.2991903855007967,0.2971982283095683,B
g6884,HiC_scaffold_11,2817936,2818782,0.5417652115151957,0.0468515713808644,0.0,1.9558496949213835,1.442708973532813,1.5053276791040773,B
g6885,HiC_scaffold_11,2820035,2824188,0.0124051222948554,0.0,0.0,0.0,0.0,0.0,B
g6887,HiC_scaffold_11,2826736,2827210,0.164220983335411,0.3403037632847725,0.1500262160702606,1.5053585833759675,0.8455853252413914,1.3449970978284205,B
g6888,HiC_scaffold_11,2828793,2829639,0.3096800025491522,0.142184895137946,0.1671661984782159,2.359063423918663,1.081344479619497,1.6941807100112771,B
g6905,HiC_scaffold_11,2860449,2864884,1.4596556694070058,2.864739466207194,4.925296751135239,3.552617360227825,2.587111066552924,1.7153509780716605,B
g6906,HiC_scaffold_11,2865010,2865637,2.373740209724595,0.0,2.7166449838320883,3.916338771741234,1.3230569964309953,0.2084439969982123,B
g6907,HiC_scaffold_11,2865785,2867259,12.957647063678705,3.0751347381496865,6.276835234903538,5.067931981530292,3.358776893599228,5.766750867115341,B
g6908,HiC_scaffold_11,2867438,2869355,68.79461610453654,105.19972236878613,212.1293254266301,155.2109517721432,133.49751002313698,213.204764742043,B
g6909,HiC_scaffold_11,2869850,2870770,179.76301009420715,221.5097702991747,128.39793457251994,174.68387998318673,168.75030183124744,94.68930247001938,B
g6910,HiC_scaffold_11,2871255,2872383,2.5589692100994554,13.821506057274837,35.15357330130497,45.90016827287838,41.826300344621465,81.3779643798829,B
g6911,HiC_scaffold_11,2872610,2873624,143.89564685899518,45.53101349484614,82.3922522874377,41.262422206201336,39.79739660335888,59.914345169803006,B
g6912,HiC_scaffold_11,2874066,2875505,10.984800809978788,3.595683266370825,5.3040785785973785,10.157500135962252,7.238362917682571,7.803884916215255,B
g6913,HiC_scaffold_11,2875601,2876513,19.985810574750843,11.254945909988695,6.786390180999473,13.50249661060466,9.849960708104346,9.661901478144408,B
g6914,HiC_scaffold_11,2876572,2880130,73.2578371046259,48.63848492160953,30.80628110404492,36.0433769036562,30.72301806004592,40.19044646418433,B
g6915,HiC_scaffold_11,2880518,2883180,0.0,0.0,0.0108862663244535,3.9069812275278633,2.5522645284432053,3.0372413397987303,B
g6927,HiC_scaffold_11,2983800,2986272,0.0314889749599453,0.016034154283257,0.0,0.0207986718773569,0.0,0.0,B
g6928,HiC_scaffold_11,2986325,2987795,0.0,0.0548653006112184,0.0,0.0349757257692696,0.0359679269805689,0.0,B
g6929,HiC_scaffold_11,2988014,2989421,0.0276619566812312,0.1447751808310805,0.1010837617872118,0.0188270909145938,0.0,0.0,B
g6949,HiC_scaffold_11,3052787,3053619,0.0,0.0532747706830797,0.0,6.028829614211252,8.687979255218282,7.558737929799043,B
g6952,HiC_scaffold_11,3060819,3062665,1.943332085123716,3.5639508968487217,5.417317443412935,14.179764248572535,10.681145498050988,12.29040971726605,B
g6953,HiC_scaffold_11,3062747,3068849,4.4115058404738905,5.261131683930886,8.583113752206046,14.513137163227478,11.986386751741236,12.731378965931562,B
g6954,HiC_scaffold_11,3068864,3069467,495.0942725227777,34.19914681561607,47.23096106051581,34.5379728951347,25.54051362388351,40.84769993550755,B
g6955,HiC_scaffold_11,3069707,3071430,8.612545717886151,6.870347513038462,19.47611909110478,33.776366130999634,26.122351616012555,59.2539617798411,B
g6956,HiC_scaffold_11,3071534,3073765,5.916474135531223,5.3708086020550425,8.24619607377884,12.784212503447067,9.525450037529993,12.748265559827049,B
g6957,HiC_scaffold_11,3073796,3074989,25.832747505384766,19.714552060740388,23.811500892151685,10.388240231799704,7.928118167472835,8.932742488983118,B
g6958,HiC_scaffold_11,3075084,3077749,13.740280173710492,5.869586709882656,8.01785778793726,8.259105483240075,6.121989776065737,9.300082956363998,B
g6959,HiC_scaffold_11,3077819,3078789,31.79036448043572,10.083250348792903,11.49334567416658,12.318917612801886,8.92490816054432,10.471949987592218,B
g6960,HiC_scaffold_11,3078978,3081627,55.66991533774089,77.93827075039542,70.44105267418064,32.32316043957809,26.401759051983944,30.83920804863628,B
g6961,HiC_scaffold_11,3081786,3082500,41.90084840468133,42.744470773892544,12.726175723804058,2.2562224628927323,3.3018112815430216,2.0814006911207645,B
g6962,HiC_scaffold_11,3084034,3084760,192.0934262787319,22.78032038686009,5.791264320610623,1.3455537475698387,3.439576064437591,1.608995588683935,B
g6963,HiC_scaffold_11,3084897,3086111,2.002740261845596,0.5905576608935091,0.5845601095267237,1.2855019235780132,1.434777395342014,1.976717208255004,B
g6964,HiC_scaffold_11,3086507,3087102,5.823845705987029,6.367928162604933,11.15391680836107,3.539389609861484,4.124920171858693,3.3802898630264453,B
g6965,HiC_scaffold_11,3087610,3090043,301.9546448216697,747.3566798714953,206.7339009446808,129.5637581075931,206.89088287689373,118.307159644853,B
g6966,HiC_scaffold_11,3090356,3090808,98.05075737242186,113.03721737138724,61.22447304712645,154.2772596628869,113.80451902396364,98.96903325817236,B
g6967,HiC_scaffold_11,3090982,3091510,220.70321357621265,5.995750472955313,4.240223596140167,6.8131056693627965,3.833858341930724,5.829993596488034,B
g6968,HiC_scaffold_11,3091898,3095489,35.935860610497144,41.71264589548648,85.37121027506322,40.57762198713578,35.17973170511672,55.39646885895503,B
g6969,HiC_scaffold_11,3095720,3098819,2.640892505155109,3.8863381160901858,8.026946077391083,7.834350046245342,5.373031479501945,7.579429632173483,B
g6970,HiC_scaffold_11,3098867,3100788,4.354852958115069,18.180743965294496,60.3363302026188,57.533960856350944,69.07687029749133,23.30875993661325,B
g6971,HiC_scaffold_11,3102646,3103660,31.975052722555667,53.81116405535936,77.21119126730864,87.16226951926097,88.74415053427761,66.84993005371035,B
g6972,HiC_scaffold_11,3103789,3104084,1.3427031570416983,0.1798928180275428,5.29520504934249,8.015596160958772,3.5625768041138475,3.258355453983261,B
g6973,HiC_scaffold_11,3104550,3105128,1.994148856380708,1.4961246428694326,1.3257265514148222,20.29687185523497,12.34188170504277,7.261410367377881,B
g6979,HiC_scaffold_11,3122716,3123592,9.341557903399472,11.295676000188813,39.66201215809357,25.34383765600651,34.75500778765092,68.4502119186996,B
g6980,HiC_scaffold_11,3123639,3123993,3.52973977403965,0.3359019439678925,4.809850252556791,1.0387734546044851,2.51256007267878,1.9493272054166613,B
g6981,HiC_scaffold_11,3125510,3126773,71.38188282539218,62.1139526145577,131.7841781917865,47.77812991925283,51.46689646440522,61.06221319099196,B
g6982,HiC_scaffold_11,3126863,3132678,24.14371855087682,26.36023905403185,29.15412838354461,17.365308458676452,19.96660335659277,15.183874274065277,B
g6983,HiC_scaffold_11,3132977,3135130,3.7349995080335616,0.5084276387151063,1.714724878296587,2.2058929877904814,1.2557021472715966,1.8813151178439167,B
g6984,HiC_scaffold_11,3135244,3135649,23.95479202882913,50.111066004208745,39.46169896915663,55.91607586276336,58.90406389912808,60.55213974534944,B
g6985,HiC_scaffold_11,3135707,3138546,36.87973157425618,13.197734443674213,13.236773610639911,14.571139925755675,9.911688333056434,15.580675622642207,B
g6986,HiC_scaffold_11,3138711,3142522,3.7461029122604494,6.554426026462912,6.180645845277256,15.019162483094286,9.240335563234805,8.038599685903705,B
g6992,HiC_scaffold_11,3150300,3153518,18.160834658938136,7.541990960831982,8.505202594325407,10.36172201288411,6.67051428659036,8.077622161891096,B
g6993,HiC_scaffold_11,3153911,3156005,5.920307017638159,0.0,0.7291841192296733,0.1941829914938348,0.3232519545279996,0.1267698613795903,B
g6994,HiC_scaffold_11,3156034,3156895,2.004500538453724,1.1288749153868738,34.153365659832886,2.6763888840901315,5.3481819097849455,2.5275051384177982,B
g6995,HiC_scaffold_11,3157858,3161104,3.361547213366125,9.663681621901038,11.89393341578404,10.403813781272792,6.323665357773229,10.690443137707897,B
g7019,HiC_scaffold_11,3224339,3224606,0.0,0.1484510463977951,0.0,15.521397554157367,14.371022466041572,26.62041598548204,B
g7020,HiC_scaffold_11,3225123,3226664,43.89599821566121,15.4511315551174,48.8587337849037,70.05147899016876,94.27599583960377,200.8432307102146,B
g7021,HiC_scaffold_11,3226717,3228763,6.414654035049278,5.875330284012515,22.67580523291952,8.97482999445569,6.68633252586079,11.00195229463882,B
g7022,HiC_scaffold_11,3229565,3230728,4.850100758437308,2.332557097474554,2.937858497914263,1.015689062394968,2.9414465189311443,1.926352581453811,B
g7050,HiC_scaffold_11,3297079,3298746,0.1376585608277311,0.0282915270436911,0.0,0.0,0.0,0.0,B
g7055,HiC_scaffold_11,3317183,3317567,2.3553937165469696,0.3096596045954009,0.1872778003628646,7.708031768711607,1.732217988207294,0.4144522168223277,B
g7056,HiC_scaffold_11,3319127,3319511,2.8621694073085897,0.3132510971007874,0.1830994205605915,8.52768377156661,1.3246970679404055,0.9665169669537322,B
g7057,HiC_scaffold_11,3319833,3323183,1.1247418876990871,0.012582993456575,0.0225753734658106,2.319637753119305,1.3567918189322046,1.7511601763574491,B
g7058,HiC_scaffold_11,3323255,3325553,3.124450013807305,0.5234483084712899,0.2639082884474201,1.79658919818608,1.310246769879586,1.1317613860602092,B
g7059,HiC_scaffold_11,3326061,3327603,153.71194878915244,82.7134904190083,67.55480042736536,44.53312769906307,100.26478674025296,87.80770961544927,B
g7060,HiC_scaffold_11,3327745,3329709,3.26640382468278,0.1482845735037833,1.5202066275608763,2.8345101799246546,1.834442845831216,2.598672572316179,B
g7061,HiC_scaffold_11,3329864,3330971,183.8004873859373,271.0933331371805,38.20465836888397,79.02804190670136,81.83218680403758,39.35972139728959,B
g7111,HiC_scaffold_11,3420227,3420506,12.394721555626871,5.6295524814963205,7.660874685051215,11.096110507238247,7.312046623157784,7.612755284138908,B
g7112,HiC_scaffold_11,3420684,3422322,4.746903574689105,0.6626093149111469,1.7643964477571734,3.38708844460973,2.000999387230996,7.255000389582547,B
g7113,HiC_scaffold_11,3422659,3425044,0.0786721086462135,0.3186531756756214,1.6161473824448842,10.64719022785654,5.185336157703601,2.026378560408116,B
g7114,HiC_scaffold_11,3426147,3426771,0.2466975491492932,0.0,0.0,1.8574559839205145,1.7827891514294645,0.6809547234495105,B
g7115,HiC_scaffold_11,3427119,3428106,8.010260331058475,0.2839040242772199,1.186777521358073,21.15870713842605,27.62487736310205,21.77227254694997,B
g7116,HiC_scaffold_11,3428623,3433413,14.693275500984406,6.302259239819473,12.703907674269429,8.886771078726207,5.970825978979395,8.973592652161935,B
g7133,HiC_scaffold_11,3461704,3463078,37.64345774012365,49.28224348327095,35.482584173725456,48.93463773026915,64.63539854772152,63.49393700475102,B
g7134,HiC_scaffold_11,3463109,3466518,3.724700179006079,0.8553868814090406,4.478864650779148,5.0703491385849775,3.50732680026231,3.916954851143129,B
g7135,HiC_scaffold_11,3466717,3467424,1.7205261127067266,0.1400208192682136,1.606360750602401,12.712691131691344,8.135806298470166,9.124407237671598,B
g7136,HiC_scaffold_11,3467502,3468559,2.773176683764255,0.0,0.3011119498377684,0.2464405354990863,0.2021032864326817,0.9008402007320117,B
g7137,HiC_scaffold_11,3468685,3471909,0.5095573180540135,0.1432222830440797,0.3786455220079185,0.5474275637455379,0.4268687854061278,0.495819886176446,B
g7140,HiC_scaffold_11,3481476,3482316,1.0428620753576288,1.3327070889576142,3.8153246217986654,1.9771333790873773,1.6355048072482257,5.625805248538918,B
g7141,HiC_scaffold_11,3485629,3487126,0.0,0.0289045542708102,0.0,0.0,0.0,0.0,B
g7143,HiC_scaffold_11,3490928,3492310,0.0,0.0445337269384145,0.0,0.0,0.0,0.0,B
g7218,HiC_scaffold_11,3720173,3722248,5.275206322013744,0.7491811386937108,3.012921194793425,21.721119524051183,18.050926996036424,23.104036011445565,B
g7219,HiC_scaffold_11,3722393,3724470,2.771420435152577,0.0587206361306834,0.2280640233340518,7.106358126183332,2.2242815305256527,5.214113696098227,B
g7220,HiC_scaffold_11,3725321,3726111,0.3224513752888734,10.52695261241642,7.744176658800428,3.6244883678873694,4.092859513776883,3.524154293199137,B
g7221,HiC_scaffold_11,3727506,3728677,2.2379646332605043,90.83836134410625,640.4791590605943,188.56329470637485,389.4137537231637,29.30109760853619,B
g7222,HiC_scaffold_11,3729365,3730191,0.6217183260473166,6.290355263924273,37.60704698369095,12.0457107978605,20.102979397080496,21.21637587365741,B
g7262,HiC_scaffold_11,3820377,3821547,4.095140259878638,100.71399403540568,890.3019937566053,306.6907989948472,610.7702546580384,41.03475339667083,B
g7263,HiC_scaffold_11,3822344,3823170,1.1840310903708438,3.511774251154263,36.14502770914839,2.6903390694521576,4.254395109913338,5.966357016233761,B
g7264,HiC_scaffold_11,3823325,3823583,9.240452955044208,6.405721966504004,5.503262719302178,7.548385944418774,2.9227455316742708,3.909578060778699,B
g7265,HiC_scaffold_11,3823621,3825448,1.701064015635175,5.537492072979416,14.02802988921764,6.6335935741751655,5.608637903313166,6.449860062938234,B
g7266,HiC_scaffold_11,3825620,3827252,9.186275024055735,10.69521551214598,11.280204475452956,9.348833722683718,8.430321834197514,7.383370362230928,B
g7267,HiC_scaffold_11,3827517,3828552,1.2448775391889164,0.1928128309788647,0.9595818580445804,1.116946445741232,0.2871422835201648,1.6406888478364112,B
g7268,HiC_scaffold_11,3829809,3832510,3.692313881312858,6.732070158499521,13.503966835918872,11.758416776674396,7.674180662805634,13.33770316411296,B
g7403,HiC_scaffold_12,90939,92137,9.901933293467028,15.631985855841874,41.414933626018936,25.920154698982024,31.36688740876324,37.10620966381252,B
g7405,HiC_scaffold_12,99741,101022,44.39815192804571,97.9571064062754,69.43580476304442,49.41686124106694,52.74566963411749,43.2206449187189,B
g7493,HiC_scaffold_12,281608,282028,31.372973337369395,10.545152116206353,6.875415796809859,8.95092459245295,8.977004132999546,6.316692535879354,B
g7494,HiC_scaffold_12,282206,283258,32.545730039702136,32.440055636774915,13.488230153064764,131.56050393831362,65.20951290893795,59.64624231526781,B
g7495,HiC_scaffold_12,283492,285291,11.651753076452362,7.991879811019475,33.40177326712652,20.72422019920557,13.884901228416386,29.177455550619648,B
g7496,HiC_scaffold_12,285489,285780,9.142802117350966,121.57362515014664,105.16341818186804,166.2200468641556,148.86851823653717,127.90307848546382,B
g7497,HiC_scaffold_12,287626,288142,5.457823465796706,4.196107719303572,2.6246998015831657,8.137354591139495,11.035648600335264,6.169191921781657,B
g7498,HiC_scaffold_12,288211,294046,1.4682402380950177,0.0274078578705935,0.0425865240787564,1.6354269784827415,0.8217936452689673,2.709919239903102,B
g7531,HiC_scaffold_12,391196,393888,1.4674219262929835,0.7300766039799513,0.9134840107335924,7.268158307828303,3.6610818765963886,4.972761581575679,B
g7532,HiC_scaffold_12,393952,395562,2.8484882516695142,15.212357689313176,16.087468746918336,33.351776088103385,31.30510583603572,30.5960430892802,B
g7533,HiC_scaffold_12,395709,401635,7.718423074874941,30.17221915116776,18.97416415496449,25.00226367612333,18.814753458454,25.6208169978321,B
g7541,HiC_scaffold_12,414624,420436,0.0,0.0,0.0063149521724042,1.5085275194180912,1.931771103881196,12.20344609826552,B
g7545,HiC_scaffold_12,430497,431839,18.77852999972402,7.149659764796017,10.74656513409042,34.030769043508585,42.19557786405704,29.85962530404433,B
g7546,HiC_scaffold_12,432063,433273,0.1680892015715397,1.0988709831711323,3.3232942719274643,4.193107026053432,2.8418256089959595,3.268588615834714,B
g7547,HiC_scaffold_12,433316,445120,0.6266023196666377,1.9893936110764567,5.777624424488033,4.231554898298494,3.147286319233856,2.552936553745843,B
g7548,HiC_scaffold_12,445273,451590,18.25995071201697,5.28504661649778,15.641100777495588,6.66135966157002,5.087037875263601,4.268652043794079,B
g7551,HiC_scaffold_12,462288,463467,21.684921817054285,31.15833526863939,12.52560624452708,61.12602946437224,35.196759172412065,42.55613019831861,B
g7552,HiC_scaffold_12,463567,464668,6.538067732436986,7.900329705614187,2.903264380262909,28.90529758349772,24.24768373267683,24.54460061467264,B
g7553,HiC_scaffold_12,464729,465203,25.62110536564825,11.183471171618812,9.308395429453515,13.91350494101244,10.364197280120944,13.551644219070717,B
g7554,HiC_scaffold_12,465236,465817,61.188664014474895,17.92332042315235,13.021362729113584,25.81655141716528,17.82861246973985,21.57425602755521,B
g7555,HiC_scaffold_12,465886,467411,2.8870362977161994,5.021723201749154,5.224329887197312,14.56309464736621,8.778986766117725,7.850982029426543,B
g7556,HiC_scaffold_12,467587,469007,157.24839562051824,34.85943903570758,39.718105584014594,34.64263451680436,32.778546561806806,39.7232155924039,B
g7568,HiC_scaffold_12,508204,514237,0.0,0.0,0.0058271322306702,0.0,0.0,0.0,B
g7584,HiC_scaffold_12,642534,643186,0.0645454019404196,0.0,0.0,0.0,0.0,0.0,B
g7602,HiC_scaffold_12,754620,755970,10.667136931882723,12.561945183321814,18.41537482407917,19.899390201704424,18.592453915060783,18.87435151339876,B
g7603,HiC_scaffold_12,756267,760734,8.822688245899254,164.20183904971043,147.8831375096479,79.19641904476899,173.98433007157706,248.70566325813863,B
g7604,HiC_scaffold_12,761769,763806,13.229587635658014,4.394593560260241,5.2445132586799525,9.719800194428949,7.881318404561787,14.932128823853889,B
g7605,HiC_scaffold_12,763904,767794,12.933190296524073,10.444634753844174,7.292694533608853,22.447087411977737,16.014542609818477,20.159562243029125,B
g7606,HiC_scaffold_12,767842,771177,10.308670554475505,3.3529348887675714,3.7348194017873615,16.180965487628466,9.674510755308528,9.583574310534765,B
g7607,HiC_scaffold_12,771941,776360,3.836940870584226,81.30241029634522,295.4175842366261,111.58751274580229,189.91676981228,101.53614056515708,B
g7608,HiC_scaffold_12,776521,776929,5.201097010403977,0.5964095804351512,0.3485903255750175,0.3246288837847242,0.7153577253402241,0.0,B
g7609,HiC_scaffold_12,777002,779225,5.165023363657309,5.90595756463663,2.076916426287765,0.3218379850564641,1.046791008512414,0.2399466486139891,B
g7610,HiC_scaffold_12,779249,780285,27.486964234395444,0.5305727466962298,1.3004819558575151,4.845621519988212,1.8486252821631743,2.843184317897252,B
g7611,HiC_scaffold_12,780300,780945,16.72916355796191,9.70836212793623,8.765641898661475,33.71974387772893,17.56620144030363,27.07092802169486,B
g7612,HiC_scaffold_12,781952,783834,0.8591693830130775,0.0,0.0,2.3697545746726743,2.8358964300505973,4.307137439628085,B
g7613,HiC_scaffold_12,783938,784637,0.7795210625277451,0.0,0.0,0.4056670977410098,0.3827754652502388,0.7590875150412958,B
g7614,HiC_scaffold_12,784681,789613,0.2919817118548701,0.0083162129988401,0.0,2.2943962562696267,2.431816906040206,2.8419159657013395,B
g7615,HiC_scaffold_12,791576,794924,134.68613647912116,24.86150859253002,80.34638994851571,20.80013566758361,22.85247850936802,45.38941523961693,B
g7616,HiC_scaffold_12,795064,796346,16.14162709638716,62.58062784029678,26.939775360641946,116.24408579455988,78.65355279804137,100.1350140986484,B
g7617,HiC_scaffold_12,796666,800464,5.635139110371036,11.545956337380394,11.699958339302878,29.446643872425003,20.647737611946653,38.86972319708236,B
g7621,HiC_scaffold_12,811099,813800,10.141577769282684,4.452657665538865,9.40384632758566,8.562977269290071,6.440421331362544,10.540073234355075,B
g7622,HiC_scaffold_12,813895,815866,12.45344164444644,27.294752713103485,18.661083442234347,58.98345987470688,39.243409972892735,51.05322961680612,B
g7623,HiC_scaffold_12,815978,816635,3.358991190984856,7.038641962714745,20.607756267483992,15.800782237975463,13.441601693766216,13.73745365415725,B
g7624,HiC_scaffold_12,816678,817711,12.386232837383185,5.680662787353107,8.55521019941948,27.006586007393626,17.81501194202862,24.06942472487404,B
g7625,HiC_scaffold_12,818395,819922,45.742486825431975,11.427030244488517,24.95121369278188,11.847408459615114,20.241237552052173,31.68047266279695,B
g7626,HiC_scaffold_12,820059,821615,7.7490330326365475,5.408864504237448,5.877766139932776,9.239583638624865,5.179426067372782,6.453349429981477,B
g7627,HiC_scaffold_12,821650,824408,7.625072247416236,6.449502420955099,4.595765793209793,10.56124085246799,7.976958033105236,9.272012956782389,B
g7673,HiC_scaffold_12,947630,947966,0.2212985209385816,0.1179655636553908,0.2092564806406759,2.953589044591228,1.598960193516838,1.737367238834553,B
g7674,HiC_scaffold_12,948559,949498,14.711237951540978,0.4941911268289894,2.306953036462565,2.9194544889696856,2.7281633020550995,4.747530484368323,B
g7675,HiC_scaffold_12,949724,951303,18.939556765318724,36.40340405996125,42.14078345368088,131.71566497014115,205.818247598426,88.09523339720465,B
g8180,HiC_scaffold_12,2289588,2291467,7.45461783043984,0.0662816544953366,0.1184699165718362,2.113724215316042,1.2038211388493585,1.7751076128287462,B
g8268,HiC_scaffold_12,2483181,2484942,0.0,0.0225079099308411,0.0199631395500474,0.0566146506848222,0.1081097648038535,0.1205581320240306,B
g8269,HiC_scaffold_12,2485401,2486604,0.0618090632047909,0.0329479878538747,0.0,1.5566022464560345,0.653226172075843,0.3092872274661754,B
g8272,HiC_scaffold_12,2492859,2493531,0.503106855245174,0.7201070705222419,1.164042694330862,3.4380904084078194,2.365441217169497,1.0264164051691065,B
g8273,HiC_scaffold_12,2493786,2494230,0.1674691509805483,0.1847547860823413,0.4786825007429601,2.0106025205555875,1.4577868908742737,0.5978740759659058,B
g8274,HiC_scaffold_12,2495026,2495767,0.1026970641945669,0.1088420943299474,0.190853716481202,0.4226467640262892,0.7949503581405966,0.2147768573006394,B
g8275,HiC_scaffold_12,2500820,2502581,0.064325199367323,0.0225079099308411,0.0807636870156769,0.3883702542292413,0.5249317379138563,0.1809252180371415,B
g8276,HiC_scaffold_12,2502982,2505168,0.3702670561553058,0.1710313489056542,0.1003470398158045,3.3285114909922937,2.664018865071008,2.630976316902311,B
g8277,HiC_scaffold_12,2505423,2507407,0.1839539010992346,0.391296627574755,0.4527741639720146,2.046706344830352,1.849773295471836,1.3015592696942837,B
g8278,HiC_scaffold_12,2511344,2513105,0.0,0.0,0.020418703957791,0.0451272860593415,0.0,0.0301835430065554,B
g8279,HiC_scaffold_12,2513910,2514654,0.0,0.0,1.0964882815778227,0.7580542590541004,0.3596237234004259,0.6421491400849195,B
g8280,HiC_scaffold_12,2515650,2515866,4.916180096707485,1.1201665541457098,6.418014771650007,0.0,0.0,0.0,B
g8281,HiC_scaffold_12,2516877,2523218,13.797643143778703,7.848646263686771,22.4114628971249,0.0209239470117168,0.1077750243738057,0.0419851652721517,B
g8284,HiC_scaffold_12,2529394,2530912,0.0,0.0,0.0705334414275188,0.6095786775845989,0.1741530061312131,0.0,B
g8290,HiC_scaffold_12,2552260,2554189,0.0,0.7257073770593347,0.0946555970587872,0.0411087328189657,0.0432819285369231,0.0,B
g8376,HiC_scaffold_12,2790347,2791667,80.79096567521749,75.2292175349645,79.81341059085838,57.723000620397855,51.390019508033504,117.28498083971648,B
g8377,HiC_scaffold_12,2793124,2794415,28.167453059035044,58.4097027233688,48.29211497743316,18.65483767041646,18.785683090603765,44.89180769187652,B
g8378,HiC_scaffold_12,2795185,2796411,118.61832543237554,3.200173416545373,6.707569900325461,61.70636121355065,43.7261516841114,347.527559195,B
g8379,HiC_scaffold_12,2797810,2799543,20.63858886660165,5.087874218557731,18.14043677376208,8.881889487053392,11.182204349582362,29.96766460428513,B
g8384,HiC_scaffold_12,2812186,2813001,357.7232464096943,15.66708314407801,48.9292182420771,90.73677760789296,90.58759582108048,202.8174937594156,B
g8385,HiC_scaffold_12,2814071,2814916,4.010123217470226,0.9911151078155588,5.010053192214327,8.007796089199607,6.0938780422194565,7.335990113008678,B
g8386,HiC_scaffold_12,2815220,2816477,0.7223900724598213,0.0,0.0,1.53588354324407,0.4272734709839358,1.3678967175094416,B
g8387,HiC_scaffold_12,2817520,2818003,24.470192933024528,21.78678311194614,15.991970765960293,46.53918413909684,39.14653689205636,41.86220675909708,B
g8388,HiC_scaffold_12,2818610,2819807,3.0811738590285964,7.065518867472862,7.492890949642982,18.14876830293087,14.606584029928095,17.833085787519217,B
g8389,HiC_scaffold_12,2823481,2824993,0.7269001669355148,0.08046795926506,0.0713439239477579,1.30753059074147,1.3863291318949695,0.9473193527367492,B
g8390,HiC_scaffold_12,2825218,2826481,3.3014559441443243,1.8117484328515303,1.9194303163615305,8.96780031526873,6.958449580972235,11.684627517124229,B
g8391,HiC_scaffold_12,2830405,2832166,0.0211119542973774,0.0,0.0,0.0424609880136166,0.1093196027378818,0.0301835430065554,B
g8392,HiC_scaffold_12,2832752,2833955,0.1574191194131587,0.0,0.0,1.813032754589832,0.9468761330131183,0.8379477363201888,B
g8393,HiC_scaffold_12,2834394,2834949,0.1339753207844386,0.071416989888669,0.0,2.080134152052856,1.023329910911753,1.3380090757915764,B
g8394,HiC_scaffold_12,2835204,2837345,0.3252073699494621,0.1039893627425391,0.0607798516387209,0.8548987211511584,0.989804767725741,1.3153532532059071,B
g8395,HiC_scaffold_12,2842372,2844133,0.0211119542973774,0.0,0.0199631395500474,0.2043726395035691,0.2012073624693096,0.1807491780349504,B
g8396,HiC_scaffold_12,2844403,2846587,0.5178683788121556,0.0369285677190893,0.0486572871634327,2.066569045586717,0.9075352449116776,1.4335026672584743,B
g8397,HiC_scaffold_12,2846842,2848987,0.1981025784360203,0.1016318702261828,0.1823395549161629,0.3995078656290254,0.6951562167853584,0.5446312973733441,B
g8398,HiC_scaffold_12,2852924,2854685,0.0211119542973774,0.0,0.0,0.2052614055188107,0.1219120940082229,0.0903745890174752,B
g8399,HiC_scaffold_12,2855234,2857427,0.837057545202412,0.0187029468811125,0.0484575992544172,1.0407395898679346,0.3959581171464337,0.5078602610007106,B
g8400,HiC_scaffold_12,2860047,2861025,1.0352977491221471,0.2040503886126022,0.0735323878725357,4.136976066232546,2.333788369359111,4.2319232638913045,B
g8401,HiC_scaffold_12,2861766,2865524,10.254689287863313,12.713072151180926,4.534523525289632,37.6361760244949,23.5898827056622,49.03831552685105,B
g8402,HiC_scaffold_12,2866259,2867228,0.5863009308174305,0.2059455934603973,0.0,3.5885189609707515,1.7112829245830117,4.325122963868591,B
g8403,HiC_scaffold_12,2867439,2868090,6.032125978738275,1.1758899485017371,1.1475907862407153,6.839783484247274,7.516827633426902,11.415085223024342,B
g8404,HiC_scaffold_12,2868123,2868915,8.638760511369231,4.495885619293498,2.876268171868464,8.580465550684053,7.659646514915146,11.129348745028318,B
g8405,HiC_scaffold_12,2869060,2869411,6.090391948832248,4.015216975898836,2.142151268874428,10.72421923353338,8.373488986602613,12.403429840828728,B
g8406,HiC_scaffold_12,2869485,2870718,0.5842032855623993,0.6174914493985609,0.7245074608982116,1.6906003550861943,0.7384885487059586,1.0772185466146689,B
g8407,HiC_scaffold_12,2870806,2872123,12.495402994370943,5.686865741520975,3.9763033053889663,8.196727117825628,7.079602925117571,7.495769532850309,B
g8408,HiC_scaffold_12,2872217,2873537,36.01919593821064,9.242544299601118,11.254605401394056,13.162187858214756,9.132004394356208,15.40228970655952,B
g8409,HiC_scaffold_12,2873586,2874924,11.54212654863197,1.9492436263387964,3.239647993847064,7.870186633998109,6.619064533364822,10.472570597211394,B
g8410,HiC_scaffold_12,2875467,2877927,3.083535339419579,0.6902453472962504,1.274515910507185,4.984540986748343,3.7972353892828137,4.538571977280233,B
g8411,HiC_scaffold_12,2878012,2879905,2.06646884188694,0.0,0.3397891354695604,1.0871740733779418,0.3564495869940873,4.373582639403426,B
g8412,HiC_scaffold_12,2880057,2881251,3.210547129197936,8.261013857210717,6.772951635128699,21.12782826264428,18.11270829696407,26.58140210749333,B
g8413,HiC_scaffold_12,2882231,2884229,4.585897754202199,5.994059674857304,5.754300162505551,14.213603950931711,12.661486945574588,18.06520422523964,B
g8414,HiC_scaffold_12,2884344,2885954,3.398081208750248,12.424603318365763,10.246348378924887,41.84590457628217,32.9783184879112,40.54118338374749,B
g8415,HiC_scaffold_12,2886268,2887975,0.82014218372207,0.0704677336184547,0.4826067783914846,1.043186694431658,0.954186333848601,2.23869459220722,B
g8416,HiC_scaffold_12,2888309,2889653,0.6729696332991342,0.0294913909138477,0.0529110315604936,3.9181081968907407,2.7754851419712168,3.3567808776898973,B
g8417,HiC_scaffold_12,2890980,2891913,2.9425134494977048,0.4307404355523976,12.234610586476148,54.8782640781846,25.290811792685886,46.59946988862253,B
g8418,HiC_scaffold_12,2892109,2894269,4.621512007019723,2.491774067403544,1.728926186615554,6.101952134543446,4.331603193914485,7.026878346834506,B
g8419,HiC_scaffold_12,2894911,2896774,9.238354053926832,17.123979012064904,5.046743433495848,23.06890087920663,17.052479435348758,19.17239689941858,B
g8420,HiC_scaffold_12,2897000,2898807,0.9862397171654118,5.97700244775457,4.098965516675485,17.935437975719225,13.37606956067042,19.242429009428143,B
g8421,HiC_scaffold_12,2899142,2900306,16.147601908863127,0.5167028405786185,0.4592324497532917,1.3678362844255365,1.4410720578499578,2.14462308020655,B
g8422,HiC_scaffold_12,2900991,2902898,19.923230453746,17.315645766369347,23.061055245056444,48.13967641231919,48.96741201602063,60.5994968348924,B
g8423,HiC_scaffold_12,2906419,2914329,0.0447018067195548,0.0,0.0089727127992939,18.661364729120105,20.983886822835416,74.57569348646251,B
g8424,HiC_scaffold_12,2915642,2916353,0.5849909322443625,4.899024073105303,2.497051917955668,6.584691700111723,18.219345185518208,1.8659077858742523,B
g8427,HiC_scaffold_12,2918189,2920669,0.1443104124939844,0.3211959745071722,0.6005323748307536,1.5979525915407635,1.905841716578385,2.3419410760267,B
g8428,HiC_scaffold_12,2922148,2922859,0.5849909322443625,18.8064377187313,10.913188422934534,12.44422022936599,39.45452944580197,2.8364588839298053,B
g8445,HiC_scaffold_12,2971539,2974248,0.2933477128585462,0.0888065125778533,0.9733390623456948,1.5188172480088769,1.0919432353347551,1.8420828642192608,B
g8446,HiC_scaffold_12,2976796,2977537,0.2532158962499586,0.5423492933473509,4.336973576860027,7.877895853655463,6.188407426327159,3.866820155956338,B
g8447,HiC_scaffold_12,2977733,2979824,17.916360293269804,19.511950865216512,8.318494622137807,125.56525161065984,57.98271990289135,39.9082444796737,B
g8448,HiC_scaffold_12,2979997,2980870,7.075335097457547,0.5057471429079019,2.5306972651416144,3.5548749985346664,2.751253160682542,9.730349222592883,B
g8449,HiC_scaffold_12,2980912,2982109,2.2032707075137297,0.2672094413950103,0.5660598774181078,1.593170489096993,0.9197474322255916,4.390174232256577,B
g8450,HiC_scaffold_12,2982627,2983939,130.76449719095314,68.17273770366641,69.80998707495144,105.0098391173652,93.49393431404984,137.15684846891483,B
g8451,HiC_scaffold_12,2984090,2986547,0.8031481376369947,0.0161320428930448,0.2315422919570323,1.4381844051619526,1.1790290617196575,3.437058088307485,B
g8452,HiC_scaffold_12,2987039,2991977,0.4664357057457751,0.0083927895457908,0.0071935929502012,0.982213695679975,0.3694145606276436,0.6947607725986895,B
g8453,HiC_scaffold_12,2992209,2993352,3.2394526516608684,0.2822466908083678,0.466266031206263,1.0945254771125337,1.7191712844029006,0.9287089697914174,B
g8454,HiC_scaffold_12,2993543,2994665,4.372318629543686,5.226515281207384,63.36445704531259,3.03145077556168,4.066282766025349,5.342721505023941,B
g8455,HiC_scaffold_12,2994995,2995829,0.8232960943002134,0.0,0.0862286275052038,1.7597790246196827,1.3747587819198617,2.1009546715549225,B
g8456,HiC_scaffold_12,2996009,2998450,2.77642139185148,0.1178006501223268,0.1508942247277527,7.619250434647855,6.541210189570128,13.81321591968754,B
g8457,HiC_scaffold_12,3000507,3001356,5.126201615991837,7.738150184831392,32.73340649280449,12.96693083664102,23.98371145987853,104.46106536088637,B
g8458,HiC_scaffold_12,3001990,3002830,1.879648308417547,5.752647438451337,28.937806804508583,10.8560898706433,23.64501705067021,104.7550983288529,B
g8459,HiC_scaffold_12,3003077,3003809,10.509497464439878,0.0,0.0480260775240895,1.570736480233351,0.8090901670558982,1.6675737755892948,B
g8460,HiC_scaffold_12,3004115,3004670,59.01471410636032,25.10289657947375,7.762736333625475,63.31109103492131,49.31244937054669,43.512385616428304,B
g8461,HiC_scaffold_12,3004860,3006324,237.42534947357703,197.86190014681395,32.089960949687345,181.41832584571,187.48227375605973,108.3906013890208,B
g8462,HiC_scaffold_12,3007483,3008137,10.486498192856857,0.3051395719619649,0.926084094694396,6.3628626332718765,5.499708724254946,9.74055984801984,B
g8463,HiC_scaffold_12,3008630,3010529,7.043369608106922,0.698952097693487,1.86061201414962,8.444498383798585,7.326963209944177,21.72219605804288,B
g8464,HiC_scaffold_12,3010660,3011407,20.27414911341897,8.207403637760898,4.18868375148776,15.573610609209418,18.123523058041904,20.750869617242227,B
g8465,HiC_scaffold_12,3011475,3017874,23.465850395513307,22.102488196533344,12.357926563893171,19.428689654041385,18.32544951905934,17.35707845691838,B
g8466,HiC_scaffold_12,3018040,3023549,2.195129433922871,6.566126280308009,12.432990491366825,8.112543367734762,7.546832104121367,7.771741318072867,B
g8467,HiC_scaffold_12,3023631,3024491,21.888832870191703,23.98861161828404,17.976323130675407,80.30746636919663,59.898917869244606,53.61868761081132,B
g8468,HiC_scaffold_12,3026111,3030473,55.48128286470149,7.518044162384993,6.732444660958972,6.131289509593262,9.28497285164264,11.263808102496132,B
g8469,HiC_scaffold_12,3031336,3032539,186.021589450706,2.698593717056439,52.55993608861471,48.43352312386233,55.45828514390037,136.23730335112174,B
g8470,HiC_scaffold_12,3033056,3034121,4172.623672518716,5515.952308669957,5697.509357161027,3661.489319178926,3755.121971467596,3813.2750431876034,B
g8471,HiC_scaffold_12,3034214,3034977,9.576219196369616,12.834507200700564,7.057555990302072,18.642438315563368,15.892318877335814,18.681003668666552,B
g8472,HiC_scaffold_12,3035613,3038661,9.99678043165285,11.251625078263098,37.28659988798528,38.49745316722867,37.54739096380492,60.89099072552082,B
g8473,HiC_scaffold_12,3038761,3040385,2.8734003221092403,5.102599580481799,4.36264788422493,16.712788702875084,15.398806737710808,25.960996422330027,B
g8474,HiC_scaffold_12,3040815,3041699,95.93831471340629,48.086975613128274,199.7652090833873,197.97741762061585,155.19547506890405,657.8488355880318,B
g8475,HiC_scaffold_12,3041988,3042559,197.2762277077292,388.230224777295,168.5285775610158,491.40902116767074,459.74651680476296,523.8615503109377,B
g8476,HiC_scaffold_12,3042790,3045558,1.8751093510961327,2.925292940491872,3.9391722678881536,11.021730717578668,8.61907076315777,12.14392076424846,B
g8477,HiC_scaffold_12,3045586,3046221,12.2251753268657,3.6267602966794703,23.54036528265665,80.42374527813482,56.166021853406335,71.47962633011622,B
g8478,HiC_scaffold_12,3046687,3047631,2.48477235354384,1.6805428954559267,13.35158225760465,3.996098953849015,9.615441981586798,12.833719455889344,B
g8479,HiC_scaffold_12,3048552,3049737,0.256872656770208,0.0,0.1200209728562085,2.7966185946544315,2.0126539608889007,0.7168957708195195,B
g8480,HiC_scaffold_12,3051723,3052839,7.7907065538404385,1.441668851795355,1.5006739614299265,10.019982480492075,11.626321626692723,6.51452579772932,B
g8481,HiC_scaffold_12,3053360,3054635,2.130900395708024,1.9479703148144327,1.7045814704305564,5.378809082675314,3.318806955915332,4.371002236930833,B
g8482,HiC_scaffold_12,3054687,3058781,2.5149331042847654,1.2752471278268065,1.3015100389208203,4.740492291337613,3.24369407542392,3.5856928719923378,B
g8483,HiC_scaffold_12,3059207,3061116,9.917964976520556,5.692137344821559,2.77326366543622,21.54128512816999,12.585647706508563,17.348107454715816,B
g8484,HiC_scaffold_12,3061164,3062565,17.236510922017132,1.616136345811745,1.2460953429730637,6.935571415472533,4.278473352786525,8.842954363029497,B
g8485,HiC_scaffold_12,3062747,3065095,15.23241870538445,3.7432684117433777,4.30655406801991,9.020390114207654,4.748750070476451,6.025047124340818,B
g8486,HiC_scaffold_12,3065250,3066744,24.26428232388366,3.0332543578703177,41.55203582030784,4.927704035823022,17.666564709306385,6.788510482697856,B
g8488,HiC_scaffold_12,3067972,3069847,4.727888696657194,20.222566447289715,6.146860760598692,25.24317380016737,19.488720123278632,14.834140927782045,B
g8489,HiC_scaffold_12,3069965,3073247,8.685611890555567,6.793981910145615,9.29511655939158,7.824629549339881,7.151615510977675,9.00892209071143,B
g8490,HiC_scaffold_12,3073286,3076273,2.0000761464042447,2.746055985454692,5.21241203938609,12.918446504766738,10.9589231987826,14.773208810025311,B
g8491,HiC_scaffold_12,3076395,3076620,43.32257791492237,127.83003514781018,45.77159871812624,98.31412086390267,102.18998123273396,64.17091214345233,B
g8492,HiC_scaffold_12,3076895,3078218,21.38504302546485,29.779686574569475,12.80605212668409,20.184182429211745,19.78633007640668,17.73167209369339,B
g8493,HiC_scaffold_12,3078343,3078984,4.932540397540203,9.522852956475184,3.582198707827157,44.832461449204594,33.301558928418046,32.03600515851841,B
g8494,HiC_scaffold_12,3078986,3082646,1.0752028136077545,0.4455284298886765,0.3423099490739855,2.967713453657398,1.33422007634885,2.1593133197012664,B
g8495,HiC_scaffold_12,3082757,3083216,8.456828225682463,4.525845488222089,11.308877346472936,15.906084305019531,9.46679613155048,11.332222519096836,B
g8496,HiC_scaffold_12,3083342,3084504,100.89813470835782,80.20941088017288,131.57836680086655,195.3143739581406,150.42667526490254,191.6460907895413,B
g8497,HiC_scaffold_12,3084692,3085793,116.52974727943489,52.61162274558126,36.37510280824026,80.76433458702576,52.37201195001618,41.31078787195629,B
g8498,HiC_scaffold_12,3085833,3086521,2.347324441197277,0.0,0.0797167545297813,3.882554093683046,1.2255020678557664,3.0075973453803515,B
g8499,HiC_scaffold_12,3088003,3088702,2.126658886092435,3.758792325822988,11.5189544543577,11.819651755369389,16.13656309146814,15.559741808627672,B
g8500,HiC_scaffold_12,3089354,3090574,0.3894271085342276,0.0368026271014032,0.0,0.470118462436455,0.2268518205960392,0.2958303704395602,B
g8501,HiC_scaffold_12,3091458,3095518,8.097477928394344,11.046754824279644,6.199152804183681,45.576290871510814,32.51689368525564,13.92028407245868,B
g8504,HiC_scaffold_12,3103920,3104433,0.0724720302488922,0.0,0.0,0.0,0.0,0.0,B
g8521,HiC_scaffold_12,3140113,3144166,11.650346627958132,11.056807762233127,11.12567350729011,13.096674961993058,12.88820759882708,9.40468799343204,B
g8522,HiC_scaffold_12,3144404,3144725,3.939468170255771,9.422207610509364,4.647212619556869,0.0,0.0,0.0,B
g8523,HiC_scaffold_12,3145090,3146636,7.8409157447265745,6.622365582586244,3.875951848711944,12.15041615932502,7.997173612837694,8.297133743788898,B
g8524,HiC_scaffold_12,3147181,3147564,30.203289805652908,105.20777015544724,200.7107861057356,989.0813979779024,1222.5036235999137,911.7213799387988,B
g8525,HiC_scaffold_12,3148799,3152932,0.084331729629867,0.0100750583419994,0.0439657183557635,3.952120330303901,2.648514259339964,3.559412533956248,B
g8526,HiC_scaffold_12,3155175,3160639,0.0068772015386018,0.0073319329241974,0.0,4.17901245033102,3.508122682339679,3.5239909460546857,B
g8528,HiC_scaffold_12,3164674,3165847,0.096570056339178,0.0699327579032903,0.0306541668113128,0.0,0.0,0.0,B
g8529,HiC_scaffold_12,3165976,3166423,0.5185235274499862,0.0917574105375386,0.2395296735726478,0.111519462926143,0.0,0.0,B
g8530,HiC_scaffold_12,3167220,3167647,34.83459945183576,211.6589431831209,2141.9134012085688,364.3092792586862,628.0020586117663,93.01247566758902,B
g8531,HiC_scaffold_12,3168519,3169639,3.29933647923643,0.2287816992104549,0.4116189820941569,5.566578474768869,4.125137219342642,3.139338977330457,B
g8532,HiC_scaffold_12,3169753,3172171,5.989199877710029,9.43417399748722,8.495217828128327,19.22788576508725,19.142387592438325,24.298783453550165,B
g8533,HiC_scaffold_12,3172540,3174521,1.3364571786825503,0.2783552955053335,1.1638461291290922,0.8507949386357225,0.3927964803568075,0.7967524685680296,B
g8534,HiC_scaffold_12,3175427,3179333,52.405625641222485,0.8459356786531183,0.1770963825529915,0.2281045703943658,0.2106461386225385,0.3867134508220695,B
g8535,HiC_scaffold_12,3179410,3180214,1.813516812842019,0.0,0.0,0.8254860305873413,0.8326278068100104,1.319905903019566,B
g8538,HiC_scaffold_12,3185071,3186921,0.9282298084692452,0.3281962763213107,0.9540736045699622,0.166157586406647,0.3913538935181072,0.5260342119205563,B
g8539,HiC_scaffold_12,3186237,3189199,0.2147155683218927,0.0,0.0372808062930741,0.0,0.0,0.0,B
g8542,HiC_scaffold_12,3198823,3199174,86.72542764210864,50.139566014252495,20.97247722955548,30.17032524358237,24.18878716530954,48.52807058407356,B
g8543,HiC_scaffold_12,3199494,3200034,1079.8068241661767,265.72731424146787,102.75615608117698,382.5920582790359,383.5488925829683,530.5415830773577,B
g8544,HiC_scaffold_12,3200249,3200867,3.754261955603408,0.128273234266056,0.403389347769548,3.9200907604025095,2.618355095259618,5.582021263268242,B
g8545,HiC_scaffold_12,3201444,3202557,0.2734897558604641,7.171096586302522,13.065798689756992,1.7539792673122778,20.73299219975313,3.148600532033792,B
g8546,HiC_scaffold_12,3202675,3203491,4.047114977718048,0.0988382253657978,0.6100330697562806,1.8424250660358288,2.3017728712916394,2.407094436430472,B
g8547,HiC_scaffold_12,3204223,3204910,6.146429407230363,0.1750923162834095,0.8257567882013912,4.222701763296351,3.6053744382305184,4.78927144540923,B
g8549,HiC_scaffold_12,3209977,3214804,0.007702123786551,0.0,0.0,0.0,0.0,0.0,B
g8557,HiC_scaffold_12,3237307,3237889,0.2555199417022799,0.4157319170025314,0.7949001652465488,6.71349405563557,6.620011686863745,5.378796939602491,B
g8558,HiC_scaffold_12,3241361,3245414,10.060847179326837,12.439981461593147,22.90804188318813,8.413226195961808,8.17283093190914,5.409419926947806,B
g8559,HiC_scaffold_12,3245588,3247124,4.720828965201831,3.067931618172705,3.7079312479512274,16.869166056294514,12.13905663587212,14.783968989993848,B
g8560,HiC_scaffold_12,3247626,3248009,36.22304334627864,85.6709735427198,207.0793240489988,228.19684106654785,272.4684557287162,202.2544177228695,B
g8561,HiC_scaffold_12,3248833,3250003,0.0,0.0,0.0300470843996868,0.0,0.0,0.0,B
g8563,HiC_scaffold_12,3253571,3253998,52.725171779384,274.1957416597781,1654.1854750010607,204.86386995770823,360.13923538310115,62.01361636717658,B
g8564,HiC_scaffold_12,3254870,3255965,3.442682660799735,0.2919473972687763,0.3620477846546228,7.1650712429752605,5.845144204445409,4.058399022760406,B
g8565,HiC_scaffold_12,3256079,3258497,4.626375348743281,8.919211237269337,9.806624814473082,16.223900284713856,15.776385188284472,18.36997464138317,B
g8566,HiC_scaffold_12,3258868,3260857,2.562820725924341,0.5016623430445576,1.880856587062737,3.5866438251630184,1.8264621883869576,4.616478959522482,B
g8567,HiC_scaffold_12,3262004,3265699,57.1254172879903,1.18217634403347,0.536451851390643,0.2371996628072535,0.1803000161396244,0.2658052731612705,B
g8568,HiC_scaffold_12,3265776,3266568,3.916699233129261,0.050045996702287,0.0,0.6078194243435215,0.3405184025400765,1.0043412245644072,B
g8570,HiC_scaffold_12,3271042,3271393,49.08069827803317,10.546201790878005,7.619194744752793,65.18339319648939,59.8512186698231,128.32960511888896,B
g8571,HiC_scaffold_12,3271888,3273832,0.0200207680300886,0.0,0.0,0.0,0.0,0.0,B
g8572,HiC_scaffold_12,3274124,3277692,0.6652668217054774,0.6243848194746919,1.3254511554228514,0.124515822344684,0.0700950161953841,0.1208812653157274,B
g8573,HiC_scaffold_12,3277764,3280110,0.3221477327720841,2.608651940507606,13.54436360225157,0.0,0.0,0.0,B
g8574,HiC_scaffold_12,3281277,3281817,176.42592034989437,23.63582089933489,44.36307956386834,790.662078683381,606.359484244138,1089.4992918953153,B
g8575,HiC_scaffold_12,3282037,3282661,0.5501834476333157,0.0,0.3969392933934421,3.685189434393632,2.598300057328813,5.0147753094122045,B
g8576,HiC_scaffold_12,3283240,3284356,0.0666275116804332,3.060920272534309,10.241208148706928,2.8619606760059164,27.530806469506764,6.040186956117823,B
g8577,HiC_scaffold_12,3284474,3285290,2.975715563787169,0.0971481112456159,0.3495734737637876,1.4662966538641151,2.873419249277912,1.8212256047306687,B
g8578,HiC_scaffold_12,3286051,3286828,10.857764347323638,0.564683384188496,2.69524640818699,3.49493963058785,4.026268555747993,3.825675924535792,B
g8579,HiC_scaffold_12,3287041,3289234,1.4720125900728624,9.94252571714435,16.24672813032842,33.73989355952604,29.808835391296213,38.09277614301385,B
g8580,HiC_scaffold_12,3289280,3290042,5.128280282542912,22.969634350517893,23.560472177351738,49.18031953413692,39.627607463164594,43.953898115452375,B
g8581,HiC_scaffold_12,3290128,3292279,5.848208708974399,8.234819753129955,14.17094506338449,11.803824293535047,7.93170537542187,13.202334488609392,B
g8582,HiC_scaffold_12,3292514,3296741,108.11576142368516,69.48539378114452,23.50487801482089,33.53469331312218,29.972450345839786,48.98043075686701,B
g8583,HiC_scaffold_12,3296901,3299103,2.117059915916529,1.525331650919601,6.7561677863919485,17.286177380625432,14.854381491474474,40.02025506276901,B
g8584,HiC_scaffold_12,3299278,3300367,38.664965407922985,169.35531067077986,108.17662298926462,277.1643711210525,249.43773387604472,101.87908049518822,B
g8585,HiC_scaffold_12,3300705,3301698,7.795745341403016,18.7237777073888,93.2866825704123,126.75458145877784,209.8463381206912,98.54438362887046,B
g8586,HiC_scaffold_12,3302135,3305852,28.902087519414582,24.10153714465064,22.626448329108666,47.35141795917604,44.07507869261334,71.18312021720894,B
g8587,HiC_scaffold_12,3306596,3307680,3.0530006462755352,1.6034188543380918,2.4902372184538755,1.1158542143614896,1.181992946943744,1.238520151461249,B
g8588,HiC_scaffold_12,3308050,3308836,69.29332158157904,18.94177629592208,18.1821767978523,26.28178409178232,28.318488575488896,61.92413562480473,B
g8589,HiC_scaffold_12,3309572,3309893,0.7057736827779182,1.0007128799747536,0.5525854877951424,0.0,0.0,0.0,B
g8592,HiC_scaffold_12,3318176,3321509,0.4413005003250272,0.0237842360565324,0.3087682450482479,0.8441596473412648,0.9008761206024816,1.2571599557927056,B
g8593,HiC_scaffold_12,3321540,3322236,2.560657402280539,0.1748097046103029,1.3294020004985383,6.433198817424588,2.055974051657461,4.572820429240831,B
g8594,HiC_scaffold_12,3322267,3322642,0.7032840098383826,0.0,0.9503050160228114,2.442845339034222,5.786966973100771,13.300593140317623,B
g8595,HiC_scaffold_12,3322934,3323540,6.4724073381004,6.158511150633144,45.30771117748439,22.93022618454753,68.82141126460986,125.3993851142104,B
g8596,HiC_scaffold_12,3323890,3327294,0.7953880979533074,0.0,0.0116253920690817,1.788684029337967,1.119462285615041,3.757201618623367,B
g8597,HiC_scaffold_12,3332357,3334354,1.0131642190771395,0.5086139728666135,3.3704286806693933,11.432242946202996,11.455273456945472,18.111594983258584,B
g8598,HiC_scaffold_12,3335272,3335779,0.4571597963908162,0.0,0.0,1.8099252842025124,0.5840769253302935,1.6725275270253204,B
g8599,HiC_scaffold_12,3336878,3337905,1.5569817293568662,0.3657686707414561,0.3261436523326077,0.1165857525642323,0.4292880578654746,0.3608835629473329,B
g8600,HiC_scaffold_12,3339379,3339877,0.2986196909050741,0.079591223671107,0.0,0.1032416001623021,3.102862939124017,0.4263109849283494,B
g8608,HiC_scaffold_12,3360977,3362330,1.6375227791138978,0.658765196045534,0.813183286890698,2.0439152201735,2.049533806509109,1.7262687227504483,B
g8609,HiC_scaffold_12,3363687,3364841,8.901621078470793,16.996550181284185,19.79615325937904,71.07254932294018,41.123268128426446,55.29308471941079,B
g8610,HiC_scaffold_12,3365103,3369435,5.708880369910537,4.998063710050713,4.803543906870879,5.731543547848998,4.62270638524002,6.421056353871117,B
g8612,HiC_scaffold_12,3371550,3371880,0.0,0.1242895833644841,0.0,0.306859141844886,0.0,0.1610703613168004,B
g8613,HiC_scaffold_12,3372159,3373635,4.541760872717187,1.7245018365377431,1.6879008613629638,8.221618806412586,7.513513845681217,8.486571385913699,B
g8626,HiC_scaffold_12,3398565,3400497,0.42966608908834,0.3148746232111047,0.8680946623819396,2.1474074671516994,2.06971128992136,2.9680887931954434,B
g8630,HiC_scaffold_12,3406149,3408204,1.1454148890583775,1.51200505487835,0.9378373496669216,4.845219778995706,4.229437150873201,6.352458144560397,B
g8631,HiC_scaffold_12,3408291,3408792,0.0776853753502842,0.0818673902400793,0.0,2.755211518998228,3.373245292926577,1.2712746736186706,B
g8632,HiC_scaffold_12,3413324,3413834,0.0728983363091798,0.0,0.0,0.4063184009336203,0.2115220194601886,0.0,B
g8636,HiC_scaffold_12,3425990,3428630,64.79577146761278,11.373866269425813,26.098812432534395,25.951131344272305,18.04770637863393,48.88583814340318,B
g8637,HiC_scaffold_12,3428774,3430153,9.57985959341049,12.06411723918204,15.2856755257959,18.66190270103975,17.982458911528017,23.86258539258636,B
g8638,HiC_scaffold_12,3431139,3431643,0.0772229624017706,0.0,0.1426878478955159,4.99263604074657,2.5684816648737208,1.893408521172472,B
g8640,HiC_scaffold_12,3438718,3439267,0.0708932113852321,0.0,0.1309921226581785,2.31012551333492,1.08848873185697,0.289890075154415,B
g8641,HiC_scaffold_12,3440004,3440508,0.0772229624017706,0.0,0.1426878478955159,8.176529633393491,8.133525272100114,1.5782504957440686,B
g8642,HiC_scaffold_12,3442221,3442725,0.0772229624017706,0.0,0.1410960841613165,1.539504174743886,1.3806928234245368,0.2103103810024398,B
g8643,HiC_scaffold_12,3444721,3445246,0.0,0.0754979607394501,0.1369803339796952,3.0182293197524435,2.566452593824364,0.8087728399783543,B
g8644,HiC_scaffold_12,3447180,3447684,0.231668887205312,0.0,0.4264717799523484,0.9799879359182406,0.3713998192794656,0.4212358541553929,B
g8645,HiC_scaffold_12,3448289,3451066,0.522768441746926,0.6907408348137974,0.4220326002271213,1.5268428243682115,0.9011995106011904,0.6502477610464041,B
g8646,HiC_scaffold_12,3451817,3452978,5.986174277770761,8.40053062538964,11.7340605313582,0.1717457361859981,0.0464583246876383,0.0,B
g8647,HiC_scaffold_12,3453278,3456809,0.6546085474083412,0.4006960325768239,0.9958807667820342,0.1283880346107037,0.098235437327123,0.3005393220129513,B
g8648,HiC_scaffold_12,3457346,3458459,42.91433948022169,22.817838744261245,6.034264705594712,49.93126743671057,29.363474809046043,32.61541491392049,B
g8649,HiC_scaffold_12,3458546,3459787,7.90396668864181,3.692853201037333,3.694794431763474,6.589590582608654,5.126093306268748,6.002940435366409,B
g8650,HiC_scaffold_12,3460353,3464066,1.5037824423285733,0.0593138511601471,0.0421663297211023,1.267447501109655,0.2988853335620214,1.5562890007884862,B
g8651,HiC_scaffold_12,3464147,3464747,8.997266798450983,35.41562122402921,18.876882957466904,99.76783785950325,66.26318694991201,120.06864446277407,B
g8652,HiC_scaffold_12,3465554,3468235,1.2117744553471956,0.98208555254678,0.7480835747279462,6.421611646468653,7.853482251552643,21.236918519271548,B
g8653,HiC_scaffold_12,3468450,3471320,6.934644587005652,1.6409645392063503,1.1528976854711,2.6264943078450536,4.745949336085864,4.927725517460607,B
g8654,HiC_scaffold_12,3471536,3473129,0.0711090245360049,4.650941738659531,34.209047832352454,3.769388906257544,7.726520843209299,2.0991856340981814,B
g8655,HiC_scaffold_12,3473219,3474731,13.961004085485888,0.053341264483129,73.20647329192576,3.408388583716633,25.12942426682017,33.65685408030404,B
g8656,HiC_scaffold_12,3476337,3477723,0.7804118593639189,4.666183128587331,20.184068131637524,3.898327093841158,2.23346512819625,4.517705375602466,B
g8657,HiC_scaffold_12,3479162,3480257,0.3474818473432609,0.0,0.1619908142303567,15.847308933520464,1.160980931203993,2.083331814494409,B
g8658,HiC_scaffold_12,3481011,3482481,0.1023502228595493,0.0269635574069464,0.0962058530017486,2.6133577548585407,0.1287864173596423,0.5779057744361433,B
g8659,HiC_scaffold_12,3482879,3484157,0.145454426907988,0.0,0.0556435261481248,5.814564035226879,0.3806794185931493,1.4121513320998689,B
g8660,HiC_scaffold_12,3484658,3488747,9.2055242814112,10.068328205276234,45.88290842924568,12.94961985689891,6.978549233267895,21.38980007855849,B
g8669,HiC_scaffold_12,3513827,3517916,1.1170588641778574,1.1299218317773003,2.400960159011512,14.314720636753629,7.813869680361853,25.13993698199884,B
g8670,HiC_scaffold_12,3518321,3522416,3.0514788147796565,0.4215952609636586,1.2462494111123472,7.008181401765733,3.684126525946696,14.14236155808715,B
g8671,HiC_scaffold_12,3523041,3527139,3.3485266272354126,0.512028292416995,1.7027677244427375,13.3773453476817,2.0184233853408564,8.370518428157427,B
g8672,HiC_scaffold_12,3528829,3532930,7.45230243379389,0.6922728316898893,0.3318125064601816,42.27475708300349,4.313334745055383,11.423657839344951,B
g8673,HiC_scaffold_12,3534440,3535973,1.846167436799469,0.0,0.2324620880682024,0.5640265396327507,2.304249118645366,0.1729589584377061,B
g8675,HiC_scaffold_12,3540324,3540840,1.389221333396932,0.0,0.1393695258514341,0.2475837862900114,0.6251229214596452,0.515050573978141,B
g8679,HiC_scaffold_12,3549946,3551482,47.81087679590429,0.0516099340992334,4.066408629371184,3.325888171922524,14.56436169391066,1.0369378505033675,B
g8680,HiC_scaffold_12,3553201,3554737,62.52301345383947,0.0783127742751968,3.527462655852663,2.7588874212269707,13.52059230806582,1.2443657860264188,B
g8681,HiC_scaffold_12,3555281,3559046,0.0206748329617489,0.1488516716927575,0.1233031591016106,3.673364328918834,5.068770237021726,6.077080183481986,B
g8682,HiC_scaffold_12,3559756,3564773,14.330934527368154,2.1651598936025764,1.9651793522928025,4.5692483067354726,5.180790542492925,4.166896181219222,B
g8683,HiC_scaffold_12,3564893,3566432,0.1943907951099834,0.0266507878559322,0.1604209682621646,2.898174197820837,1.7730139609829003,0.6897429190848539,B
g8684,HiC_scaffold_12,3568122,3569661,0.2702589686976879,0.0,0.2320770824760173,5.520010958123336,1.7249418573522342,1.035319396530793,B
g8685,HiC_scaffold_12,3570640,3572176,337.4917183141479,0.6300936867069616,0.1165263277515062,2.0072000998267168,2.187465449861448,1.7262114797200754,B
g8686,HiC_scaffold_12,3572501,3574490,0.797322003620906,7.935639375503929,6.863410250969404,31.782500397557364,28.09362520191276,30.43114160200992,B
g8687,HiC_scaffold_12,3574554,3575367,11.672446454549064,19.38521897127968,10.216306610147395,163.79045741066398,85.35837366801479,111.93719287874652,B
g8688,HiC_scaffold_12,3575484,3576237,3.5232337724956584,10.668154975949218,8.376479540593632,19.640486157007427,16.224342996741132,16.204913608366027,B
g8689,HiC_scaffold_12,3576374,3577922,0.1714946545363075,0.0521007699602655,0.3896978366692671,3.444005500514272,3.895617734350046,5.5890726640311446,B
g8698,HiC_scaffold_12,3613965,3615570,4.952356238548803,18.80891647045553,13.607278045579145,18.004385140609664,17.639083189434977,26.39011071592377,B
g8699,HiC_scaffold_12,3615753,3617289,1206.6016264316424,0.4146752190465611,0.4187635634400246,1.7060206853436548,1.733732087031449,1.6242130424095902,B
g8700,HiC_scaffold_12,3617695,3618484,3.6002889858180613,2.328348647754632,8.336499770772576,17.516889729610096,8.884441597596238,17.15482954592317,B
g8701,HiC_scaffold_12,3619130,3620126,23.898465576495205,65.85052023008274,36.83537332962088,61.43065703681184,49.09212771310527,34.401286893111546,B
g8702,HiC_scaffold_12,3620215,3622234,3.621806460958872,12.722292016983584,21.336021320131337,5.299696168984101,12.689028767919906,6.916808500380196,B
g8703,HiC_scaffold_12,3622416,3627714,4.838086359287819,22.83716930865141,17.025936864329704,9.568563189744571,19.604964517129453,10.334819019694535,B
g8704,HiC_scaffold_12,3627816,3628742,17.26982520751067,17.91627999076622,6.842544420949808,15.739910899360812,12.959209958158867,13.146965957819049,B
g8705,HiC_scaffold_12,3629093,3631444,5.171258739131279,4.161132533834596,3.632632601767341,4.354268110720019,3.3427626931508465,2.5410411662138106,B
g8706,HiC_scaffold_12,3632294,3633158,3.437019305198614,1.215109985882468,0.6584483927528109,2.630866308037955,1.9204842780345484,1.6581676710437765,B
g8707,HiC_scaffold_12,3633323,3635044,5.283677338292828,4.505808772166681,1.2126150959041262,6.217232925239832,3.4501313155005224,3.206131410952516,B
g8708,HiC_scaffold_12,3635147,3636830,5.531569664006927,2.657835547710488,0.2073831995720933,4.023356102185836,3.0181124844600866,2.232206551047377,B
g8709,HiC_scaffold_12,3637424,3639687,1.735701520689922,2.40900104661148,2.7896362417382825,3.8919223717294185,2.85453465899971,5.026425455499871,B
g8710,HiC_scaffold_12,3639717,3641799,8.673958790221482,5.282072172241332,3.9187410795787736,3.085218459959038,2.218875262506053,2.804267022966222,B
g8711,HiC_scaffold_12,3641961,3644128,7.358424325606592,3.6739671526897553,1.8832400369315845,5.806770032963449,4.526600648000388,4.464598832044272,B
g8712,HiC_scaffold_12,3644408,3646151,2.224293504336421,3.382838302303203,0.8153052510576253,2.056157270730764,1.5961936612901075,1.7034736481372068,B
g8713,HiC_scaffold_12,3646241,3647901,9.054792195220204,5.925416094213444,1.1379170965365963,3.064212396530104,2.474260172166716,2.157759528359505,B
g8714,HiC_scaffold_12,3648117,3648630,0.883248936341956,1.097826140677133,2.571520485125302,8.616113323193442,8.217729172457013,14.276771973466245,B
g8715,HiC_scaffold_12,3648732,3649248,1.5400754925073676,0.4635614524250704,3.1000551742796745,13.73191425689061,11.000552749336231,26.43454830315317,B
g8716,HiC_scaffold_12,3651797,3653650,30.15347270355874,178.27232866703383,241.9983370482204,287.1360243664658,140.36640070592716,160.03537241024273,B
g8717,HiC_scaffold_12,3654270,3660389,1.082871741470124,1.667873215257961,0.6113292571466562,1.8878134037847627,1.0034822367525496,1.669845362810184,B
g8718,HiC_scaffold_12,3661270,3662899,66.1671648577346,0.0,0.2202401029924269,0.0459016573922522,0.0,0.4234203955025411,B
g8719,HiC_scaffold_12,3663226,3664918,9.93379234787506,0.0242408761881086,15.360530629246616,0.2670053388047012,1.2858357314476514,638.9133482936393,B
g8720,HiC_scaffold_12,3666291,3667980,16.719745770714322,0.0234673945460102,461.3955615186448,7.582857673529656,46.4332695009118,326.7539728020915,B
g8721,HiC_scaffold_12,3669350,3670273,3.39376025324777,0.1169216206141926,5.481265337620389,1.2156256446107137,2.834406026724609,8.926293271512428,B
g8722,HiC_scaffold_12,3670419,3671473,19.92092264028968,7.135632416300579,14.217623168781708,18.435617771437585,15.890530281513207,23.213690127451542,B
g8723,HiC_scaffold_12,3671882,3673187,95.62498085531526,43.58779988470582,24.56824736081332,15.111840231674089,25.909448928449365,29.332199336204475,B
g8726,HiC_scaffold_12,3683265,3696620,4.306162863417739,3.7524732102699416,8.950665153133025,10.14291877192058,6.7443988580296566,11.69381913751572,B
g8727,HiC_scaffold_12,3696739,3699667,16.32302141499528,11.580293659738622,8.517327034592,9.709672816132189,8.422355499962544,11.314418542667417,B
g8728,HiC_scaffold_12,3699892,3700621,189.37186656593545,44.8350393905623,30.86035488802894,58.67104992458013,45.15651466756498,153.3109273367719,B
g8729,HiC_scaffold_12,3701470,3702607,9.991442946188124,22.40369841474483,16.95163400594626,24.703076997081745,18.95120094883132,40.18057479598582,B
g8730,HiC_scaffold_12,3702755,3706067,7.326907678014342,4.639358784433004,7.0100083682634455,6.816487744034584,5.034607215279153,6.1715334870538605,B
g8731,HiC_scaffold_12,3707370,3708022,6.484970279247177,0.2536226160329908,7.572941858880139,6.060548190423184,2.72056718238803,10.677031118521366,B
g8732,HiC_scaffold_12,3708057,3710121,102.00435543801667,4.269581581678816,38.20834082603479,12.454203513652589,10.488545940561051,36.036405243211,B
g8733,HiC_scaffold_12,3710377,3712963,4.550420478495592,1.230324433220075,4.760720043344013,22.272988148164085,7.359043616698629,18.171969709242564,B
g8734,HiC_scaffold_12,3713223,3718738,0.7559124386047242,0.800284037054171,0.801635666372875,1.588647264621641,1.511150833055431,1.615281296259774,B
g8735,HiC_scaffold_12,3719879,3720332,16.02169288704232,11.520826071361494,8.09780756601856,23.44558930903159,13.20721790643928,15.347067316093227,B
g8736,HiC_scaffold_12,3720353,3721221,19.85806262064913,7.566234019296127,4.926693675256288,9.242078934317584,5.948827383212757,6.508331131081944,B
g8737,HiC_scaffold_12,3721404,3722514,10.239905307018626,3.675119721157984,4.104190239019704,15.981304787843818,7.731407031866082,19.82005546311084,B
g8738,HiC_scaffold_12,3722733,3725857,5.14620896788411,4.988766523121017,3.394250601219821,7.1069748440847285,5.39265835501842,6.380700441374154,B
g8739,HiC_scaffold_12,3725874,3727098,7.03682275201484,3.331497186928954,5.415603256803859,19.318187842720384,6.753970480290683,12.834544442196044,B
g8740,HiC_scaffold_12,3727223,3727775,89.1024142073714,7.803073069561407,9.93420167274047,33.15028862371572,9.682979278233596,16.63213156651229,B
g8741,HiC_scaffold_12,3728798,3735770,38.02061459325353,48.56509133185973,47.34368639780848,9.25306512748522,11.17974692988508,17.689128691959954,B
g8742,HiC_scaffold_12,3736012,3738265,23.53862164686729,77.58575781979201,66.29829362886377,42.24899186710303,83.4748016791009,82.66961623320873,B
g8743,HiC_scaffold_12,3739111,3740155,3.534156804325409,0.2616506546425179,0.114266145338642,5.5248031307678005,1.828654316951972,1.198900621666659,B
g8744,HiC_scaffold_12,3740217,3742316,0.6133197861359065,0.0990306149325804,0.0872159522781581,2.177192216048191,0.8960842495433679,0.8056239635867435,B
g8745,HiC_scaffold_12,3742361,3743458,2.007686966802275,0.0786081792382953,0.0693103571318747,0.273324627110414,0.1329855563910702,0.4138457514509122,B
g8746,HiC_scaffold_12,3743600,3744806,115.7212009989081,8.049934929811496,12.386086892407906,13.087764070123846,7.777699578726381,14.349352404692963,B
g8747,HiC_scaffold_12,3744807,3746199,14.742364034821383,2.6403773292914545,3.610960842636511,5.414284355539458,3.5142427774265386,6.63184629429897,B
g8748,HiC_scaffold_12,3746303,3748731,11.144358982950964,16.225835566098276,25.14176645830178,13.091931236915777,11.833236874082177,11.329267747705517,B
g8749,HiC_scaffold_12,3748930,3749844,19.53072750753223,51.65677383146913,51.40126791397187,62.252205880225446,60.525150281000194,66.60938207822451,B
g8750,HiC_scaffold_12,3750119,3752426,7.716696828644549,4.321251379976299,5.01369729226672,5.557936545239858,3.816890341388176,7.498937533816263,B
g8751,HiC_scaffold_12,3752595,3753556,4.705480216434722,2.402788908607833,4.870080081700191,6.304820242124766,4.162848077863577,6.290837023898519,B
g8752,HiC_scaffold_12,3753617,3757201,2.3966073494048765,2.104525373142888,2.3654268599321044,5.0901863381409935,3.978227977619001,6.6391944746503935,B
g8753,HiC_scaffold_12,3758041,3759089,770.7871897355567,727.3626550337881,200.76888884301016,1210.9368091531535,802.5604872755647,549.4486732330972,B
g8754,HiC_scaffold_12,3759696,3761601,12.048269048919035,5.200238514817464,10.141532910361285,6.919596084174925,6.080484095732484,6.4008425484293,B
g8755,HiC_scaffold_12,3761729,3762962,68.57992848674988,5.128150191211099,27.04649307387048,11.426927891489422,12.808750129242352,3.3444524405196163,B
g8756,HiC_scaffold_12,3763294,3766609,53.54598771256285,185.09359342386307,297.26367334746874,75.97506242463002,95.55660410681756,54.29303133673471,B
g8757,HiC_scaffold_12,3766717,3767677,71.21611404755672,0.5026383523634147,1.0420702743484047,1.484911270924559,0.98047276675918,9.450802237065153,B
g8758,HiC_scaffold_12,3767789,3768869,26.793151641451008,34.988169504129104,10.605476061776011,12.426250008337206,17.750815915442047,13.906870894935608,B
g8759,HiC_scaffold_12,3770620,3773581,1.9759794947941087,0.2312909032678622,0.1921308380068992,1.9546737247254875,1.511517442884804,0.9499427656929482,B
g8760,HiC_scaffold_12,3773676,3774104,55.80205318842096,46.386604893106735,40.66403057736564,121.87700933541656,75.22701022580947,110.53615016677242,B
g8761,HiC_scaffold_12,3774303,3775925,4.512167177949822,3.6952153745749294,3.0746297421704654,17.324012079535727,8.933867407559617,10.576088148365592,B
g8762,HiC_scaffold_12,3776001,3777420,5.782448471056362,90.8043707257869,39.698875827257815,28.87862978926817,35.410406795639936,15.30293597704008,B
g8763,HiC_scaffold_12,3777690,3779121,1.6712769027682075,62.22851787764517,71.8636895529665,13.028807281738388,40.59291033095026,10.503767159296457,B
g8764,HiC_scaffold_12,3780708,3783950,13.170874927042233,92.69033806647482,69.25447365099535,75.68528622763624,55.8781895008583,79.57314878231753,B
g8765,HiC_scaffold_12,3784203,3785565,0.8252978364129994,5.75102580470493,29.336050310779832,27.456000620409483,14.272269824722086,9.589891068487784,B
g8766,HiC_scaffold_12,3785754,3787272,25.572068125531864,8.975408496941185,39.748827064726754,8.788381809599622,5.97268732726936,8.706963910182935,B
g8767,HiC_scaffold_12,3787557,3788154,5.892720846673564,5.937270090732667,15.483774179777935,11.785487148926338,12.393163899775116,12.976096691312677,B
g8768,HiC_scaffold_12,3788247,3790104,11.945309800853536,24.442737431466824,27.37441963774125,41.70083701900053,29.173434110589227,46.074936388609984,B
g8769,HiC_scaffold_12,3790465,3793618,1.3120486120279622,0.9352446814166118,1.1821117775480543,3.467248873740514,2.65529812287928,3.187455629274329,B
g8770,HiC_scaffold_12,3794221,3794656,1.1391069435851433,0.0,0.4096142310443152,5.981381406475123,2.222126483031308,5.002717067075228,B
g8773,HiC_scaffold_12,3801828,3803586,2.9507888058556166,5.090180626298665,79.62702238474769,29.13353574022974,55.08296645584637,8.637878475287327,B
g8774,HiC_scaffold_12,3806194,3807952,3.909048686229164,5.908124040947217,82.86316457883545,23.0350506928722,41.37317391331945,4.771142445942425,B
g8775,HiC_scaffold_12,3808089,3808686,8.690861451483482,4.930585477522386,3.3850637666898344,10.810065522147884,7.881832646355605,8.703469674699408,B
g8776,HiC_scaffold_12,3809007,3811167,10.790568474610824,7.70230912178894,11.373420057095409,14.019434717656956,11.366055003922538,12.69579421035139,B
g8777,HiC_scaffold_12,3812014,3813550,4.774326939793522,0.3390560641504042,0.2788275106431603,11.349670137972392,2.299748632085512,0.2422347230740944,B
g8778,HiC_scaffold_12,3813654,3815468,5.588419454159984,1.9526070907333344,2.169006470244553,5.050763660280089,3.4447046694145964,4.007047630897064,B
g8779,HiC_scaffold_12,3815600,3817844,10.005259164617629,7.779979828292415,4.109097134358422,18.05129830821057,13.3327131709344,14.718419690984168,B
g8780,HiC_scaffold_12,3817928,3819113,11.34456162495752,54.25170529365535,36.24688940181555,25.64481753734648,20.03125032290028,16.17043172653372,B
g8781,HiC_scaffold_12,3819288,3820944,326.1148440257473,73.93605536449996,64.3005897108277,46.26294755246539,46.219000604043885,43.84684285449968,B
g8782,HiC_scaffold_12,3821824,3827580,27.879155235473995,19.6955118097014,14.139431987711705,32.263942290730355,26.835462114452504,21.869576244125625,B
g8783,HiC_scaffold_12,3827735,3828560,8.056612073240377,10.602779743249837,5.272596054892199,13.800692969490225,11.687441734120451,8.942736066073266,B
g8784,HiC_scaffold_12,3828750,3829428,30.88758258360805,19.651308559448843,6.880277553726146,43.249059943859066,41.1937155638056,29.962105483599576,B
g8785,HiC_scaffold_12,3829511,3830687,4.116231127810684,4.804232000221584,6.113584445957474,5.739053589626634,7.566775999400043,5.463196756475301,B
g8786,HiC_scaffold_12,3830867,3831779,33.99588997911651,122.24861706443929,63.9341219736059,134.5461323705989,101.47220741252666,89.1128369847482,B
g8787,HiC_scaffold_12,3832093,3832800,17.16116708533027,5.34292601479597,12.177338492011303,15.670184359102178,13.398652769681474,24.5911395714504,B
g8788,HiC_scaffold_12,3832893,3833637,15.01606698915384,8.488335125171727,4.602994560401991,12.248145807750134,7.836885386341608,6.207580579263478,B
g8789,HiC_scaffold_12,3833794,3835897,101.59316991562464,43.62333615050749,5.086327709325194,38.62732002216941,31.17394151518174,22.56086850617593,B
g8790,HiC_scaffold_12,3836073,3837836,11.633417863027102,56.040394870500734,163.7618359056892,42.87411215364351,43.54145790920364,83.78594603365488,B
g8791,HiC_scaffold_12,3838446,3839799,3.722432463661953,35.78312458434454,18.81579486929248,70.60756640796731,38.75969776746184,52.57436756856976,B
g8792,HiC_scaffold_12,3839950,3840848,263.65608382689413,253.82866685087905,68.00621853321837,296.2480775754302,228.23130364231488,167.03237758202891,B
g8793,HiC_scaffold_12,3841079,3842165,42.86454485023911,11.59773815491116,5.8403721757040845,22.54862851129715,21.82243283474095,16.07832281808199,B
g8796,HiC_scaffold_12,3846363,3846714,3.1262986634578,1.2657422279280206,0.5122127873172365,5.517173091140058,5.8091046882054425,4.688261399327232,B
g8803,HiC_scaffold_12,3874923,3878151,7.154604514289842,9.169003550951793,7.504322543506595,23.84358085768964,19.640444526962376,23.0555022729292,B
g8815,HiC_scaffold_12,3928140,3929358,0.0,0.0325422244566595,0.0,0.0,0.0,0.0,B
g8816,HiC_scaffold_12,3951721,3954148,2.238650395437496,9.39233353133818,6.114618053243262,1.8186261503860213,1.6332586809155876,1.815338720244685,B
g9123,HiC_scaffold_13,710609,711568,0.2594691536699494,0.4055585146959028,1.779147741969317,11.824901978318572,24.314111787786203,8.314937422324238,B
g9124,HiC_scaffold_13,712251,713039,18.09841863307576,129.46834392871654,52.404387612909474,58.19396568784632,84.74189563637381,43.49195609478628,B
g9125,HiC_scaffold_13,714301,715636,236.2454198009819,0.970747867313956,2.8441149427463635,1.2755173435184872,4.891818598094153,1.2324117937977528,B
g9126,HiC_scaffold_13,720239,724742,0.9373428339405838,0.0,0.0,2.9345377873317906,0.9054233533225376,0.7184579669328103,B
g9141,HiC_scaffold_13,763007,765700,0.045984108246978,0.0,0.0,2.1216284344092817,0.8672795232041133,0.7875740361917436,B
g9156,HiC_scaffold_13,820118,820652,3.6388121887409297,1.1262960794635055,0.803523043576649,14.561733171060048,16.820409931629687,21.27497870078429,B
g9157,HiC_scaffold_13,821403,821894,0.4323414586308551,5.538428180549929,4.011259131439191,16.15787914782808,18.80944434442683,16.933555134556475,B
g9158,HiC_scaffold_13,822103,823111,0.9048431987860264,6.660096073393485,4.470745682576096,15.43127774134084,10.189225664905752,8.182688970311535,B
g9159,HiC_scaffold_13,823590,823914,0.1201246081805321,0.1223346586055904,0.2219588745041358,1.0193835411829344,1.6647566346403742,0.6562125831425205,B
g9165,HiC_scaffold_13,838656,840009,0.137391542933044,0.0,0.0,0.7737993124679676,0.6190973210404758,1.6862958930637375,B
g9178,HiC_scaffold_13,887470,888491,0.0411718178490384,0.0,0.0796397290579623,0.1432096906738498,0.3595724829180515,0.2939713064549968,B
g9181,HiC_scaffold_13,895205,899394,0.0096291508722304,0.0,0.0,0.0,0.0,0.0,B
g9196,HiC_scaffold_13,932009,933215,2.655975885567626,0.3966794518264285,0.7075863325104833,2.400181071552054,0.7857756466785104,0.7479723837213579,B
g9197,HiC_scaffold_13,933253,936488,7.044033687735798,8.907967535903872,12.78429321911248,15.709742704010916,8.8024671840254,11.518364883293597,B
g9198,HiC_scaffold_13,938115,939846,0.695342935198325,0.0,0.185562849370838,2.3573150993757235,2.0235596104274363,1.9318328799066449,B
g9239,HiC_scaffold_13,1032352,1032965,0.0,0.0729952659083081,0.0,0.0459016573922522,0.0506476770379925,0.0,B
g9242,HiC_scaffold_13,1042459,1042828,0.0,0.0,0.097445359538401,0.0,0.0,0.0,B
g9244,HiC_scaffold_13,1047135,1047624,0.0,0.1677528119029847,0.0718917970299255,0.0,0.0,0.2173955796913871,B
g9288,HiC_scaffold_13,1178391,1200611,1.0591608120807992,1.4603327981732983,5.608725263628118,2.86329722532274,2.1961678085830965,2.9914717157189896,B
g9299,HiC_scaffold_13,1221301,1221874,0.1328071981992568,0.0,0.8087855935349528,0.9380500031752482,0.6072156919772831,1.3898224593134143,B
g9300,HiC_scaffold_13,1222718,1223291,0.1358477244345285,0.2147411649752868,0.6818799665517478,6.933457558669717,5.557555510262414,12.972217310387435,B
g9301,HiC_scaffold_13,1223499,1224762,68.64937417306544,103.50252986188984,132.30534744699506,42.97975003701265,38.27791750554417,34.836094515356464,B
g9302,HiC_scaffold_13,1225045,1226944,6.295529146779938,5.437212936976927,22.7224873566676,23.80096058045968,21.21691155726965,13.676207382822088,B
g9303,HiC_scaffold_13,1227287,1229021,0.0448908570363234,0.3043170589073606,0.4921275184588483,1.9891695728437049,1.178348785907588,2.3251986740074337,B
g9304,HiC_scaffold_13,1229147,1230364,1.3160813728308198,0.1477142708763572,0.2612197386366764,5.709584781420514,2.664342876432292,3.449403312677552,B
g9309,HiC_scaffold_13,1240499,1241408,6.651337454330864,1.9194665595493543,0.3595024800344459,107.39125006230678,26.62472448922569,77.37260150498439,B
g9310,HiC_scaffold_13,1242014,1242693,0.8802569987897197,0.0,0.0,5.863997460283895,1.558811466665574,6.982945779214132,B
g9311,HiC_scaffold_13,1242878,1244509,0.3259799672464201,0.0266373853415398,0.0,1.7055432715266616,0.8095113286929316,1.8192836717980163,B
g9312,HiC_scaffold_13,1245048,1246116,0.5254276365457371,0.0,0.0,1.7214529432289174,0.909069353298002,1.6406331423940124,B
g9313,HiC_scaffold_13,1246139,1250246,2.245976440790403,0.0875301024441291,0.2871614080352525,5.148302972120582,2.8393207508361904,2.4928441409720845,B
g9314,HiC_scaffold_13,1251358,1252644,1.7102062078978584,13.400567901636991,10.33593611398468,34.25434590581487,15.60563399400554,14.897997741858916,B
g9315,HiC_scaffold_13,1253243,1255040,44.44007786254869,22.12306562382222,12.460920992902096,44.43441381214575,32.29067576852642,35.844907460878375,B
g9316,HiC_scaffold_13,1255137,1255860,26.697763016021906,10.82314792562576,4.933991276868472,21.963249533008565,15.738712738887733,12.281672923901638,B
g9317,HiC_scaffold_13,1255947,1256703,0.8353150153848881,0.4821950047227654,0.2585584310582411,12.020607716345165,6.5104516625091176,9.82127639266854,B
g9318,HiC_scaffold_13,1256755,1259694,1.706045283526309,0.6130586736581553,0.7047931914278143,1.6460401595565486,0.9728692258210552,1.491013047600828,B
g9319,HiC_scaffold_13,1259792,1260350,1.0150239792639415,0.1470091846246586,0.0,1.1894099795559545,0.0985723606868457,0.6651299557531061,B
g9320,HiC_scaffold_13,1260399,1261479,0.5948906527754199,0.0,0.0,1.3516945571931596,0.1508144510999593,0.9817354876816252,B
g9321,HiC_scaffold_13,1261630,1266608,0.7627356874846315,0.0080561848350023,0.0,4.721234405089239,1.3450282672248592,4.485119566506274,B
g9322,HiC_scaffold_13,1266773,1270625,0.2159545964827319,0.0,0.0,1.6448631430006644,0.6586765129367045,1.225121047105831,B
g9324,HiC_scaffold_13,1275400,1276414,0.0366648437058005,0.0404492726925836,0.4554533010369378,0.3717941157451436,0.2659670363034917,0.209065940878165,B
g9325,HiC_scaffold_13,1276518,1277976,0.2585789984741078,0.0281313871812618,0.3912921187808652,5.638712987811624,2.1224399213848355,3.8217406260323976,B
g9331,HiC_scaffold_13,1289829,1292076,6.905197776400591,6.972325319976202,2.7448469016459747,8.9054466973316,6.329990335716133,6.072072541946302,B
g9332,HiC_scaffold_13,1292156,1293548,0.1932170749194148,0.0,0.1015966982130536,9.02872393448778,5.033357401155618,5.220848227206318,B
g9344,HiC_scaffold_13,1311532,1312906,0.0837109880776321,0.0288474740816676,0.0,0.164400667124292,0.0192404849568545,0.0,B
g9345,HiC_scaffold_13,1314713,1316087,0.1120373148974955,0.0576949481633352,0.0,0.1099801431854426,0.0,0.0,B
g9346,HiC_scaffold_13,1317162,1320048,9.51522896424506,4.340825743684404,1.5101381844747823,16.774708824429936,10.23463292844412,10.368953050419892,B
g9347,HiC_scaffold_13,1320188,1328984,11.374029905296377,2.972041429817745,3.431709595846248,4.501423981723878,3.714926946938486,4.605136948384608,B
g9348,HiC_scaffold_13,1329328,1332820,1.1890941128654566,1.2401894609029385,3.153533998429997,4.491898678598576,2.46839659282894,4.470038971264616,B
g9349,HiC_scaffold_13,1335598,1336150,0.0,0.0718051257032813,0.0,0.0,0.0,0.0,B
g9350,HiC_scaffold_13,1336918,1337215,0.0,0.138099537071649,0.0,0.0,0.0,0.0,B
g9355,HiC_scaffold_13,1345363,1345875,2.3252139294246787,1.0017177137857964,1.4659499304317416,1.635295646167397,0.8944736971763101,0.8760035704564438,B
g9356,HiC_scaffold_13,1347552,1349985,4.295792628559465,0.2303438322742426,2.160255472052681,1.90243283751102,1.0219809288008932,2.508429926926824,B
g9357,HiC_scaffold_13,1350528,1353375,42.14552358149251,7.315118595151946,30.51791816293727,13.475073032863346,14.040184136390447,24.96590045525873,B
g9358,HiC_scaffold_13,1353621,1353969,1.093369605864571,0.0,0.3053664228877504,45.7341125120211,25.09019516926105,48.93572614276873,B
g9359,HiC_scaffold_13,1354803,1355505,0.2118413191890697,0.0,0.1525210314629252,50.6252369235272,26.022203010024604,49.9507927115343,B
g9360,HiC_scaffold_13,1356465,1357922,3.368146075704056,0.0,0.2621394499701164,2.037952546732914,1.162143770323534,1.729715813118971,B
g9361,HiC_scaffold_13,1358303,1361605,10.390270179999586,0.5394310409680676,14.566117027647056,18.94088180609696,14.108766272919564,26.04740196130847,B
g9362,HiC_scaffold_13,1361707,1363390,4.296906449695788,0.0950236783570491,2.386600546164347,4.048886260851424,0.6780882427906151,1.7340861288165126,B
g9363,HiC_scaffold_13,1363546,1365969,25.78262666823857,36.67792324168781,23.20737833915768,31.27304647345284,23.061835235131163,21.409782896839385,B
g9364,HiC_scaffold_13,1366519,1370837,2.1600888479078417,0.2802666883937891,0.4357432892529265,2.480130607275008,1.5007535323787744,2.3539020327729583,B
g9365,HiC_scaffold_13,1370886,1373376,0.6198669273437222,0.1619517909608254,0.1582032998081514,2.202408975295474,1.1412352996746429,1.9828752073812417,B
g9367,HiC_scaffold_13,1386682,1388353,17.894016751265916,115.89741270947394,118.73982214487457,52.38006305010275,59.14910352362797,50.92525923256957,B
g9373,HiC_scaffold_13,1395704,1396592,0.0,0.0,0.0600941687993736,0.0,0.0,0.0,B
g9374,HiC_scaffold_13,1396933,1397344,0.0,0.0997945559860821,0.0855354957363347,0.6254783075526333,0.8491480627831998,0.645124290231152,B
g9375,HiC_scaffold_13,1397604,1398087,1.7992448388595554,0.823485356116318,1.6178766908246436,0.0,0.225551743738319,0.0,B
g9376,HiC_scaffold_13,1398855,1401729,7.926504929552381,3.3338190221320083,2.0117492208408394,1.857740466096136,1.6680255833860245,2.862873610236358,B
g9377,HiC_scaffold_13,1403282,1404015,2.3159175199800206,0.3286602768508401,0.8281782467084542,2.348464541244666,0.4875563458385324,2.11195226620572,B
g9378,HiC_scaffold_13,1404120,1405282,6.064700511007707,1.8332838872635715,2.640504591505477,15.875868322494412,10.0376163937658,12.856091805967644,B
g9379,HiC_scaffold_13,1405558,1406464,14.713744619504002,2.405058404394401,4.98459183439271,3.19507245427509,2.871757909275554,4.276605836790583,B
g9380,HiC_scaffold_13,1407366,1408359,1.1817012642919051,0.938897152829695,1.6076731865459886,0.9037289727947656,0.8755301240715417,1.3360125234205371,B
g9381,HiC_scaffold_13,1408670,1410652,3.485757495688583,3.1342154133547035,3.2491755494302152,4.77653589120127,3.928978914119413,4.603420921124056,B
g9382,HiC_scaffold_13,1411001,1412213,1.0431155594516506,0.6601645022700257,0.8451973964726993,0.8489464087649365,0.4180273409371174,0.7669917956161427,B
g9383,HiC_scaffold_13,1412350,1422139,0.3635154106357152,0.1740849574061201,0.4505334741179018,1.040471795360434,0.5702613357801203,1.82319499836408,B
g9384,HiC_scaffold_13,1422210,1425003,2.407854352256696,0.2877771760618596,1.0725193869205694,2.30099260251409,1.2821431086076387,3.591950645112448,B
g9385,HiC_scaffold_13,1425069,1426848,5.387518676713308,0.3326818765204307,1.7236667716446965,11.283708951221834,13.865673014892607,26.48564916905039,B
g9386,HiC_scaffold_13,1428267,1431282,2.969453093440708,2.070170814872177,0.8165181841055904,1.533639715690146,0.9449859808611092,1.074788170694541,B
g9387,HiC_scaffold_13,1431417,1432085,11.312980709182696,7.989992127798582,3.299670194523652,9.50516310419598,7.483006183245015,7.863069277567332,B
g9388,HiC_scaffold_13,1432149,1435911,1.9487061293624088,2.4210947772571023,2.208896469606596,4.113151296929852,3.203697609553548,4.006696916175629,B
g9396,HiC_scaffold_13,1453415,1460271,1.0533288511047036,0.4864804670169733,0.6203937685348432,1.2145611156112586,0.739961905110498,0.954480301258295,B
g9397,HiC_scaffold_13,1460613,1463698,51.71155365685783,104.96130189833552,36.64896498629878,41.49107261094616,35.48102453270404,22.478751319413483,B
g9400,HiC_scaffold_13,1467600,1468589,8.877159922877322,2.1194974122859165,1.2729393419097037,31.547633182817894,23.54493195455805,25.3083737294646,B
g9401,HiC_scaffold_13,1469304,1470975,10.942635579942657,104.89286479722324,97.4207816664898,32.71005780928507,37.33717539013949,31.103943946979733,B
g9406,HiC_scaffold_13,1478790,1480566,0.0219146244653673,0.0,0.0,0.0,0.0,0.0,B
g9408,HiC_scaffold_13,1483890,1486764,3.797714683193045,4.611388378800222,3.2864511463363817,8.318736866291786,7.514050258804809,13.297601512516342,B
g9409,HiC_scaffold_13,1486802,1489049,2.763573539401138,0.44733257928936,0.9742879984576204,1.265141788156398,0.8036376449013001,1.371374925853824,B
g9410,HiC_scaffold_13,1489154,1490317,6.337006678772818,2.769445686060547,3.6132670939048337,11.165518006701408,9.353074895193268,9.611702263386206,B
g9411,HiC_scaffold_13,1490595,1491501,16.353858374526027,1.864850364792613,5.09922844410444,2.966350175603848,2.439732286043445,3.281302648794889,B
g9412,HiC_scaffold_13,1492396,1493389,0.5703760125168977,0.615403865345409,1.6817106217760114,2.7706082266240943,2.04283812058718,2.032187605487942,B
g9413,HiC_scaffold_13,1493711,1495693,3.346088852730195,3.0356257089528644,3.910074288364072,6.252013240687674,5.177660871365847,5.500930247784308,B
g9414,HiC_scaffold_13,1496042,1497240,0.8201021198491247,0.2482733153492309,0.6637985897253641,0.8746683901519262,0.3077993041736661,2.300335538667089,B
g9415,HiC_scaffold_13,1497377,1501647,0.5464928987924191,0.0676946197716794,0.338118276778998,0.97057435811647,0.4583233852105327,1.2114329868235298,B
g9416,HiC_scaffold_13,1502093,1510025,1.0198794734596135,0.1866287466697558,0.805677666958504,0.9924882007078796,0.4873461862538629,1.7665531340227996,B
g9417,HiC_scaffold_13,1510092,1511871,2.1374459257385627,0.0299595082299405,1.3739827987244455,11.81721738284501,13.772203602008032,25.68001466966595,B
g9418,HiC_scaffold_13,1512066,1514058,3.950853171406218,2.608357117672373,0.966692397450528,3.447476045245014,1.7552159196006132,1.97176611815603,B
g9419,HiC_scaffold_13,1514242,1515085,1.253461727509353,1.5356693591246295,0.9715258329561636,1.5450260228000618,0.961016591620562,1.1965256698468618,B
g9420,HiC_scaffold_13,1515220,1519713,3.3513452194469737,3.24652650510906,2.424905472509117,4.283202828227689,3.1280110523172056,3.723663157344877,B
g9430,HiC_scaffold_13,1544643,1546780,0.0645449741884428,0.0347884330027818,0.0304981659624003,0.0,0.0233262838266581,0.0899036743216536,B
g9431,HiC_scaffold_13,1547577,1548672,20.63195567690244,6.763318257797918,13.828563650388505,30.642156906391627,25.22665415822136,39.60863113369344,B
g9432,HiC_scaffold_13,1549790,1552010,28.00145236110753,3.4628044582758584,4.653042142214349,6.389935183896208,3.9750205440571422,5.996958306972723,B
g9433,HiC_scaffold_13,1552216,1553679,11.265738759179538,6.05195275224969,9.54942962216378,9.140226481462602,8.911537091628016,8.603459930420904,B
g9434,HiC_scaffold_13,1553867,1555207,3.7064545700865263,22.21020146213608,17.330493848517797,32.83859785371453,32.315784960729154,30.032741613773844,B
g9435,HiC_scaffold_13,1555404,1556082,4.640529646793436,16.55083958906986,7.088255251500918,4.57114297649054,4.534072732965377,4.554863569092397,B
g9436,HiC_scaffold_13,1556523,1557045,109.98678099349875,26.09170580109577,31.35304082752164,8.171850407805174,10.604187466292206,11.99172339448633,B
g9437,HiC_scaffold_13,1557446,1557848,11.732254481825835,69.24878525844916,38.615341868022696,9.091734594115149,8.347477317869492,11.615480410695426,B
g9438,HiC_scaffold_13,1558489,1560550,0.0,0.0240278632163326,0.0,0.6242616297139959,0.3909210498379757,0.4042541480477434,B
g9452,HiC_scaffold_13,1613193,1614600,8.097990068821886,3.984366029499762,5.155271851147807,4.877691168324419,4.531027048595679,7.393411974255667,B
g9453,HiC_scaffold_13,1614686,1616739,9.58136900684447,0.1425513232674526,0.6885534025721147,1.1535797706132982,0.7391252249327276,9.263074843814143,B
g9454,HiC_scaffold_13,1618851,1620540,2.805830348178618,0.0,0.0421032720055083,0.4990280161034309,0.3531764662454498,2.262369249528636,B
g9462,HiC_scaffold_13,1636106,1638103,19.75471301995997,80.56691617571111,33.12824401900767,37.09154004414122,18.641993454698195,12.827923452547791,B
g9463,HiC_scaffold_13,1638179,1639385,0.3448827137858554,0.0,0.0291501565071588,0.2325299066461731,0.0675288587014743,0.1762959178591845,B
g9464,HiC_scaffold_13,1639417,1641345,3.0242703319828736,2.882464608951844,2.2216401970063653,3.920025018642823,2.7662095103884647,3.528599965317984,B
g9465,HiC_scaffold_13,1641381,1642673,674.5850249686919,909.8704098253808,744.3854168322449,873.5780689929561,1020.283128604092,885.8570384429354,B
g9466,HiC_scaffold_13,1642902,1644050,31.93268320183115,18.68667458717678,13.07855051102996,7.403402419401603,4.566358189488585,6.968613497914902,B
g9467,HiC_scaffold_13,1644484,1644931,0.5068307654848138,0.0886721015396226,0.3181764045516938,0.6203598065091807,0.3596176344208781,0.5945550249949011,B
g9475,HiC_scaffold_13,1665160,1666255,29.19594929668937,7.8756969584461185,19.036447070533622,8.011039290083723,6.5803945459612585,12.00692936520424,B
g9476,HiC_scaffold_13,1667358,1669590,30.30076409430775,3.862513397515395,6.630918204722914,22.22826398548728,12.196103879556992,21.013388900014355,B
g9477,HiC_scaffold_13,1669796,1671259,11.509180053304483,5.9860999591554,8.095174715376062,21.138890979606984,19.964601813556044,20.113366880353865,B
g9478,HiC_scaffold_13,1671447,1672787,4.416661334994297,21.540140016644862,16.852093031008742,119.13016463638456,102.48500080886242,81.89405416772901,B
g9479,HiC_scaffold_13,1672983,1673661,4.249429512521859,13.50740529890398,4.282512276849113,16.258692141393723,14.715682007773704,7.358053289221775,B
g9480,HiC_scaffold_13,1674102,1674624,82.57416933430233,40.37159689604045,48.54269927835082,44.74552620118074,52.17630677740947,41.67505572246098,B
g9481,HiC_scaffold_13,1675003,1675546,11.687636840782492,47.73600558024207,39.95674087951366,47.18459460328246,40.53681735279257,46.61039529827241,B
g9482,HiC_scaffold_13,1676039,1676732,0.160944378864423,3.317851855220823,10.47023700047774,1.004965300606664,0.7447915010036055,3.5995400096641728,B
g9483,HiC_scaffold_13,1676913,1678377,1.264581414224171,6.669432459736285,19.43117038925244,2.8063183057428933,1.709196313588916,4.785515523437496,B
g9484,HiC_scaffold_13,1678615,1680876,0.66256795350722,0.3275153135100472,0.6697058892156529,0.2717039863687971,0.4127960101402297,1.0256177318566086,B
g9485,HiC_scaffold_13,1681118,1681606,0.4383685200324768,0.2816378574277103,0.4124587743154563,0.0,0.3109089265171629,0.0,B
g9486,HiC_scaffold_13,1682390,1684340,0.0,0.0,0.0721130025592483,0.2413099675341747,0.1122811521805784,0.0,B
g9498,HiC_scaffold_13,1722212,1723619,8.982354827465528,3.551020681123129,5.106440522326773,5.958371956586698,5.556244315171048,8.26229899799022,B
g9499,HiC_scaffold_13,1723705,1725758,9.084862211620816,0.1409354672369095,0.6909032822500187,4.544979579226127,3.154712517068213,20.794711400003948,B
g9500,HiC_scaffold_13,1727867,1730435,7.262699663304023,0.0,0.19384228384779,0.9737227896130882,0.4414975375818623,1.942863107413708,B
g9501,HiC_scaffold_13,1730575,1732435,1.5620500806061863,8.393799215295177,15.2198024296294,37.09026721089428,20.76746987901557,4.476005530238163,B
g9502,HiC_scaffold_13,1732851,1734848,19.04914794300138,88.81072814330669,34.302244429570536,88.17394143920575,45.85374242399782,21.51326227714642,B
g9503,HiC_scaffold_13,1734923,1736132,0.3175988965314243,0.0,0.148043374215313,0.7409741547000512,0.4024055392572745,0.7466292040162736,B
g9504,HiC_scaffold_13,1736164,1738082,3.328881669423324,2.3287389383587414,2.03614226096401,9.418234446166272,5.137322245370498,6.79407565935106,B
g9505,HiC_scaffold_13,1738118,1739413,624.1745709085696,889.72485406289,728.6933736527578,1200.62826885235,1393.6743828310532,1144.841022294576,B
g9506,HiC_scaffold_13,1739642,1741879,27.005681177100406,16.834855548727248,16.342478837459826,30.340587221114934,20.273441707608114,27.12702084938968,B
g9507,HiC_scaffold_13,1741908,1742496,14.863480057719404,15.68586542855684,22.64297401101445,32.03047295002056,22.08192522740329,32.85850551149383,B
g9508,HiC_scaffold_13,1744234,1745757,9.014156177488363,7.227289299958589,7.469014522971213,22.234214392257904,14.916831428617911,26.497121514727432,B
g9512,HiC_scaffold_13,1754672,1754960,0.0,0.0,0.1220662803737276,0.0,0.0,0.0,B
g9519,HiC_scaffold_13,1792542,1793655,22.57229688831476,33.33018484837668,7.840894959658041,21.86747305125576,17.152297077613966,11.585940553290063,B
g9520,HiC_scaffold_13,1793716,1795189,1.2948448323487334,0.2519441838995262,0.1673233562760084,1.5433041747180511,0.4827408954610982,0.2910921688707711,B
g9521,HiC_scaffold_13,1795782,1796916,43.62676549997994,52.275387424026704,15.134762450909456,23.47230328169392,17.480070209373224,12.730956966540992,B
g9522,HiC_scaffold_13,1797603,1798369,0.8557953691865071,0.1220701265186898,1.5314353582526945,2.707932053473806,2.8974679317694814,2.447856753387115,B
g9524,HiC_scaffold_13,1798557,1799442,443.2756007921018,52.17904040561035,555.0280708164023,54.9636990538794,75.86251321293022,118.31579456052135,B
g9525,HiC_scaffold_13,1799581,1800918,3.032606982643028,0.207636900565396,0.4966218810994568,1.4012068955664474,1.769961584687596,5.752961854470185,B
g9526,HiC_scaffold_13,1803158,1804085,91.96105591962868,124.09921487914104,123.48118762914478,183.1887901814829,157.98445027183865,228.2507662048224,B
g9527,HiC_scaffold_13,1804690,1807141,2.4634172442800653,11.321699060325166,44.08944440305736,71.25594220471373,44.80802484745371,48.05130345095439,B
g9528,HiC_scaffold_13,1807806,1808817,7.334844704174552,12.429816050540202,39.29387128817784,30.30821856034864,21.86162886282758,23.57062723748728,B
g9529,HiC_scaffold_13,1809131,1811085,2.6723821554687586,0.1964630948610226,1.454965656514926,18.829075670752825,5.276348030630489,12.328213439431158,B
g9530,HiC_scaffold_13,1811318,1821381,14.269929827590552,13.637318226564606,19.972882020712586,13.428672752646657,11.647984799573262,15.890954237002958,B
g9531,HiC_scaffold_13,1821537,1822656,19.933905386109,10.80386085949748,2.5746341394195995,21.12080326439725,12.591207266230631,9.653925646101207,B
g9532,HiC_scaffold_13,1822854,1823463,14.992893638713866,3.431947658046677,6.712251470627095,12.648012412357096,6.304094454901351,7.758204251955856,B
g9533,HiC_scaffold_13,1823561,1824679,4.981640798494255,4.313293722458421,29.651063291421465,31.89820713487086,21.571882785214857,18.96116871316376,B
g9534,HiC_scaffold_13,1825427,1826702,13.56125826952653,13.626662208163747,9.262447170687516,17.026399240504126,16.73469235638161,23.69442434672552,B
g9535,HiC_scaffold_13,1827368,1829165,45.551736567441225,4.985679892233085,15.842009973198952,7.025834145206604,8.748128526495673,11.107506902499832,B
g9536,HiC_scaffold_13,1829342,1831684,5.270840324535511,0.8257815299401418,20.48660400539436,15.738258417555194,12.34847494117778,39.76271182645911,B
g9537,HiC_scaffold_13,1832522,1836462,125.07865849928348,31.54879796944073,8.930244245452897,37.66957418522691,28.36330244326404,40.40243374366827,B
g9538,HiC_scaffold_13,1837503,1840266,20.611962269104605,0.2478654956844517,0.2458118606998001,0.9393858750357804,0.7712950315465823,5.664516492387917,B
g9539,HiC_scaffold_13,1840622,1843250,0.1286483282818709,0.0,0.0,0.6870792569858573,0.1529195991116177,1.0089272575532855,B
g9540,HiC_scaffold_13,1843727,1846514,17.890292738572846,4.052399401518798,17.403188396559457,8.89613133996855,6.376324311248748,8.474177186339578,B
g9541,HiC_scaffold_13,1848153,1849548,9.618044589664876,28.662936903402272,152.53203149238084,14.751263903505665,17.833594181268296,11.188405774506627,B
g9542,HiC_scaffold_13,1849642,1850347,2.898964336588945,3.309984150897032,17.477213006831104,15.320223523211345,8.191618303138442,9.151282738207057,B
g9543,HiC_scaffold_13,1850519,1852321,2.116331862256312,2.127265056203877,4.867616587051831,11.52943912016427,8.195247615626492,10.873389283704093,B
g9544,HiC_scaffold_13,1852416,1853990,16.235022957816792,67.20096872702209,57.34312178806316,240.1878465548412,138.98606368025497,173.54731009288628,B
g9545,HiC_scaffold_13,1854224,1857111,2.204851528538997,1.6301038673350412,2.744115994988259,2.170846711045704,1.8010346066533751,1.879127436974304,B
g9546,HiC_scaffold_13,1857130,1857969,5.955891941859124,5.570185368015915,6.768342822069981,10.150588943442571,7.971688282133297,7.522289230463956,B
g9547,HiC_scaffold_13,1858051,1859491,0.8064123643834633,0.0284830295210276,0.0249703733817152,0.0703218866727863,0.0,0.0738239156035335,B
g9548,HiC_scaffold_13,1859605,1860034,22.656653814295016,17.39398489310432,22.33910070581629,13.5317539782631,8.889573957606153,13.484174148469492,B
g9549,HiC_scaffold_13,1860108,1861659,9.19645174552472,19.14409515609396,32.20588394830476,29.86346466134013,21.998870389162136,29.17211119167544,B
g9550,HiC_scaffold_13,1861823,1862477,100.24697939485382,39.38738080470101,51.063553444623,56.56097900156969,60.184381116541466,74.82800716266289,B
g9551,HiC_scaffold_13,1862656,1863283,87.82683248226468,168.11011065355248,183.5596698090374,194.12190631303292,166.4242224380798,254.65025343173969,B
g9552,HiC_scaffold_13,1863357,1866033,12.488165653907458,6.750101469187614,9.452943031783,16.17437300132692,11.200007499589244,16.936000529344916,B
g9553,HiC_scaffold_13,1866489,1867014,36.30382447457697,50.08756170661096,53.43028664109936,54.175271642350125,40.59990026598788,39.83353859009517,B
g9554,HiC_scaffold_13,1867136,1868169,83.05259108349246,43.92452840439508,62.6038997060224,182.2326305498508,150.29746676618683,263.44497671719193,B
g9555,HiC_scaffold_13,1868258,1868924,1.8787839362505203,1.627589977030616,3.630364111393876,7.61176622860658,5.788254243778563,4.623838805887561,B
g9556,HiC_scaffold_13,1869035,1870803,62.67224143519388,49.91779619589798,75.12564654005729,80.24145127211152,85.02572572332869,120.9645096308053,B
g9557,HiC_scaffold_13,1872265,1874116,24.77647550677066,79.86331192442309,37.37378517305012,38.068762605068784,43.14929825434318,36.99980206008848,B
g9558,HiC_scaffold_13,1875329,1877582,20.73078591174822,66.22830889321538,47.61183289560251,94.15108019505097,65.52761497702278,81.75465908042219,B
g9559,HiC_scaffold_13,1878037,1880353,1.9662267918433232,4.18933540542576,3.3441069537382004,9.540585136335803,6.242239141937267,7.989436614992588,B
g9560,HiC_scaffold_13,1880474,1881710,139.08202589065377,21.024089099090133,128.60980438069942,381.6615479700059,209.53381093105,288.4347560362095,B
g9561,HiC_scaffold_13,1881911,1883130,5.062676052830938,3.5245514209443263,6.128566493289032,8.58287501509792,6.635626297639685,6.389010637861245,B
g9562,HiC_scaffold_13,1883249,1884817,17.412834455228207,4.346543404363821,3.9499499865008807,6.681009167928918,4.543050255109599,9.653795382863295,B
g9563,HiC_scaffold_13,1884938,1887329,4.105210768335555,1.784308143825854,1.786851245291706,4.104358947127614,2.4629200717708706,4.196904309222056,B
g9564,HiC_scaffold_13,1887439,1889197,39.83463031465233,23.62985913550125,16.134456778874664,20.16915379817577,15.56004606981886,13.497962669389622,B
g9565,HiC_scaffold_13,1889537,1892778,1.522455131457066,0.6563017397814351,1.0832839349766057,1.940389949509754,1.041647492455341,1.1227058845943323,B
g9566,HiC_scaffold_13,1892854,1893268,6.368897433732554,3.4075369363829946,2.9220132802323606,4.320157662219911,2.1381285423300502,2.8208231665233776,B
g9567,HiC_scaffold_13,1893363,1894644,49.807008564967504,67.56450326523061,34.579701101878285,49.05871591219251,52.43036518147829,59.56771378191114,B
g9568,HiC_scaffold_13,1894872,1896101,20.96422930672187,15.492317248144849,37.07066379868118,28.36840464956017,24.71747121757813,36.64843564489847,B
g9569,HiC_scaffold_13,1898607,1899588,0.1154706178245217,0.0418099515904992,0.0358359722198099,0.0508146788256737,0.0,0.1080493700562993,B
g9570,HiC_scaffold_13,1900614,1901847,20.052331429118425,0.263881779268533,0.6298628938654371,1.829658941561235,1.807227720258544,2.237889135067653,B
g9574,HiC_scaffold_13,1915058,1916834,3.3784793859711373,2.139807179664167,0.140820307344379,0.9052998899773254,0.335275782200255,1.0758591410185034,B
g9575,HiC_scaffold_13,1917300,1919838,36.29307417913513,4.679342543245644,5.037801472947185,12.295503175515044,9.576619228493902,14.55369952526749,B
g9576,HiC_scaffold_13,1919948,1921406,2.375003147653956,0.0310019368936355,0.1872185329384035,0.0,0.0407695502360907,0.0801182403818818,B
g9577,HiC_scaffold_13,1923048,1924887,0.0634916362977037,0.21703238723559,2.554776311622759,0.0,0.0598187898458509,0.0865414090591483,B
g9578,HiC_scaffold_13,1928458,1931176,0.4552363242385435,0.0,0.0132293368909749,4.06331901076283,2.226534767767516,3.0650460351015214,B
g9579,HiC_scaffold_13,1934722,1936498,0.0,0.0,0.0443877383177191,0.0,0.0333793261751491,0.0,B
g9584,HiC_scaffold_13,1942592,1943282,0.1077627580222659,0.0,0.0,0.036122608643468,0.0383136613488668,0.0,B
g9587,HiC_scaffold_13,1947116,1948040,0.0421216158555112,0.0,0.0,0.0269746752857066,0.0572217020145414,0.0,B
g9594,HiC_scaffold_13,1959105,1960899,2.7727491181212103,0.0220938848317788,0.0195959246084913,0.0138933110167184,0.1055273319502086,0.0590838528568727,B
g9595,HiC_scaffold_13,1960966,1961584,0.6156838557295643,1.3714166367236094,0.8636639524122897,0.1235257554123291,0.0,0.0,B
g9596,HiC_scaffold_13,1961801,1964342,0.0,0.0,0.0421368611125437,0.2397269648979594,0.0212271211973034,0.0835509132209043,B
g9597,HiC_scaffold_13,1965046,1967599,0.3722524270802081,0.0160656335723775,2.5839217756633124,1.6538325311551634,0.8852622471265421,0.8107620390554782,B
g9598,HiC_scaffold_13,1967924,1969058,19.322521966811625,50.52050058394033,82.36891219572762,21.15363538991344,19.33483365381677,5.337431085514237,B
g9599,HiC_scaffold_13,1969928,1971299,76.50195393389387,96.94461131411428,27.5625547910878,124.7650864149566,59.60706472788429,33.79889062832564,B
g9600,HiC_scaffold_13,1971955,1973823,28.163265258911096,53.890952138077104,76.87726840878128,30.52826235885893,26.95582079617172,26.09784315680499,B
g9601,HiC_scaffold_13,1974046,1974621,43.36739816609665,70.71262596362806,34.42741609539988,43.868867852143566,37.5819679511596,25.431023283679306,B
g9602,HiC_scaffold_13,1976315,1978358,127.14057418459213,234.8640321560492,103.53327017456785,104.31460523061642,104.39013150986248,93.73621111517774,B
g9603,HiC_scaffold_13,1978762,1980466,60.293723004453454,0.9217401070055596,3.869921095365216,58.69892072888314,48.74198253390777,45.72885775421338,B
g9607,HiC_scaffold_13,1998254,2001219,0.0128156330636614,0.0,0.0,0.0,0.0,0.0,B
g9613,HiC_scaffold_13,2016464,2018515,23.28804301467809,18.68785075867317,9.256653074106278,31.29729341148457,20.893942475917523,22.5384711243035,B
g9614,HiC_scaffold_13,2018561,2020832,21.63910658834296,5.681359784272853,4.398241700466805,7.957396787900113,5.786372790712473,7.595355894048025,B
g9615,HiC_scaffold_13,2021022,2021766,1.282049582528754,0.3803380889862272,0.765728037984496,1.1286667813078144,0.8301413525735536,0.570289965785991,B
g9616,HiC_scaffold_13,2022024,2022750,15.08192345751105,10.621528363084495,11.718957394481034,3.952746242875736,3.4087626920971665,1.6822093892824812,B
g9617,HiC_scaffold_13,2023138,2025863,13.677839383168555,15.25192571391539,11.37593144238385,16.033105312755566,15.699589219961164,14.550751290495064,B
g9618,HiC_scaffold_13,2026060,2026836,57.63176401475427,136.60585973181162,29.725962779534232,120.53218246454372,110.9473769803699,41.44459783741236,B
g9619,HiC_scaffold_13,2026878,2031820,12.97949121169113,4.825625997415475,14.124320526377122,7.622219823247358,6.337253321471088,9.47379476260803,B
g9620,HiC_scaffold_13,2032112,2034200,36.63742074208352,764.3924592977692,1009.860932882377,191.0269249201749,203.98360541275252,218.7133239517509,B
g9621,HiC_scaffold_13,2035199,2035873,6.162783441246127,15.41819832980114,25.471716433674946,33.98898043332103,27.546921375052445,19.26969719985826,B
g9622,HiC_scaffold_13,2036206,2037772,2.112174991558895,3.2979971580650345,3.57691871623817,8.290200393106607,4.43286787505439,5.872782731011222,B
g9623,HiC_scaffold_13,2037900,2039538,3.564517541731185,10.5920831440965,11.55551841320714,16.90539200740348,10.687049041417684,14.843207426761513,B
g9624,HiC_scaffold_13,2039703,2041298,36.87155766135916,50.09745507228256,11.207147874412792,101.62171252178824,74.61942327688182,46.11305609519008,B
g9625,HiC_scaffold_13,2041487,2042940,6.323464277210119,1.6023132470204005,6.427591547291943,27.029123458875382,13.217797227722269,24.831171872862804,B
g9626,HiC_scaffold_13,2043286,2045274,24.13641227430876,9.157890057213557,26.32477658989553,16.398349084324273,16.540583924916277,19.696439007748783,B
g9627,HiC_scaffold_13,2045816,2047790,9.02450159741066,7.612556083147437,23.739874099801163,21.290059910341387,13.574216878612486,14.913980984950856,B
g9628,HiC_scaffold_13,2047920,2049627,15.57655878090678,2.40398222318018,4.676181157013943,3.8431952117835353,2.5166224227132026,3.917624731897532,B
g9629,HiC_scaffold_13,2049783,2051148,10.136259120252902,4.573585450521379,3.861644170712722,6.849165569538749,4.279974711762717,5.792761466482693,B
g9630,HiC_scaffold_13,2051256,2051898,19.6331456912647,15.294168247328482,10.64488033700852,23.58052891097868,17.81767334895541,15.540007602825003,B
g9631,HiC_scaffold_13,2052546,2053354,72.10554898830345,3.4750741928528264,2.350242987545073,11.49369894154772,6.926849123021684,4.082463620821264,B
g9632,HiC_scaffold_13,2053551,2054400,46.743133585916965,26.52788728820769,6.838174269822114,72.01773532848267,37.07564317223658,26.63884356933588,B
g9633,HiC_scaffold_13,2054588,2056238,30.12995527276895,43.48102937344227,35.933576899024445,33.446080116976034,26.84028956201883,24.15894938499885,B
g9634,HiC_scaffold_13,2056367,2058239,11.247591721823474,19.596092780215308,18.198967946764245,17.533880827103026,13.83302690290576,12.929362853700688,B
g9635,HiC_scaffold_13,2058330,2060970,0.5109343878156842,2.401434582641372,4.047771945728943,5.979825439360655,3.388738730167957,5.408475591547509,B
g9650,HiC_scaffold_13,2127149,2128543,3.385028588769715,16.01701827031255,7.723922911680731,36.84528933650357,22.051672605618847,21.52138071973604,B
g9651,HiC_scaffold_13,2128904,2132339,4.654177532044343,18.161677942123923,24.54543896233033,17.558969495415376,13.860916072299435,18.48525434002584,B
g9652,HiC_scaffold_13,2132535,2133594,8.918970867831135,0.8545074756322744,2.007327395654486,4.662202318500045,1.1286290830911898,3.787332892026327,B
g9653,HiC_scaffold_13,2133634,2137588,1.6620358089976444,0.6040452625455515,0.8794264205657948,4.199615895201033,1.8337792346290007,1.8660002902457509,B
g9654,HiC_scaffold_13,2137864,2139235,11.60691148502644,6.715020424056042,7.546432819220504,13.385559331911068,10.162268556840242,7.336904349990807,B
g9655,HiC_scaffold_13,2139378,2140425,36.198622902280505,30.55487514956337,45.41881438875369,25.75002469257444,26.48029235010859,26.56971936630425,B
g9656,HiC_scaffold_13,2140660,2141392,3.032300905102981,0.7189981516711677,2.817295582106289,1.0876220671808603,1.6630273288333663,0.8705172376049353,B
g9657,HiC_scaffold_13,2141591,2155599,1.6697419329887502,0.9542780689413404,6.353401936580804,2.091651551718329,2.079232183236696,1.1760474859080936,B
g9658,HiC_scaffold_13,2157344,2158561,0.0,0.0390891808562241,0.0,0.0,0.0,0.0,B
g9661,HiC_scaffold_13,2174751,2175446,0.0,0.0,0.1253300846617952,0.0,0.0,0.0,B
g9662,HiC_scaffold_13,2175813,2177307,0.0288299059633277,0.0,0.0,0.0,0.0,0.0,B
g9671,HiC_scaffold_13,2200956,2201649,325.8572904350975,3.463566945520598,6.087876446406879,23.259986869575062,21.40708822402245,23.590549851939485,B
g9672,HiC_scaffold_13,2201903,2203580,58.90101570378118,0.215185011246337,2.7810857467195333,0.8370426082464308,0.3373986737949906,0.4748767258119179,B
g9673,HiC_scaffold_13,2204696,2207786,6.365516753366491,27.425985130342056,33.24558671179751,22.3529316827228,18.382731791450425,24.550614343296672,B
g9674,HiC_scaffold_13,2207885,2209172,6.163372392965716,9.365708255530285,7.250171398745501,9.077779162738548,7.223108183804301,8.911666751977398,B
g9675,HiC_scaffold_13,2209300,2212054,1.8336306983111723,8.290642728705016,11.33423667988673,6.616597940459882,6.4508658951117575,7.501202578812643,B
g9676,HiC_scaffold_13,2212167,2212936,1.693294212029519,1.347900655034623,3.7198286124266415,6.412205435384118,3.230325183372712,5.109974964933394,B
g9677,HiC_scaffold_13,2213050,2214410,4.029292458525468,8.773276977973694,11.978192303586304,53.042918297735525,39.49793285851811,66.40607547984646,B
g9678,HiC_scaffold_13,2214998,2216936,8.529612060718122,18.68160890077799,21.59831795115542,33.72583775250281,25.265724409123383,35.38243025866147,B
g9679,HiC_scaffold_13,2217016,2219763,1.95010301901158,0.2992539214454788,8.879584602951375,4.381343490874553,2.341693610086371,3.286921165927112,B
g9680,HiC_scaffold_13,2219918,2221433,79.23120862375495,69.22049367568187,83.70456933896845,123.53047406701144,71.40313389038516,47.08847168028808,B
g9681,HiC_scaffold_13,2223150,2224704,102.59186864505772,81.17347475622982,856.1870818999535,237.4506328887066,214.23432873747427,258.45501534333243,B
g9682,HiC_scaffold_13,2225504,2226219,31.67956106698896,70.44134812777156,12.76730146342255,97.18721289051165,71.31077019571708,52.88772102444514,B
g9683,HiC_scaffold_13,2226533,2228292,13.19936939432191,17.268249626556422,11.193251179943566,35.40748830500754,23.3839875129295,37.357997183846166,B
g9684,HiC_scaffold_13,2228418,2232238,0.3949239740055024,0.295870916818258,0.4383714976895548,1.7400978465721848,1.6573836276535063,1.6513588828917252,B
g9685,HiC_scaffold_13,2232354,2232576,289.94466421991507,388.956310025902,427.5609448981146,401.4773421464636,311.9297647550984,235.52887172042,B
g9686,HiC_scaffold_13,2232993,2234790,6.542886037911505,0.1582363223860998,0.1573985574986874,0.8791083866054846,0.270140809494231,0.29544361683791,B
g9687,HiC_scaffold_13,2236259,2240066,4.162497795182681,1.2106483481225134,1.56781550203944,7.469372922576813,5.915641177932447,7.976201344663992,B
g9688,HiC_scaffold_13,2240278,2243518,12.44247308862558,18.196389579669827,15.368925594395405,16.234017695607818,12.53283416080405,15.38334920700628,B
g9689,HiC_scaffold_13,2244393,2244768,31.64798711317381,21.61700360214764,30.20711050665866,75.45217931861546,57.83003542311217,73.30275523365388,B
g9690,HiC_scaffold_13,2244944,2246950,5.7083824620675,3.4570559313359324,4.038903634572803,4.3974059385784745,3.866934757338525,5.358549695419063,B
g9691,HiC_scaffold_13,2247945,2248359,6.309981729724464,6.237301627714453,19.052810603542127,15.290106697757397,22.357609969820388,15.005088185209608,B
g9692,HiC_scaffold_13,2249281,2250322,1.281784353738966,9.705634118409684,8.102251580412892,3.924085730369825,4.249563456312565,3.109881143328968,B
g9693,HiC_scaffold_13,2250545,2251157,12.465713878559368,97.71134295605792,49.17506653421248,107.65980579480988,92.45417112191508,47.17537638654264,B
g9694,HiC_scaffold_13,2251249,2257412,0.1913756033658391,0.1970449306658478,0.4101828023274233,0.8453357424076073,0.470091719537301,0.9120437565954164,B
g9695,HiC_scaffold_13,2257601,2258081,0.1549089646570072,0.6778463204960444,0.221390656593619,4.450331452635447,11.303686177629515,1.5470729938840104,B
g9696,HiC_scaffold_13,2259540,2262016,4.678937495458612,7.867119338627955,11.45222783119501,19.02761114070843,13.035941263905904,12.243846219538932,B
g9697,HiC_scaffold_13,2262246,2263731,2.57437033203062,5.804787340932031,2.607959170717789,5.716680767207652,3.615111334818186,2.8961351254816137,B
g9698,HiC_scaffold_13,2263883,2264932,1.6446350115836688,7.260515830077693,6.0518453144793884,4.028957854283627,2.5483483615536127,3.874646621460172,B
g9699,HiC_scaffold_13,2265088,2267359,1.5488217573813683,4.381548940038269,15.421203021347749,5.373166540437174,4.465107406159273,7.332301362781704,B
g9700,HiC_scaffold_13,2267435,2268878,5.929536556481057,8.238296357969894,18.200298397584792,7.344285747696992,6.977774368144081,8.178969855087175,B
g9701,HiC_scaffold_13,2269343,2269999,13.875086100396953,6.453171935065006,6.3817268941363,38.68049330837511,27.039691396637505,45.946963184928734,B
g9702,HiC_scaffold_13,2270364,2271066,124.65041616201742,38.17257593608272,6.602768803244038,80.19108190202542,63.64923615213512,45.5896869124213,B
g9703,HiC_scaffold_13,2271309,2272633,2.3016163466799977,7.658673922716112,5.278391841309173,17.62552749719248,10.125643854296754,12.913930936717312,B
g9704,HiC_scaffold_13,2272733,2274430,5.907299643399156,8.595765005515288,7.74000095078113,9.335407474313762,7.18289538894177,8.749764453101017,B
g9705,HiC_scaffold_13,2274544,2274928,2.3916899984805253,1.1461930276992964,1.3004986530343694,32.01381104631074,35.42564545808594,38.99402995299094,B
g9706,HiC_scaffold_13,2275155,2276935,0.1734095217845426,0.1304445817583894,0.2276952838945251,4.692117030345717,3.148289682491214,4.105639000034884,B
g9707,HiC_scaffold_13,2277116,2279124,0.6733191379866537,2.9027480384600755,14.84040051444818,8.006506283367033,9.63272688962213,11.789036179332795,B
g9708,HiC_scaffold_13,2280037,2281597,3.820561549857009,10.888595294824242,16.803431249011375,0.708093111834198,0.77419784871655,0.8506220783336231,B
g9709,HiC_scaffold_13,2282448,2284251,77.43033538117402,19.76453931301592,66.54713183688315,28.847084845731462,35.61661321391292,80.29385081373312,B
g9710,HiC_scaffold_13,2284439,2285147,2.249777332391561,1.5466214543487822,1.3576569633003572,5.092013246027909,9.177612751863707,2.098601817819728,B
g9711,HiC_scaffold_13,2285874,2287110,0.542839548934199,1.7953417318967722,1.4876343812780342,0.0377346394826688,0.0,0.0,B
g9712,HiC_scaffold_13,2287137,2287905,0.9840606524522256,3.412109596536362,3.526940358377378,0.0,0.0,0.0,B
g9713,HiC_scaffold_13,2290463,2290961,2.0366735344864875,1.633364627701312,3.866769589802112,20.48897890902861,5.88896196885953,2.2382882965986632,B
g9716,HiC_scaffold_13,2297164,2297793,2.378367462645536,18.605991963252315,82.62038072595695,9.96257293320171,12.835188874526493,7.411304402747081,B
g9717,HiC_scaffold_13,2297834,2298449,1.6832033797853647,4.554653687229052,14.088592744719552,1.1856766472335185,4.122099842650995,3.4530873460665,B
g9718,HiC_scaffold_13,2298704,2299343,30.6070110123572,0.0,0.7214826264936127,0.5948817954166771,1.0956654651167663,1.0799089682589955,B
g9719,HiC_scaffold_13,2299374,2299974,13.229144890575512,0.5422770563968354,0.2343672583175571,3.754732068398869,3.2203079632272096,4.424784839554134,B
g9720,HiC_scaffold_13,2300087,2300657,10.267750009856432,0.4196451043005901,1.0611521912422783,5.368100248428316,4.567979051251576,7.915479835191371,B
g9721,HiC_scaffold_13,2300930,2309293,4.026692860233971,1.026432423499022,3.558096149674774,6.83838656818422,6.109453244157516,6.883634720878192,B
g9722,HiC_scaffold_13,2309382,2311260,0.3006608939810802,0.3202567126909009,1.461473659693023,4.562756848421363,3.5190744649344707,4.548545247374163,B
g9723,HiC_scaffold_13,2311757,2313028,3.868360443635354,4.408580167009244,6.0302472653800585,19.162683521980377,13.073332756201086,20.964921666399658,B
g9729,HiC_scaffold_13,2330149,2330653,0.3498782738766626,0.094288649448919,0.0808162959715714,1.3610280519676428,0.9870675749355432,3.17269807226436,B
g9730,HiC_scaffold_13,2330744,2331332,0.0,0.0674088935173661,0.0,0.1722168653211095,0.321966043399106,0.0903966313512655,B
g9747,HiC_scaffold_13,2373765,2375251,2.553623612550832,3.298903490251156,6.576871807380677,112.6825054624032,69.95797785914318,76.95236269127865,B
g9748,HiC_scaffold_13,2375588,2377097,5.1623238877707935,3.073983189023422,2.576167077589292,3.711997028181932,2.115144803433308,3.3556796100742567,B
g9749,HiC_scaffold_13,2377169,2381574,2.306241775157198,2.0931293040124324,2.8463083841963224,4.028051489357939,2.871972347150537,3.94202045403401,B
g9750,HiC_scaffold_13,2381858,2382728,6.671075060574101,11.574074965936257,23.1900670783738,24.537813016336628,18.424376441983448,21.48001460528933,B
g9751,HiC_scaffold_13,2384089,2384904,0.4795571726592297,0.5700437253480666,0.102006631687007,4.947844952979493,3.0932840254211458,2.332396773600601,B
g9754,HiC_scaffold_13,2390148,2391303,1.3131981184112993,0.1053398739469877,0.4323735781516865,2.108242211489194,0.7673164318835954,1.4242075656070488,B
g9755,HiC_scaffold_13,2391600,2394579,65.51395696004519,0.0,0.0417326446110936,1.1529240544952075,0.4158757808784673,0.7471814613134922,B
g9756,HiC_scaffold_13,2394790,2398057,0.7454690659487918,0.933360756084156,1.442275540976485,4.005538659103907,2.385860807630624,3.0269545567957072,B
g9757,HiC_scaffold_13,2398160,2398852,0.7085954000478617,4.5720774220110805,4.156739116721473,21.313263573497903,16.29736821326932,11.996000692302026,B
g9758,HiC_scaffold_13,2398972,2400361,3.2261352353190937,5.614670445722231,4.7072224519667,1.6106465597630786,1.0804030656857746,1.7963291861662989,B
g9759,HiC_scaffold_13,2400536,2402189,0.5181560009652534,1.723329025847936,4.297181311051942,3.476291829770024,2.483844458650771,3.9842500578554185,B
g9760,HiC_scaffold_13,2402338,2403685,3.3393798392822465,3.8614306861811953,0.7572755216905429,18.34389216166973,12.70039745111658,13.86920235652123,B
g9762,HiC_scaffold_13,2405280,2407448,1.063571272790694,2.079558980790887,2.488635264374168,3.37185199303528,1.6754597904068569,2.8557636283596977,B
g9763,HiC_scaffold_13,2407987,2409573,2.148545961321513,33.00805964628655,13.904098625307007,32.449499155893974,39.243187423657474,25.00154993053972,B
g9764,HiC_scaffold_13,2410117,2410522,1.485973605960865,1.4850422381074373,1.2291036664719135,1.7656915690692565,1.8018825813409072,2.618726748493862,B
g9765,HiC_scaffold_13,2410619,2411543,4.898095648090695,2.25748779695262,1.8540218889519235,1.7873578008634294,1.314004564722174,1.6096970987398922,B
g9766,HiC_scaffold_13,2412089,2413466,2.572103285437888,0.4397817761798964,0.7740625616103973,0.7829597222545499,0.5483904208227115,0.616711315887634,B
g9767,HiC_scaffold_13,2413989,2415738,0.5211206822671692,0.0234508647857517,0.0201001079174577,0.4231158864705785,0.4468668014886174,0.5461451766738146,B
g9768,HiC_scaffold_13,2415838,2418995,0.9118533177442764,0.0154135898197218,0.0,0.2365184016952973,0.1530248094588089,0.3986825778218237,B
g9769,HiC_scaffold_13,2419152,2420280,2.614076260015846,0.0702773570712966,0.0318770724021897,0.9544064012337544,0.3834842039004404,0.7057254102329147,B
g9770,HiC_scaffold_13,2420376,2421450,0.8486406641389934,0.3411376129873193,0.3303164647713978,1.4346968244617817,0.8557527737073946,1.6306016543251671,B
g9780,HiC_scaffold_13,2450208,2450868,0.7428558422137957,0.7974343136716586,0.5919957891426536,1.657074902714341,1.1809689563663155,1.768016320619852,B
g9781,HiC_scaffold_13,2455425,2456801,0.9772231655829192,1.5064397760449515,1.3099473374253314,1.77517831616523,1.5220873481802155,1.2406904554649778,B
g9782,HiC_scaffold_13,2457189,2457734,0.4006654553183243,0.8425174557031174,1.0452604483085146,1.8747854005859987,2.135078847964661,2.336829290788541,B
g9783,HiC_scaffold_13,2457840,2458215,0.906213408686847,2.810646472449755,4.01010717533293,5.978355792985168,4.224667163822248,4.247297435661794,B
g9784,HiC_scaffold_13,2459434,2459807,31.869268168499207,22.351110885824667,31.901999986122675,198.4139960827229,162.70391241615442,171.88972686091245,B
g9785,HiC_scaffold_13,2459982,2462089,9.394040283069245,5.416284332853566,6.640376396619752,15.853757575949846,14.086430601679703,18.058813789863663,B
g9786,HiC_scaffold_13,2464420,2465461,0.6936261984930346,10.757514992260733,7.909647068886159,1.6118069679473457,1.7342257039263158,1.2747074372722884,B
g9787,HiC_scaffold_13,2465680,2466292,19.790622478871505,138.34372373065688,77.14178515635814,113.174181698835,91.75289781488092,43.451392249672764,B
g9788,HiC_scaffold_13,2466383,2472543,0.0771321836303882,0.1782208008379974,0.3412965536339531,0.971027115763057,0.4663904048979049,1.4795135367598915,B
g9789,HiC_scaffold_13,2472730,2472979,0.149309845452537,0.0,0.0,0.5193508059376966,1.312548099103712,0.2134667439138319,B
g9790,HiC_scaffold_13,2473151,2473784,1.3811404767260622,0.0,1.2420978439186752,0.8466627723010689,1.3599989175288252,2.0123494833584648,B
g9791,HiC_scaffold_13,2474491,2474710,0.1697632489391859,0.180988262046627,0.9741428276342956,5.015899807906129,9.43208814193108,0.0,B
g9792,HiC_scaffold_13,2476307,2478782,4.437360746686392,8.478815868913578,11.150795716093684,24.33745014264295,16.26579247069605,16.445200172326047,B
g9793,HiC_scaffold_13,2479005,2480490,1.657830039395549,3.949851366085357,1.5808163775710802,6.4205649971974585,3.3736384630928646,4.075021431109569,B
g9794,HiC_scaffold_13,2480642,2481691,1.3187445609581083,4.325595899328157,4.103871571103503,21.13126015223924,14.64651884296018,23.59157171626084,B
g9795,HiC_scaffold_13,2481834,2485623,3.621504305521258,7.02643682973671,18.59016395364372,16.316103610479686,14.627664809867472,19.15938860420558,B
g9796,HiC_scaffold_13,2486088,2486739,13.760674530455445,5.228186921187288,7.606165023249467,44.140302315011866,32.94128871557876,52.83790049679712,B
g9797,HiC_scaffold_13,2487105,2487807,123.34958668221957,35.94894173311549,5.68421420026975,75.36634233643892,58.349144029483966,41.65550264591236,B
g9798,HiC_scaffold_13,2488041,2489365,2.0752205821279563,5.655371458434527,4.210384946862242,6.90989658515954,3.707757548650712,4.689274248299497,B
g9799,HiC_scaffold_13,2489461,2491161,4.653482306842872,5.649987261625598,5.741377650672219,8.664486630617048,8.497098217387384,8.84542028014322,B
g9800,HiC_scaffold_13,2491275,2492965,0.8461522533836772,3.22107523067971,9.551184855160626,24.3230490319354,28.296474283513312,36.02126058279352,B
g9801,HiC_scaffold_13,2493851,2495411,8.941839984122478,9.752079468769924,17.069226649442964,18.689610335459577,19.9796078324068,24.230462274197578,B
g9802,HiC_scaffold_13,2496267,2498070,70.4742845999146,13.984153464157217,42.34651216546597,50.151258225320376,61.68736135732698,130.01658656528474,B
g9803,HiC_scaffold_13,2498258,2498966,7.883228271848692,13.539395056674255,10.95716450686777,2.3523833182089247,3.980840758138247,0.3745001176341858,B
g9804,HiC_scaffold_13,2499262,2499706,9.383455888262748,5.5542609278227175,4.961443065523284,10.713078535929885,4.39691358212066,1.435177067402731,B
g9805,HiC_scaffold_13,2501464,2502103,4.644510889137389,33.68191695188392,108.36049629238934,9.070002746412875,11.796060744927953,6.395301646608337,B
g9806,HiC_scaffold_13,2502144,2502768,2.433471231246573,1.7592407947485171,10.87632107977771,1.7852819810551153,6.869675284050297,6.893735065179124,B
g9807,HiC_scaffold_13,2503001,2503640,27.183391645195805,0.0,0.6689777893988386,0.6412353960778892,0.8424348784390757,0.829878194945238,B
g9808,HiC_scaffold_13,2503671,2504271,12.65405040248218,1.1460177180337952,0.3528879690130631,4.38828118051763,4.655106821220121,5.131944397128763,B
g9809,HiC_scaffold_13,2504384,2504954,9.050911713755344,0.8441292721873853,1.749435908221619,3.083088077866119,2.7498265277383003,2.793730757770727,B
g9810,HiC_scaffold_13,2505228,2515553,3.8209091682457874,1.162263432244828,4.007093937620776,5.92331247023264,5.227684461870847,5.881414333900679,B
g9811,HiC_scaffold_13,2515899,2517322,7.962285791931962,6.699591212685286,7.992788603245488,9.202774677448208,7.528350023661891,10.709464645128872,B
g9812,HiC_scaffold_13,2517672,2518752,1.4468824869877648,0.5556138641772626,0.3928405664238074,1.6805879528480332,1.0977530248803211,1.5225367827670593,B
g9813,HiC_scaffold_13,2518848,2519976,2.143378165650236,0.0,0.0318770724021897,0.6518921405837947,0.5044444706178501,0.7060002386405909,B
g9814,HiC_scaffold_13,2520039,2523283,1.8161185391439392,0.0,0.0121806699423001,0.8148373317911601,0.266202942075623,0.6110431514539486,B
g9815,HiC_scaffold_13,2523380,2525120,1.3294051738113009,0.0227795571196616,0.0206651365917643,0.6303446377569806,0.4023736966721918,0.5489700655186791,B
g9816,HiC_scaffold_13,2525643,2527020,2.5965722095134574,0.4377786779633845,1.268458109146796,0.5159112088703903,0.4869266659231372,0.3469563981286711,B
g9817,HiC_scaffold_13,2527566,2528409,2.620629814161943,1.7593089974242468,1.2643940063315742,2.426591763420137,1.7025136288935236,2.078156808580008,B
g9818,HiC_scaffold_13,2529455,2531041,1.961769455566079,31.81010585425591,13.310937954522506,41.36271607209913,56.31498432477134,30.05698117361301,B
g9819,HiC_scaffold_13,2531590,2533759,0.8285289351303541,1.0183454833410996,0.7699800733802844,10.005581706186089,5.602934688445517,8.199099343718114,B
g9820,HiC_scaffold_13,2533870,2535217,3.784079595595185,4.7109251867935,1.610459843845998,33.461595650887304,26.07564104257592,19.49239632974893,B
g9821,HiC_scaffold_13,2535366,2537023,1.3559325937516542,1.4569051423174528,5.43331853332751,9.164228880242344,8.378796795169368,11.015503348303833,B
g9822,HiC_scaffold_13,2537206,2538595,3.808292705726788,5.138237376857759,6.4042269931887965,15.154292152674364,11.507128312157228,11.693934217607309,B
g9823,HiC_scaffold_13,2538715,2539407,1.3245574020365758,10.466162889057284,5.893780965656209,57.77035210491499,45.00753844181551,33.32267448203611,B
g9824,HiC_scaffold_13,2539519,2539988,42.36821374100296,113.4186522651276,42.55229148188651,95.81627051588843,75.14635457757434,61.9870160474242,B
g9825,HiC_scaffold_13,2540348,2543911,4.857539967445155,2.907615447472914,1.8604909020571656,5.071690397403493,3.0536383732068253,6.59261710631695,B
g9826,HiC_scaffold_13,2544134,2546012,29.26668467523477,16.759573981015773,13.718468760692945,17.383892329141254,12.912438394231865,11.04679655388335,B
g9827,HiC_scaffold_13,2546563,2550359,2.575175551020251,2.950108743825364,3.2542366196460213,9.692363355191052,6.486362838267491,9.493742548878142,B
g9828,HiC_scaffold_13,2551013,2552076,55.121094480433584,0.0,0.0404081479857857,0.6124221850125237,0.3099891664502765,0.1221913085851589,B
g9829,HiC_scaffold_13,2552221,2553535,0.5100038379408698,0.0,0.326976969738268,7.113969391560611,3.418092690818084,4.9000918997249245,B
g9830,HiC_scaffold_13,2553829,2555635,0.6410572323624393,0.0219470816103052,0.2756295597569905,3.606717902421731,1.8516960839787284,3.2915173720049298,B
g9831,HiC_scaffold_13,2562764,2563634,14.498600161821434,14.191552213884458,33.616456744619164,21.076011175886165,13.303820929408849,20.01122459754672,B
g9832,HiC_scaffold_13,2563867,2568270,2.988466034290349,2.3651627968400635,2.4766811288784023,8.829781550930203,6.0684666892028165,9.299922752896254,B
g9833,HiC_scaffold_13,2568342,2569849,5.414691794479467,3.735854596380519,3.20461395963018,16.289196455049424,10.638090011157974,12.874319761647758,B
g9834,HiC_scaffold_13,2570184,2571668,2.4193172550575595,3.34107480889703,3.6025233659187963,111.60335406287692,59.09714366275067,73.57476883350128,B
g9838,HiC_scaffold_13,2588361,2590051,0.0571517959625439,0.0291016368489069,0.0264003947648091,0.131547393984194,0.1576264299181208,0.1168499642142245,B
g9840,HiC_scaffold_13,2601355,2601836,0.0933342279388307,0.0,0.0,0.0,0.0,0.0,B
g9846,HiC_scaffold_13,2619072,2619531,60.20275545587492,12.873794064547656,8.399333734638686,1.784596874849223,2.0318121787156365,1.9290866819366528,B
g9847,HiC_scaffold_13,2620310,2625482,11.67328284906364,1.3027263282300063,2.3033346694485566,6.325632145456931,8.207063065835623,9.11696081762955,B
g9848,HiC_scaffold_13,2625616,2627896,8.073317593985637,0.9532747289004624,3.0037077442790032,10.13393631573597,13.391979818691826,15.15570382865527,B
g9849,HiC_scaffold_13,2628980,2630174,26.4399930928882,13.584336974223987,7.062161058337154,4.197033684317777,1.8721787684892768,5.431728711937674,B
g9850,HiC_scaffold_13,2630233,2633113,18.67086932519016,25.27245521385983,17.04575887479949,31.919098410764683,19.08811492441768,20.19653694872965,B
g9851,HiC_scaffold_13,2634227,2636339,8.922477331107041,16.395834247639197,30.236738666691977,20.006920400389053,14.620076082758118,15.017390564925932,B
g9852,HiC_scaffold_13,2636574,2638675,29.84942920277924,26.041675445147384,19.26568222845507,50.67279201232493,40.69304054586272,43.50580080274118,B
g9853,HiC_scaffold_13,2638732,2642047,0.3945144318778544,0.1456031550852772,0.2594915472929061,0.7447554009930117,0.4630003425199562,0.8138009502498833,B
g9854,HiC_scaffold_13,2642186,2645513,2.953110254938496,7.978544144153757,7.541093511168448,5.966713386011279,5.142762746199532,6.134856372181572,B
g9855,HiC_scaffold_13,2645577,2648586,46.072387302957466,9.141333696562956,8.923349343247851,17.89192313497574,11.212432461236856,17.469158057736138,B
g9856,HiC_scaffold_13,2651399,2652320,12.119396600270116,13.313887901754365,15.814197487350224,19.3131460145938,12.895382944283968,15.46902155339013,B
g9857,HiC_scaffold_13,2652603,2655777,4.194939131626867,3.93816920636333,5.108003761035157,4.2545562104523125,3.100780672961791,2.6306585669468374,B
g9858,HiC_scaffold_13,2655835,2659997,1.0203780965947984,11.189233673303438,15.712447158759154,28.39293296947211,23.3166762594695,22.66197965067184,B
g9859,HiC_scaffold_13,2660185,2663128,0.6499164084325846,4.254782410278484,3.4613300664066946,4.450331289098942,3.532142547706879,2.8412864035877483,B
g9860,HiC_scaffold_13,2663193,2665302,0.2658962299013067,0.3459653575356983,1.0193338253849904,1.4714861803366155,0.5820639869944998,1.658808112036991,B
g9861,HiC_scaffold_13,2665425,2668449,8.149586701435373,81.5071578515626,127.78940131937247,58.70136982634352,69.23602593619722,86.54675397113104,B
g9862,HiC_scaffold_13,2668824,2670630,13.458617042312184,0.3557351433797296,0.2959837051566065,4.986882502466444,9.202021657521604,69.09561607780898,B
g9870,HiC_scaffold_13,2716450,2717521,0.0,0.0,0.0351902790266602,0.0,0.0,0.0,B
g9879,HiC_scaffold_13,2744018,2745734,22.597078145553564,13.557489411369176,35.14444252200566,23.43975858442906,20.77860993346315,27.04041519631264,B
g9880,HiC_scaffold_13,2745965,2747245,13.096691442894574,63.86647197151144,54.53246933264137,101.10283626593936,76.10569947483943,86.61160126546363,B
g9881,HiC_scaffold_13,2747466,2751201,13.15163327276354,17.047571326419174,14.474938635169355,17.956768614502515,14.266693640257188,17.993436078472914,B
g9882,HiC_scaffold_13,2751377,2752833,18.10862255704869,18.703159962696915,26.44406020519681,22.32888796964301,23.9193388216268,24.30574159882675,B
g9883,HiC_scaffold_13,2752999,2754457,1.0112064544917263,1.2751256605154322,8.67121077430684,10.816181041534092,11.597305403534708,1.6744362191102384,B
g9884,HiC_scaffold_13,2755018,2756541,164.40086709248618,199.7948710419845,319.3243008076516,187.2168361372852,190.59086522953612,151.41313199132145,B
g9885,HiC_scaffold_13,2756748,2765214,6.354934142660031,0.9543747252451438,3.36080368018932,4.27971496492136,2.574800472223004,4.081019841003863,B
g9886,HiC_scaffold_13,2765280,2766242,7.063498321185174,7.414293603996208,11.001466520332905,44.618171546004575,38.82155145004838,55.81745007027202,B
g9887,HiC_scaffold_13,2767316,2768714,151.2728967954475,227.43246767703948,189.96107330160703,239.9130786202552,207.82899776466823,231.1599067616075,B
g9888,HiC_scaffold_13,2769086,2771701,3.239005565298455,0.6622824891017525,1.9538123627153003,8.210386586673806,8.047216903930934,4.735123913178627,B
g9889,HiC_scaffold_13,2772736,2773693,0.23855336855227,1.2626967036105516,0.4107878449323518,2.3361966832179006,1.5859185528235424,1.4980009269732488,B
g9890,HiC_scaffold_13,2774531,2775156,10.643201298633564,13.410903973663071,14.521148736669923,36.4313375130915,29.95777007608504,43.36992088595956,B
g9891,HiC_scaffold_13,2775235,2778840,84.65220280166555,40.52957719354379,29.702842010313027,32.65857832951485,25.909209342605905,34.05529354410805,B
g9892,HiC_scaffold_13,2779048,2780202,10.334341597040629,1.72031722293547,3.4577532241314755,5.3791818491775,2.262065996692116,4.589782653817264,B
g9893,HiC_scaffold_13,2780296,2781712,19.83644181604007,8.6331803777493,13.270392978809696,11.431867803568084,8.299329871470755,11.979435585569307,B
g9894,HiC_scaffold_13,2781769,2784721,6.584775830101956,4.99334860598465,10.20424515703434,11.321526498084983,9.132184866860728,14.278253707504335,B
g9904,HiC_scaffold_13,2799048,2800092,0.1441138195436183,0.0,0.1017888076292501,0.7475940456398322,0.568313471825507,0.6609787650550748,B
g9907,HiC_scaffold_13,2803119,2807688,0.3582817660280476,0.2226120078845662,0.2568956358823653,0.3369006943574333,0.2358715335841651,0.3135602687200313,B
g9908,HiC_scaffold_13,2807756,2808797,0.1088152508029355,0.1930263335112329,0.1719351003134616,4.007829692169295,1.857108588124148,2.448486524214458,B
g9909,HiC_scaffold_13,2809285,2810815,3.1068917994847505,4.722601356819971,2.7459143144282128,6.492757501091106,6.323508124696445,2.359326020451715,B
g9910,HiC_scaffold_13,2811546,2811936,3.7028967827243537,7.437726774619339,16.971977946829455,0.6591579087285444,0.7647628865238011,0.5451612229184015,B
g9911,HiC_scaffold_13,2812154,2813833,2.425657687598377,4.908281664638462,13.56444931426224,0.3210884985340793,0.2238096056528967,0.0,B
g9912,HiC_scaffold_13,2814426,2815461,1.2423014058013244,0.1816295862293171,0.4682634978059629,1.3589513971537146,0.5705731582960631,3.766781475742741,B
g9913,HiC_scaffold_13,2815655,2817238,13.320901563722831,4.7803755881947705,5.687585506883792,17.962485318698686,12.513106119452848,24.01142279749595,B
g9914,HiC_scaffold_13,2817346,2818182,18.53758967330896,18.030494337916046,12.762528247160915,71.80737572198913,42.48798399366563,46.48150853152679,B
g9915,HiC_scaffold_13,2818364,2819597,4.268247153863847,2.694977174942122,2.275244619889178,15.013651206161054,8.473085923178147,10.509184114054968,B
g9916,HiC_scaffold_13,2819712,2821146,2.77841045755021,3.1132928945430782,2.118051441901768,13.045283185965204,8.509987702061162,11.90227817575153,B
g9935,HiC_scaffold_13,2862849,2863657,16.370942174414708,25.470497107721688,13.77971258971084,84.95961173296328,52.31112861735395,50.93411461427869,B
g9936,HiC_scaffold_13,2863694,2864680,24.837682584877065,4.789806390321564,2.866694697582445,29.700619085786137,16.266249871452274,19.31530141140919,B
g9937,HiC_scaffold_13,2864855,2868949,11.1751372890823,0.1729281922488422,0.3232668824208888,13.164829599250089,4.954358841602565,6.690954018748732,B
g9938,HiC_scaffold_13,2869064,2870116,14.694515604546908,5.7163837598596725,3.7230635852305873,21.03575736200289,15.949136537265067,21.701814552919203,B
g9939,HiC_scaffold_13,2871284,2871554,96.52709011465832,358.30782325908467,98.44551936768424,392.298138741839,253.88790025224927,147.0416918345377,B
g9940,HiC_scaffold_13,2871742,2875116,2.4323821020480763,6.54817450483722,4.839801644069835,7.2692633087246845,5.3862310128989375,6.415950267150414,B
g9941,HiC_scaffold_13,2875243,2876145,3.101726932958265,0.2477787769538896,0.3301717006082697,1.5603155176556145,0.4077258457881617,5.542578769695592,B
g9942,HiC_scaffold_13,2878622,2878943,0.5899538961184736,0.3747302843822504,0.5550847056208011,0.0,0.0,0.0,B
g9943,HiC_scaffold_13,2879279,2879926,0.0885194083754326,0.0,0.0,0.6158016698975545,0.0,0.5047449144058556,B
g9944,HiC_scaffold_13,2880550,2882280,46.20789839856637,34.04917855871647,42.35716705654304,41.510829000170936,34.84614140640905,42.61670093192958,B
g9945,HiC_scaffold_13,2882391,2882943,73.17292310370988,80.94485859223883,25.84795218875873,40.66266852488593,59.6597229670261,30.57257819277753,B
g9946,HiC_scaffold_13,2883129,2885689,0.3616197180593528,0.0171586274407841,0.3234119488496562,3.016047914278805,1.0539705668450423,1.5851437250001008,B
g9947,HiC_scaffold_13,2885987,2887667,22.79881756676028,42.70747186181518,20.102628659707623,66.69938215122801,47.81560855704416,34.05110618764117,B
g9948,HiC_scaffold_13,2888626,2890087,23.063573941200367,29.79358951384978,8.555357541261614,46.70411030771541,39.05810731497015,23.492729435076185,B
g9949,HiC_scaffold_13,2890290,2892207,21.47795975923408,7.661427028144731,3.6922435299864578,4.6199508090062,1.7608210770114152,4.170336477942399,B
g9950,HiC_scaffold_13,2892322,2893861,3.778801251630166,6.496407719981976,5.490968175718097,11.210717206810696,9.063573655773569,10.56992832515498,B
g9951,HiC_scaffold_13,2893942,2895964,0.9099210826698648,1.920975702398024,5.542400332915649,11.220589329495272,6.269363319539755,8.850988352664908,B
g9952,HiC_scaffold_13,2896891,2898901,13.40823199076666,54.843324258171286,104.10791254040872,142.23487272900368,104.1004452917612,161.82856730432314,B
g9953,HiC_scaffold_13,2899197,2899777,103.1418785998954,4.366608913106374,10.149622890198122,10.390901539200105,11.851478639853006,11.462253350932404,B
g9959,HiC_scaffold_13,2910244,2912375,14.939655189472802,11.730751661975727,4.54117854882044,32.03869332934015,19.65771642678821,14.83089363358937,B
g9960,HiC_scaffold_13,2912976,2914512,22.79140004512712,50.23384533993735,69.18005251072938,42.9541426291987,144.88568443960293,21.426416022388967,B
g9961,HiC_scaffold_13,2914596,2919057,1.3600034313069274,0.8570689045072741,1.8812079278556053,3.2629288923286204,2.0789419382697023,3.3192373225815155,B
g9962,HiC_scaffold_13,2919263,2919681,21.91745595444116,84.04911033537614,49.0619086073308,148.7796354333887,109.92289193591408,79.45861024185146,B
g9963,HiC_scaffold_13,2919782,2920885,1.9827406406832448,0.0474717158683793,0.0823060490941013,1.280312929877534,1.472615025427412,0.1842009852543678,B
g10028,HiC_scaffold_13,3056851,3077172,0.0018538095994855,0.0,0.0,0.0,0.0,0.0,B
g10153,HiC_scaffold_13,3353749,3356095,0.0,0.0,0.0153270834056564,31.3717427232472,48.62277493496265,37.35087051872296,B
g10154,HiC_scaffold_13,3357343,3360097,1.4560571615316025,0.3822125250713832,0.6707765392177996,0.1770709701857048,0.2918465551672703,0.1348774588794814,B
g10169,HiC_scaffold_13,3404610,3408888,0.394332536362357,0.0095875555189994,0.0670538691994678,0.1729849662078171,0.0440043878489393,0.4710547532152404,B
g10188,HiC_scaffold_13,3448441,3449011,0.1365627124578681,0.1390751908358291,0.0,3.73645852310912,3.837117213556805,6.332383868153096,B
g10228,HiC_scaffold_13,3563663,3564422,18.045564822222914,13.381600061556789,22.85264547861364,8.12859124429212,7.449162991223117,11.825367451891111,B
g10229,HiC_scaffold_13,3564490,3565380,3.377303538431968,1.5645342545954075,3.1059101500809128,2.645963253115623,1.5266979337132005,2.312311792988895,B
g10230,HiC_scaffold_13,3565549,3569658,21.23022128152564,3.2166294363228065,4.5643770244760296,6.6322995477465145,3.9572400464524073,5.244921710960973,B
g10328,HiC_scaffold_13,3781823,3783326,30.23992506975562,103.57636467195464,76.09928878825787,45.65699691681653,83.13416431994861,24.3614570959967,B
g10329,HiC_scaffold_13,3783407,3784295,60.04843281722094,32.35249678432368,17.29597237850841,25.774972249186423,30.91253273983341,19.723560592472342,B
g10330,HiC_scaffold_13,3784448,3785725,8.79145353161945,18.710737509451825,32.78811229132303,15.13221943604582,21.97859502859481,2.4020342179513783,B
g10331,HiC_scaffold_13,3786108,3788982,18.89903902472178,26.861731046378168,7.99634353877577,12.20569235933158,16.499523090840498,13.10942044582838,B
g10334,HiC_scaffold_13,3798323,3802439,3.8578838219351055,0.7466109064322333,1.082643163374879,1.1045036395261385,0.5067230698756446,1.0192867449472025,B
g10335,HiC_scaffold_13,3803153,3804321,7.513936093845797,0.0,0.0,9.549004768633038,5.3331771780832415,6.1376315735190845,B
g10336,HiC_scaffold_13,3805042,3805828,5.9494849954698985,0.0,0.0,2.0435718672352285,2.928021139258964,2.026382364342459,B
g10337,HiC_scaffold_13,3806987,3808691,0.8403369686225488,0.0,0.1055086199227406,2.0316069520042044,0.915460260976789,1.08994284552257,B
g10339,HiC_scaffold_13,3815951,3817565,0.3991475381228402,0.7741117149105189,0.3539691190238772,2.858241924844372,2.837966990455975,2.0067758998914176,B
g10351,HiC_scaffold_13,3851430,3856411,1.6078997092187295,0.1619585103400182,0.7356261526999877,0.3609173488762547,0.3149617114895328,0.6660454864361556,B
g10352,HiC_scaffold_13,3856504,3857740,0.6294366755342828,0.068279809454283,0.2456950513275199,0.1127333915859835,0.0910815721988566,0.2741596059599893,B
g10367,HiC_scaffold_13,3896893,3901009,1.6275519637659848,1.3350364632949876,1.7948663406655023,0.2562624039196703,0.1256573791293513,0.1934057975565422,B
g10389,HiC_scaffold_13,3965687,3966478,6.881141098958928,3.3127992603711185,2.0720907439433485,0.0,0.0,0.0,B
g10596,HiC_scaffold_14,464793,466389,0.9237713099304116,3.9003855948463615,2.6303508179116664,3.434201369587409,2.630855889629033,4.488273395306464,B
g10613,HiC_scaffold_14,513453,515741,0.0166792963291528,0.0,0.0,0.0,0.0,0.0,B
g10637,HiC_scaffold_14,568684,569369,0.0,0.0,1.1951943231811477,1.9886509867965336,1.8919675499272617,11.112616747260542,B
g10673,HiC_scaffold_14,658617,659658,3.4759618135877064,0.0,0.1358526454491553,0.0957717577867165,0.0518137511645995,0.0510597687171413,B
g10798,HiC_scaffold_14,993880,994635,0.0,0.0,0.0727848628315394,0.0516037266335258,0.1094676038539053,0.0,B
g10968,HiC_scaffold_14,1341242,1342547,32.93225959656472,0.3665865278947683,0.299400169221572,5.922524699984211,8.526015396160217,11.182103280026675,B
g10973,HiC_scaffold_14,1351962,1354426,0.0332453143591848,0.0,0.0,3.546759359436063,3.6006461189297267,4.916112780921988,B
g10974,HiC_scaffold_14,1356098,1356710,8.6585313321033,2.943738648784966,4.479474734012012,2.9531481627338705,3.800213263376536,4.682391735306381,B
g10975,HiC_scaffold_14,1356954,1357443,12.60527707570983,3.1196159109631667,3.71733996464712,3.138249328549267,3.365327479554343,5.101822562660799,B
g10976,HiC_scaffold_14,1357493,1358414,46.74731611004576,4.967532473681755,4.834907996485185,2.498505237800724,3.4277715730170826,4.092875651942035,B
g10977,HiC_scaffold_14,1359479,1361204,2.4182499008620826,0.0,0.0407595231856621,4.004607566156793,4.51848992001025,6.179667576792036,B
g10980,HiC_scaffold_14,1374261,1377493,0.0,0.0,0.0349618615620961,0.0,0.0135209875278416,0.0,B
g10995,HiC_scaffold_14,1413668,1414811,7.0994458305071415,1.5463238461561344,1.5861467621874217,2.6252795373933213,1.3222506397608569,2.182669495311575,B
g10996,HiC_scaffold_14,1415001,1416624,3.1364642869576533,4.274240298977528,3.3349149087710632,8.452850353324878,3.029507430672196,4.612781111848676,B
g10997,HiC_scaffold_14,1416818,1418447,0.5759146074929997,2.3872718910759287,1.574500211513289,9.26538438871451,4.842733698228778,7.0725772272891465,B
g11020,HiC_scaffold_14,1484741,1486202,1.4914316686872549,21.750998870391875,16.435469123224813,36.99592249811357,46.47450243985922,45.198195001859744,B
g11021,HiC_scaffold_14,1487150,1488382,0.617282932046862,10.207508127395052,19.53900000917936,14.091579652451378,11.854862280849474,31.558791414264785,B
g11022,HiC_scaffold_14,1489435,1490305,12.249744692655174,26.376855441920192,121.81027361429076,51.64125858039063,51.8524528288868,48.64335037677182,B
g11040,HiC_scaffold_14,1531823,1533934,1.1791060758031504,0.628440021538175,1.4436236272110334,2.4064638980663293,1.2878021395565695,1.7104452897010587,B
g11057,HiC_scaffold_14,1566117,1568036,0.020249537863661,0.0,0.0,0.0,0.0,0.0,B
g11076,HiC_scaffold_14,1610432,1613090,7.3513538746022,2.8049218527777224,4.344373844669093,1.6752065644262513,1.355278761609997,0.8587239889566639,B
g11077,HiC_scaffold_14,1613386,1615561,39.584350750972376,48.45791367586888,22.321346561400183,37.6254339575386,29.145031067697985,27.185027335733828,B
g11078,HiC_scaffold_14,1616155,1619992,1.863530978804119,5.695750276013936,10.608007815727602,7.9675390035344416,5.517049022173103,9.630646264613452,B
g11091,HiC_scaffold_14,1652355,1659860,1.826613370360036,0.6849462537776025,1.1720836212207562,0.0218329520505703,0.0113412382371163,0.0228027538543733,B
g11299,HiC_scaffold_14,2244504,2245125,29.097641755938795,0.5811034844768233,2.070272814759613,0.0,0.0,0.1706866860309656,B
g11422,HiC_scaffold_14,2553025,2553570,0.0,0.1738439885447864,0.0,0.0,0.0,0.0,B
g11425,HiC_scaffold_14,2556586,2559112,0.0186918811049179,0.0,0.0,0.0,0.0,0.0,B
g11427,HiC_scaffold_14,2571154,2571436,0.0,0.1454452571286517,0.0,0.0,0.0,0.0,B
g11430,HiC_scaffold_14,2577452,2579165,0.0449826394648296,0.0736040861517064,0.0,1.306281934490778,1.1887554616288656,0.5458951610476807,B
g11488,HiC_scaffold_14,2734717,2735671,0.0,0.0500800519051035,0.0,0.0,0.0,0.3886438370202048,B
g11495,HiC_scaffold_14,2746214,2746790,1.493618315113041,14.331782184128048,28.627434122385413,13.19975421970652,10.727035503703505,9.493526815689265,B
g11496,HiC_scaffold_14,2746850,2747381,3.3333747669634275,1.8920942861129328,2.4166340323909794,24.932261742067027,5.043175438593353,4.496336676724042,B
g11497,HiC_scaffold_14,2747713,2748463,2.834042697747259,4.4052978687919975,2.183990072485454,12.315386470796442,0.7248562651028382,1.2731972100781908,B
g11499,HiC_scaffold_14,2754408,2754702,0.1323822212601783,0.0,0.1223038696247279,1.8175932582099867,1.1116478798531435,2.348203527759717,B
g11500,HiC_scaffold_14,2755473,2755944,0.0826334884299202,0.168307555788583,0.0,0.1091599084518608,0.0561282936957922,0.1128518455085863,B
g11501,HiC_scaffold_14,2756207,2757160,0.0475218230164742,0.0,0.0,0.0912989009670072,0.0,0.0,B
g11502,HiC_scaffold_14,2758321,2758738,1.4386676109651648,0.0,0.0990560266382094,0.0,0.0,0.0,B
g11503,HiC_scaffold_14,2760571,2762706,0.2210150271507454,0.0777088681607938,0.0861904478047816,0.0,0.0,0.0,B
g11504,HiC_scaffold_14,2762846,2763572,0.1048189043638762,0.0564952651656746,0.0,0.0,0.0,0.0,B
g11505,HiC_scaffold_14,2764363,2765041,0.0,0.0,0.0530344213416961,0.0,0.0,0.0,B
g11506,HiC_scaffold_14,2766438,2766717,0.0,0.1470091846246586,0.0,3.2501561709757905,3.487514673563046,4.567875397324821,B
g11507,HiC_scaffold_14,2767607,2768024,1.5554852862161672,0.0,0.0,0.0,0.0,0.0,B
g11508,HiC_scaffold_14,2768910,2769366,0.2753937149457905,0.0,0.1775670996033086,0.0,0.0,0.0,B
g11509,HiC_scaffold_14,2769864,2775811,0.0637232056787975,0.0345896891542418,0.0850731840056495,0.2224966075708361,0.1871290437552971,0.1984633741335122,B
g11510,HiC_scaffold_14,2775942,2776484,0.0,0.0,0.1085033603322023,15.412242211521557,13.24961055512586,21.78940727911961,B
g11511,HiC_scaffold_14,2776701,2777118,0.9265718600329098,0.0,0.0,0.0,0.0,0.0,B
g11512,HiC_scaffold_14,2778004,2778460,0.1878975915263558,0.0,0.0,0.0,0.0,0.0,B
g11513,HiC_scaffold_14,2778959,2784895,0.0125942247688623,0.0183698189836325,0.02418016352461,0.1403945694282834,0.0763125937760522,0.0779202609211267,B
g11515,HiC_scaffold_14,2788102,2794051,0.0050397385817651,0.0,0.0,0.0,0.0,0.0,B
g11568,HiC_scaffold_14,2939291,2942894,0.0,0.0110009518146575,0.0197370042790184,0.0575138452612118,0.07573865159991,0.0441714269385994,B
g11577,HiC_scaffold_14,2966710,2968159,0.0,0.080561848350023,0.0,0.0,0.0,0.0,B
g11610,HiC_scaffold_14,3082150,3084235,0.4897996672928123,0.0393434652376784,0.2563772525241397,0.2555430700052257,0.116157739175113,0.1018239187023107,B
g11611,HiC_scaffold_14,3085155,3086262,1.701263484501749,0.7273177830739317,0.388332027273683,0.22939598057674,0.1719794903519297,0.3841244389126949,B
g11612,HiC_scaffold_14,3086305,3087259,1.9314843634802232,0.0,0.112232457114228,0.2384189031253855,0.1130778091453838,0.0,B
g11613,HiC_scaffold_14,3088647,3089658,72.11637629445329,23.277421964137297,11.437577307192065,4.888147989207961,3.8298927034333454,2.9912496344011497,B
g11614,HiC_scaffold_14,3089826,3090819,17.182619331716978,2.426894083686056,2.9739892433264745,0.0768770562384888,0.0,0.0,B
g11615,HiC_scaffold_14,3091152,3092172,0.5917269921048638,0.1179298247908846,0.1049703569480133,0.0,0.0,0.0,B
g11617,HiC_scaffold_14,3111225,3111978,0.1010604575938567,0.1597455793980111,0.425507361671825,0.0,0.0,0.0,B
g11636,HiC_scaffold_14,3197894,3200015,8.952665588274403,0.0186876140444183,0.0508590348934512,0.1792218138949818,0.0124641331120783,0.0501209045115927,B
g11637,HiC_scaffold_14,3200050,3200453,28.86332812755172,0.0,0.1210684770022559,0.4248758140498498,0.0,0.3568903435192919,B
g11638,HiC_scaffold_14,3200482,3201328,12.61236989677108,0.0,0.0425027632029196,0.0,0.0312487308873736,0.1256577286868656,B
g11639,HiC_scaffold_14,3203216,3205186,146.40564283345532,0.0403299533041099,0.0699237231241922,0.0505548838552865,0.0259945194992312,0.0,B
g11640,HiC_scaffold_14,3205221,3205623,13.079155542230652,0.0,0.0,0.0,0.0,0.0,B
g11641,HiC_scaffold_14,3205652,3206513,21.56093385858329,0.0936724644581778,0.0,0.3546523430653632,0.3119922328813342,0.2465770853592543,B
g11642,HiC_scaffold_14,3209437,3210346,64.18706040661608,0.0,0.0773489301378076,0.0839812066499663,0.0,0.0584743885968582,B
g11670,HiC_scaffold_14,3274770,3275016,3.135929166173194,4.728649526336637,1.734449424812282,7.295958292562622,5.700776378134354,5.39292860063656,B
g11679,HiC_scaffold_14,3297716,3300457,0.0,0.0157147749081531,0.0137767577278429,0.0,0.0,0.0,B
g11715,HiC_scaffold_14,3401564,3402287,0.0,0.0,0.0497335237478146,0.2090079069665261,0.0380382968625587,0.0,B
g11726,HiC_scaffold_14,3424115,3429931,0.0,0.0,0.0061773130816435,0.0,0.0,0.0,B
g11733,HiC_scaffold_15,19426,20827,0.3487099459873622,1.2303171501799035,0.9159405219126407,0.0745137406955699,0.1736289425274963,0.1138184566050196,B
g11734,HiC_scaffold_15,22385,26249,20.216221437260565,8.328908652624762,14.214858571772664,4.027105427536723,4.302346540199042,7.211715652113259,B
g11735,HiC_scaffold_15,26579,29297,20.37485338619949,20.46519048673404,32.12245833540467,7.906725838299018,13.058859324831529,10.995088883334391,B
g11736,HiC_scaffold_15,29643,30336,0.0,0.0,0.255959511662685,0.0719324674285511,0.0,0.0,B
g11767,HiC_scaffold_15,101601,102471,3.163602223577703,0.4571763528783696,1.2701729663164745,0.6679211309609666,0.3962514995405146,0.4269569215564274,B
g11768,HiC_scaffold_15,102594,103956,0.2222113632451438,0.0893300693162781,0.234069416662857,0.4666930504570841,0.5350199582541524,0.4676274680491585,B
g11769,HiC_scaffold_15,104427,105379,3.8382578206924816,7.1238804180499535,11.350738389934447,3.192703742015984,4.671672809316318,3.861140028866649,B
g11770,HiC_scaffold_15,105579,106392,0.4637246983705404,0.247159179809586,0.3056486691261307,0.4120241306295108,0.2328610498384677,0.0,B
g11771,HiC_scaffold_15,106706,107830,1.874767569223717,0.2663172290731113,0.4754412463430038,0.5594906731562203,0.5878649873093602,1.064629963425152,B
g11772,HiC_scaffold_15,108737,109523,2.206852507980546,0.4643799786594307,0.5855281799076109,0.0,0.0,0.0,B
g11773,HiC_scaffold_15,109668,111186,0.8510755573953556,0.8473613116005612,0.9142922849278486,0.833340844290998,0.7057348242032804,0.8045349253090125,B
g11774,HiC_scaffold_15,112115,113006,7.202310510117435,2.204546767649214,2.862424650907397,2.428708629149021,2.707628094595934,1.84584706154016,B
g11775,HiC_scaffold_15,113946,114597,3.8905521789126456,1.7175035662094122,7.210787085198268,3.1733427122406246,3.070516191259011,2.037404653322173,B
g11776,HiC_scaffold_15,114727,116845,1.373000673614056,2.890603063042118,6.760371778310269,3.3387461910757947,2.621954761722359,4.334719841697254,B
g11777,HiC_scaffold_15,117569,120364,109.88701666804477,93.17996941388134,46.77569152644559,105.4775538075975,132.9457572402474,198.7671318372347,B
g11778,HiC_scaffold_15,121355,123812,47.07597940628018,1.223374602786118,0.95739756378725,2.626439583125229,3.628916472130972,10.0645011447734,B
g11779,HiC_scaffold_15,123873,124227,4.194328643632207,0.0,0.0,0.1452381832791707,0.0746791704257574,0.2994249492238127,B
g11780,HiC_scaffold_15,125006,127600,268.2443977221739,50.964149724678,34.66926691156273,15.815325758876838,18.07012881372099,25.735022950415534,B
g11781,HiC_scaffold_15,128976,129231,3.879532625044172,4.921305256289615,2.089968916348073,1.8023475216539493,2.202182457845302,2.498896540889461,B
g11782,HiC_scaffold_15,129493,132487,40.30440400239934,186.6719132758801,60.8108834073266,31.114128727979264,33.72890215265176,33.10942892191373,B
g11796,HiC_scaffold_15,179779,181876,0.2939433533200278,0.1747812575682116,0.2331554964501755,0.4205735717265335,0.4739185183613209,0.8119180803368129,B
g11804,HiC_scaffold_15,192891,194457,0.3278680603763125,0.1071075589621395,0.1878122229914617,3.938453236021033,5.727329001359477,1.4454196129252597,B
g11807,HiC_scaffold_15,201045,201693,12.485905836634211,11.150586536936045,25.29477340235718,8.821211933527577,7.376932481376015,11.469846459821422,B
g11808,HiC_scaffold_15,202451,205082,2.3423872259446608,8.550699779213007,14.649658978360764,8.729122489788363,8.228119080323868,9.6291842224902,B
g11809,HiC_scaffold_15,205232,205475,4.828927388649637,4.629590482356667,3.370355050131876,1.5643187953549658,0.6702864493331531,1.0911361452057755,B
g11810,HiC_scaffold_15,205502,205958,3.0663168554402693,7.125365148822443,8.815477444918294,4.304862876989021,2.2497575583015923,3.026586976831132,B
g11811,HiC_scaffold_15,206828,210624,10.507208372848943,0.3276347110627592,1.0751613574881151,1.6660578243438164,1.920557044319182,1.5071811772273669,B
g11812,HiC_scaffold_15,210759,212055,5.051092079009095,5.613602521858811,6.634513479119915,3.5198982637484497,3.996087320597418,3.6048635622302703,B
g11813,HiC_scaffold_15,212225,215660,1.5127741524620153,3.249815635997648,3.582516082932493,2.5831530680296786,2.439999506870488,1.895930398989576,B
g11814,HiC_scaffold_15,215743,216892,6.487030059487479,7.823828600254011,5.0971354501008825,2.972837075535144,2.786214615804657,2.3896581243210773,B
g11815,HiC_scaffold_15,216991,218989,0.4988852403590336,0.0893156056461695,0.0982170219170767,0.2993537573228672,0.2517970980768369,0.2349367300912388,B
g11816,HiC_scaffold_15,219046,219727,3.079390571889597,0.7728438282280392,13.72639347096366,3.0816391929469047,1.981671272187393,5.22172625428614,B
g11817,HiC_scaffold_15,221617,222406,376.5454106112374,1.5333078307697925,3.881682927092867,1.4850326246775416,4.4368202294652335,3.633933807638528,B
g11818,HiC_scaffold_15,223684,224497,103.71600499153578,0.4977110610264746,2.2299701711933864,1.0214694401690358,1.3945457275648494,0.9141636530775428,B
g11819,HiC_scaffold_15,227991,229268,744.7240482206494,631.7659321237072,735.9151711413092,109.67492437547796,88.53842125550563,141.8876280131588,B
g11820,HiC_scaffold_15,229615,231091,4.834240253467741,1.226355813458781,3.8253797325662826,8.179747425329928,6.5903452557163416,6.821880316633578,B
g11828,HiC_scaffold_15,251022,251778,0.8121889697669646,0.0524291394023959,0.470320280537722,8.61682392616524,5.362276085427783,8.072354504985585,B
g11829,HiC_scaffold_15,253098,253941,1.091519787603004,0.0,0.3810311889216141,6.771991498561672,4.076222484304484,7.1124241452103165,B
g11830,HiC_scaffold_15,254170,256378,2.462442849499592,0.3301534589935071,3.105267460893113,4.228891557555728,5.493953743596627,4.361837256451737,B
g11831,HiC_scaffold_15,256550,258142,34.67549721303424,16.129759313526506,7.05486876483946,10.440694215704648,8.85915830605181,12.22212687280722,B
g11832,HiC_scaffold_15,258283,259505,2.3695507840727386,0.0531304294456462,0.1884415042907029,0.3705054359574505,0.3386100036848978,6.118895315519965,B
g11833,HiC_scaffold_15,259729,260847,11.329221024527172,7.856683102383663,5.030289696145221,6.981600279582279,6.32750944139824,8.017756748613033,B
g11855,HiC_scaffold_15,295490,297982,0.3882269795080365,0.7453588415271104,0.9381106543061302,0.0647626273860741,0.0783462122714346,0.1091136145205775,B
g11856,HiC_scaffold_15,298334,302039,8.065414664044873,6.49200663620938,14.987632400769137,3.6580386332392063,4.457683077324601,5.615986866575563,B
g11872,HiC_scaffold_15,341493,342804,50.82720385480454,29.01851579789652,7.67456050990646,12.74767113941038,13.639071403491062,13.681889780318134,B
g11873,HiC_scaffold_15,343695,344739,1.618627906412957,0.9204293459497612,0.1025572452940359,4.318669966190487,12.085122212262124,38.97221020896604,B
g11874,HiC_scaffold_15,344868,346368,29.067313422998776,26.66749159649396,96.60528799889704,43.505743421454085,63.48428587340457,36.361650133457175,B
g11875,HiC_scaffold_15,347169,348750,10.988726776961776,9.694040667808776,18.44215113462269,27.9219660728846,51.73713324449548,40.12511405206887,B
g11876,HiC_scaffold_15,349973,352307,3.61709557060735,0.1376301775800753,2.385444615476703,0.674833941675893,1.3158855038350932,2.0004769145911325,B
g11916,HiC_scaffold_15,443641,444822,9.401994125882512,11.038922806784072,34.683049047969384,18.48212654255967,20.218184875490348,32.28141915415512,B
g11917,HiC_scaffold_15,445477,446596,1.3809493158579045,7.63323985058657,6.078785248629687,0.4073695620168968,0.9625693568031888,1.0063484363643171,B
g11918,HiC_scaffold_15,446716,448103,2.606087043829803,0.7612409168831609,2.8232165864746768,0.3470585120172288,0.8427460784653453,0.3335103951971399,B
g11919,HiC_scaffold_15,448187,449195,64.6979057684641,29.10076978998893,75.70151812410597,11.339383533926291,16.346787192308426,8.848413305865302,B
g11920,HiC_scaffold_15,449660,450545,43.14579724725331,33.46967629118525,44.94182652377282,18.714886881239,17.814075050262165,13.157317714523767,B
g11921,HiC_scaffold_15,451805,452888,9.046837012633077,19.517817788170845,61.56345394062245,8.028767881382556,8.819622190316473,15.856460696544104,B
g11922,HiC_scaffold_15,453727,455116,62.492807159443245,144.99061664017404,164.2549300748529,179.5496994113504,274.78936134984883,446.6495685249809,B
g11923,HiC_scaffold_15,455486,458164,5.109529050499264,5.205504226064126,6.620827326290403,7.017836631036625,6.326990397930617,9.461930675017465,B
g11930,HiC_scaffold_15,472686,473214,0.0,0.150137990106861,0.1362020366275378,0.0501699184030937,0.0,0.0,B
g11934,HiC_scaffold_15,486683,487520,0.0444183411202888,0.0,0.0,0.0,0.0,0.0,B
g11964,HiC_scaffold_15,589639,591130,0.2766224746882095,0.1870114948622049,0.1189670969699803,0.1724155495668224,0.1801645288469676,0.1423895845032313,B
g11966,HiC_scaffold_15,598389,598905,16.45558772231832,12.536257653767652,9.295501284920206,4.834063812396325,5.238570137075193,2.985490966027528,B
g11967,HiC_scaffold_15,599041,611347,4.684958242570405,1.7536660110430422,4.15476335314815,2.117339961695732,2.083605118708978,2.3076979921536367,B
g11968,HiC_scaffold_15,611422,612187,29.852069514857803,11.025403071240753,10.849358784828793,5.049084944261176,3.9170635338729936,4.08076028871215,B
g11982,HiC_scaffold_15,656940,658032,0.0,0.0,0.0321933047139501,0.0,0.0,0.0,B
g11985,HiC_scaffold_15,663936,667886,5.231958614399677,7.696140800199412,7.032572155899564,2.9697765141786405,2.977553327152522,3.237582065140121,B
g11986,HiC_scaffold_15,668391,669372,0.3102896006857253,49.17067114144368,24.28978449770739,0.5987276776222253,0.2457937042601414,0.2709134517560864,B
g11987,HiC_scaffold_15,669586,670699,14.206345367637711,12.870022009095992,10.696728141783508,2.148740605062759,2.525762400581827,3.6736458196673296,B
g11994,HiC_scaffold_15,692503,694550,0.1145826353918965,0.0,0.0,0.4549987355385733,0.1784225872093816,0.4058961616649268,B
g12001,HiC_scaffold_15,716241,718324,1.6101099359601143,0.0,0.1960200115558604,0.3333421253575543,0.13145935053761,0.2043193188966401,B
g12003,HiC_scaffold_15,719602,720813,0.3687309865476433,0.0351386785356483,0.1275082896087588,5.374077569606464,1.0595395634565192,1.7884240065264263,B
g12017,HiC_scaffold_15,771024,772769,0.0,0.0,0.0362108133632124,0.0,0.0,0.0,B
g12034,HiC_scaffold_15,820073,824899,27.63610934711584,19.796203015978925,13.26763882289962,10.317799703427871,8.717685090959431,12.969350562240816,B
g12035,HiC_scaffold_15,825132,825836,40.56128481068081,28.082847902128822,25.377437962476023,26.325552203628103,18.266724114232545,31.73650704689421,B
g12036,HiC_scaffold_15,826083,826829,4.634152851115735,14.915357212587558,11.968483108279717,15.523983549406369,10.647836869804037,12.272996272151907,B
g12037,HiC_scaffold_15,826932,831708,3.423515330875752,0.0304661255866343,1.4267050938879482,3.2776171301680344,1.408786046440372,6.349857179248254,B
g12229,HiC_scaffold_15,1370237,1370775,0.2522344246023388,0.0,0.0770944928676174,0.0,0.0,0.0,B
g12230,HiC_scaffold_15,1371013,1373365,2.074663341562864,0.0,0.0760988262866979,0.054316851073829,0.0350786844791198,0.0,B
g12231,HiC_scaffold_15,1373599,1390688,3.005996908797207,0.2629005576503287,9.200794960868269,3.389620443606816,1.968506095588877,2.501245995245045,B
g12258,HiC_scaffold_15,1449937,1450369,0.7207476490831929,0.0,0.0,9.322450140330556,5.755739814288363,10.072763493110816,B
g12280,HiC_scaffold_15,1491029,1491878,0.1833704266218724,0.0,0.0414076428122892,0.060558677127004,0.188084593975525,0.1248485654007416,B
g12281,HiC_scaffold_15,1492070,1492454,0.0968181029106294,0.2100312289023205,0.0,0.3408423636232472,0.2093087012840266,1.5185817170851372,B
g12287,HiC_scaffold_15,1505859,1506951,0.3127951005406394,0.2966914841721912,0.3577996527785269,0.8674469504699527,0.3951510253651877,1.0688651813671803,B
g12288,HiC_scaffold_15,1507484,1509337,0.5624136979328432,0.0,0.0,1.699019076640525,0.9592407273885551,1.258684307134977,B
g12289,HiC_scaffold_15,1511149,1511440,12.370690838348388,17.212021637246938,13.959563724840908,0.0910299550406649,1.5590388207074084,0.0,B
g12306,HiC_scaffold_15,1564201,1564666,0.1673994539806125,0.0852396330929275,0.2285322906772841,0.0,0.0,0.0,B
g12307,HiC_scaffold_15,1564893,1567998,0.0,0.0,0.0121812504323054,0.0,0.0,0.0,B
g12311,HiC_scaffold_15,1574555,1574996,2.3038676682700263,0.0,0.0797167545297813,0.0,0.0,0.0,B
g12312,HiC_scaffold_15,1575679,1576027,0.5341688436448525,0.0,0.0,0.0,0.0,0.0,B
g12313,HiC_scaffold_15,1577669,1577945,0.141015844385842,0.0,0.0,0.0,0.0,0.0,B
g12343,HiC_scaffold_15,1691229,1693320,8.315999106215747,4.043716999742882,4.445056603282425,3.7781957894055855,4.462897218675192,3.821873672822401,B
g12344,HiC_scaffold_15,1693508,1699991,2.087495507853915,4.126332427687504,2.7006916833171246,3.876500137299297,4.358338892056156,7.468997276077532,B
g12368,HiC_scaffold_15,1775309,1776374,2.213438535286937,0.0,0.033762758375277,0.266254743024381,0.0506461173355381,0.1497273781254765,B
g12369,HiC_scaffold_15,1777776,1778256,1.603534069470406,1.6745034432099457,5.862823878076517,8.084924632214724,2.9061128185722254,4.202796415337102,B
g12370,HiC_scaffold_15,1779316,1780221,37.21602038169564,11.595338261976623,14.344325401814356,36.146504484402826,33.821853117083094,46.108149156119936,B
g12371,HiC_scaffold_15,1781584,1783048,0.9515187283949972,0.0,0.0257758692972544,0.1652916612812178,0.1159959461555873,0.1140857715123826,B
g12372,HiC_scaffold_15,1783968,1784367,0.0975447946127629,0.0,12.693943333953165,186.02016122007,60.41841220570126,94.43424666492604,B
g12373,HiC_scaffold_15,1785239,1786373,20.4668661530082,57.78977449115167,5.896803201051716,1.3614438731006873,27.91486871408636,5.659796517014041,B
g12374,HiC_scaffold_15,1787403,1788537,12.35317981247498,44.42466228439879,3.4461855884158297,1.1361295279055446,15.4333421676994,3.836423112603436,B
g12375,HiC_scaffold_15,1789541,1789931,15.374624223308873,0.2067999792269002,6.703365513019145,137.11748576789986,45.57438882654614,79.8823813273199,B
g12389,HiC_scaffold_15,1831767,1832748,0.0,0.0418099515904992,0.0358359722198099,1.1990507853696704,0.6306732197916776,1.5136392127265967,B
g12390,HiC_scaffold_15,1835569,1839210,0.0125942247688623,0.0134269747250038,0.0,22.255138245842662,20.33865469447528,19.90651832689949,B
g12394,HiC_scaffold_15,1851774,1857245,0.2602167264418017,0.1373040143163027,0.4373330142392452,1.7205275987444533,1.0258386170471827,1.4127514484248926,B
g12395,HiC_scaffold_15,1857267,1859171,14.472654846298916,34.8277827112542,18.2496024742296,73.19223496239928,84.41669748386016,87.8559089111962,B
g12396,HiC_scaffold_15,1859795,1861997,1.5928705795945746,0.3662669931811584,0.4528512568966044,0.9905520776807556,0.7454060346496032,1.3742113619630851,B
g12399,HiC_scaffold_15,1867522,1871163,0.0,0.0,0.0096893930664699,15.18189085744544,14.93726976976236,13.78755370574464,B
g12414,HiC_scaffold_15,1898392,1899373,0.0378982176530904,0.0,0.0,1.0513930392683082,0.9336215005698332,1.6235846466597073,B
g12415,HiC_scaffold_15,1899988,1900762,0.4413078162666386,1.811945081305102,5.836750258144532,0.1328535319917996,0.3129055377004013,0.3425659990762319,B
g12416,HiC_scaffold_15,1901214,1901490,0.141015844385842,0.0,0.0,0.0,0.0,0.1925841276613918,B
g12417,HiC_scaffold_15,1901850,1904604,65.72649695526022,8.135331935481373,9.611717449019498,2.1445720518957048,3.0248312794285948,4.991366505610845,B
g12418,HiC_scaffold_15,1904779,1907316,2.2326844135488777,1.7237573655062,1.3085969003383613,0.3912647955031756,0.2109930601780005,0.6577556926597745,B
g12422,HiC_scaffold_15,1918367,1919864,0.0496702091084592,0.0529544814805762,0.0480391952834602,0.0853395014867373,0.1441232196722728,0.106312392291098,B
g12424,HiC_scaffold_15,1922434,1923442,0.2299404928275236,0.0,0.0,0.075733052425416,0.0545668425230753,0.0527313682882382,B
g12425,HiC_scaffold_15,1923630,1923910,61.7933804706697,0.3745713471258426,0.3247142758780984,3.73485716545526,3.1920774881675893,2.911089608998499,B
g12426,HiC_scaffold_15,1924044,1926891,10.175437050791736,0.1446301666309752,0.0845313840169287,0.2753304289793848,0.1906403235657074,0.4080211803554118,B
g12437,HiC_scaffold_15,1966861,1967869,9.02298784036265,0.0,0.0,0.0,0.0,0.0,B
g12438,HiC_scaffold_15,1968057,1969251,211.0838106646142,1.5293269936189955,3.141307211350842,0.0,0.0474389753406754,0.0467486536803378,B
g12445,HiC_scaffold_15,1986789,1988271,0.0262620600880515,0.0,0.0,0.0,0.0,0.0,B
g12454,HiC_scaffold_15,2005409,2007711,0.3587860658565495,0.0,0.0165747707438159,0.0,0.0383968899547279,0.0,B
g12471,HiC_scaffold_15,2051608,2053119,0.0,0.0426198165464637,0.0,0.0837677782770536,0.0284262648717399,0.0,B
g12476,HiC_scaffold_15,2061242,2062649,0.0,0.4751459049122024,0.93027909722417,0.0593442856285547,0.0,0.3796658516753154,B
g12480,HiC_scaffold_15,2076481,2077417,4.704338777518414,5.282304990228006,11.308401618687704,3.968199230513648,4.06093932841258,7.258880201608859,B
g12481,HiC_scaffold_15,2077768,2078385,809.1429242293332,717.140922907327,297.6302899394649,946.1973303642396,729.0923470013395,729.33340304729,B
g12482,HiC_scaffold_15,2078634,2079822,23.060186128784387,2.6372184225105526,2.4293519670168924,1.9514643185990848,1.9923278489375813,5.229045882724559,B
g12483,HiC_scaffold_15,2079857,2084210,17.71073715290558,1.888180353063169,1.942039482963173,1.402993480098096,1.434421821277611,2.7557034671708607,B
g12484,HiC_scaffold_15,2084407,2085410,378.19982615545325,195.03433043711027,150.09252911500457,229.73543552182224,295.5136838131225,554.1106348815674,B
g12486,HiC_scaffold_15,2093212,2097281,14.82872256526373,6.396746306359301,9.168256406121287,5.329457363082611,5.642160320216444,6.343974252141103,B
g12487,HiC_scaffold_15,2097522,2098861,2.631694735225998,0.2693159606949565,1.562148530395102,0.4014614306175474,0.3120833583828871,2.338396122743706,B
g12488,HiC_scaffold_15,2098946,2099562,7.576326378755662,9.32057161809618,7.157326862372306,31.77220816224333,23.46992305772953,18.8876870223868,B
g12489,HiC_scaffold_15,2099707,2101540,53.87966184986646,43.142958492355085,33.621980068707565,24.337526404218742,25.60834589934274,27.250358920561226,B
g12490,HiC_scaffold_15,2101632,2102889,12.324828974273974,23.71585403142952,11.384553752340956,27.729280312778155,44.31237662018595,25.936428837168364,B
g12491,HiC_scaffold_15,2102919,2104497,2.9428087580427333,4.219655448385776,9.535549621734482,2.912538770733569,9.03902280697379,2.826895013898319,B
g12492,HiC_scaffold_15,2104865,2106121,84.87848859940978,31.95827178792824,18.598493478110868,23.004576401489807,21.70344700579658,24.518355001075307,B
g12493,HiC_scaffold_15,2108046,2108865,646.0355622257778,102.86574830594404,60.31622217649903,58.35465798727376,92.98564622685946,53.22889141647005,B
g12494,HiC_scaffold_15,2109072,2112600,173.57600063499098,107.81130743511198,38.70427230957286,65.2300302719141,43.33458841207136,23.77079192816948,B
g12496,HiC_scaffold_15,2116057,2116603,0.0,0.0,0.0658559297979304,3.7864674406986936,1.4857184048297536,9.42991230319054,B
g12497,HiC_scaffold_15,2116654,2118109,0.0534987945711236,0.0,0.0488745198744354,0.5278931404169869,0.554598762772095,2.516406871688229,B
g12502,HiC_scaffold_15,2130295,2132671,38.06526383504166,9.857499102188156,10.410083836120563,28.79836400121548,20.912230112004604,40.34697291474631,B
g12503,HiC_scaffold_15,2132789,2133116,12.058671269977278,8.368963890093038,9.133706145341742,10.692020853754295,8.305459750280555,12.335640793247832,B
g12504,HiC_scaffold_15,2133174,2137817,10.644472810472944,2.0398828706761902,6.51125735600478,2.9359462725116576,2.681263781085939,3.1231054026448484,B
g12505,HiC_scaffold_15,2137960,2138779,122.1271828632192,21.735635916045105,29.80866153397905,17.728455621144718,15.495367616393066,19.20687872832468,B
g12506,HiC_scaffold_15,2138881,2141495,3.503232857624381,5.453918481805648,12.082879045826532,9.763834030287022,8.41313758665201,9.490966987421992,B
g12513,HiC_scaffold_15,2150918,2152296,14.558235184324989,24.62387147738017,36.450023604814845,16.63497970929251,23.79001538880344,25.80928995550071,B
g12514,HiC_scaffold_15,2152508,2153041,151.01836567314888,308.7957929287668,223.4854678175319,391.8241881034309,360.60305042654784,244.4896088794393,B
g12515,HiC_scaffold_15,2153481,2154780,0.2929119498390075,9.40816312814186,14.7299461613617,0.2986566990265275,0.354173880393631,0.0409185675400647,B
g12516,HiC_scaffold_15,2157324,2158527,0.903472569972422,8.056550589392863,11.455407916111504,1.960958147356248,3.752408746805327,1.3247436057396085,B
g12544,HiC_scaffold_15,2230052,2230670,4.928289974530383,1.499689870989665,8.449107967117437,7.358741257673829,7.112020399820127,17.091602456907882,B
g12545,HiC_scaffold_15,2231987,2232386,19.20042200651023,12.504737926641353,7.932090476268238,2.073494789352744,1.3464927945404952,4.522354375889157,B
g12546,HiC_scaffold_15,2232643,2233078,207.10942076618187,33.47621395966232,59.49266085849251,33.88978720640125,41.95371796851937,54.892017942426506,B
g12547,HiC_scaffold_15,2234041,2234908,27.220158592364307,79.6099247010672,145.15749720896687,235.71717445812584,237.1690638019552,168.7035405563838,B
g12548,HiC_scaffold_15,2235198,2236353,36.34807509664584,21.57105613075619,35.13775776508505,11.721524439106856,17.26470418975842,14.325795343264833,B
g12549,HiC_scaffold_15,2236473,2239446,2.4977140668556395,8.519046515714283,9.992476452671388,8.798188544525255,5.774607880980904,8.605203804465175,B
g12550,HiC_scaffold_15,2239520,2240851,1.6776570671996067,2.368590562341856,11.542188332641985,12.54134774314623,14.90458968662379,18.770106091119487,B
g12562,HiC_scaffold_15,2270066,2270507,0.0,0.0898785246898215,0.0,0.0,0.0,0.0,B
g12563,HiC_scaffold_15,2272939,2273380,0.0,0.0,0.0815359130831519,0.0,0.0,0.0,B
g12564,HiC_scaffold_15,2275809,2276250,0.0,0.0898785246898215,0.0,0.0,0.0,0.0,B
g12565,HiC_scaffold_15,2277249,2277690,0.0,0.0930058106809065,0.0,0.0,0.0,0.0,B
g12572,HiC_scaffold_15,2289534,2289925,0.0,0.1201103920854888,0.0,0.0,0.0,0.0,B
g12573,HiC_scaffold_15,2292672,2294067,1.0473659261902744,1.0090750439264935,2.217721832113,1.8544701610137608,0.7358148100786706,1.191934242358485,B
g12574,HiC_scaffold_15,2294687,2296907,0.3754951924253576,1.4666946727357548,2.1177669516947746,0.6898530125022119,0.5221337119549678,0.3826673371266353,B
g12575,HiC_scaffold_15,2297839,2299168,59.906894080543566,0.2879885339698069,1.963107967596972,0.0235464150371853,0.0244459454503377,0.0,B
g12576,HiC_scaffold_15,2301062,2302265,301.9112472501886,1.846710690945387,5.398532666407323,0.0,0.0,0.0,B
g12577,HiC_scaffold_15,2302453,2302852,12.463901360398436,0.0,0.0,0.0624676690826891,0.0,0.0,B
g12585,HiC_scaffold_15,2324387,2327566,0.0,0.0127777012856903,0.0,0.0,0.0,0.0,B
g12594,HiC_scaffold_15,2372290,2373238,0.7972136931258539,5.273253549139641,8.444475305843763,1.9344054773311845,1.0776670858458637,1.23220548247314,B
g12595,HiC_scaffold_15,2373277,2374350,15.257970404993278,28.13123180498676,30.616583992017624,34.21975198478458,31.06559852324125,21.07411768845933,B
g12596,HiC_scaffold_15,2374488,2376941,4.758752330585607,74.04401013472638,83.19094388650109,31.04889344688848,21.16651531634225,24.67323552787653,B
g12597,HiC_scaffold_15,2377123,2379562,52.86762384096684,45.70399838681792,41.15913065424104,40.51452139420884,29.93088068164784,51.856629157950266,B
g12662,HiC_scaffold_15,2533882,2537017,0.0,0.0130831140383667,0.0,0.0735508349241782,0.0512756244293882,0.0845761031212131,B
g12663,HiC_scaffold_15,2537948,2538968,0.1890780820780895,0.0388592444982463,0.1049703569480133,0.0244358823176401,0.0,0.1563329977486592,B
g12687,HiC_scaffold_15,2586656,2587094,0.0,0.0,0.1641887564825114,2.518402140430384,0.8547283512184962,10.540136786093324,B
g12690,HiC_scaffold_15,2596472,2599045,0.9537978151695958,0.4676736855134624,2.172817761337665,4.068400149667821,3.2871944631232584,6.780626612902545,B
g12691,HiC_scaffold_15,2599248,2600677,19.78219918095093,15.220764065081422,10.897720355227012,4.060083383626202,4.303787644818101,4.422863162182846,B
g12692,HiC_scaffold_15,2601523,2602234,3.317938483281856,50.938957277204295,45.1511638549722,1.671996843980831,3.3187394931414085,1.1196318744623457,B
g12693,HiC_scaffold_15,2602943,2604296,3.2256768090958934,1.379933171184137,4.720935889598454,4.437119899896374,5.7155914945609965,1.2162451967212555,B
g12694,HiC_scaffold_15,2605333,2606548,52.506648942692266,4.936814730882364,1.6750022770160775,1.6055399825902716,2.950853293452496,5.195747186136963,B
g12695,HiC_scaffold_15,2606749,2609918,3.2616517806510856,0.0383502220759979,0.1157971571189844,3.4327358904526566,2.915744031373136,2.9026163804555085,B
g12696,HiC_scaffold_15,2610220,2610559,4.938547317108647,5.25032552877604,17.823449848686415,5.294758145285723,17.034141852135647,8.456825273695987,B
g12697,HiC_scaffold_15,2615530,2618284,10.719962006477529,4.637980108022994,8.433436719748363,1.7175017726051487,2.6862904314629588,5.878845832211228,B
g12698,HiC_scaffold_15,2619626,2621055,6.52796213216169,11.805340821204076,3.477567492442259,4.015635270616063,3.954382528915505,4.733020862873472,B
g12699,HiC_scaffold_15,2621227,2621938,0.2712512569896644,36.00919675526787,16.653676493339006,0.365965989183985,0.6113933988769626,0.2238391719546748,B
g12700,HiC_scaffold_15,2622670,2624023,3.501747567935234,0.7374770142761455,4.067208645588776,5.363093499198205,6.770060741235016,1.098617960017801,B
g12701,HiC_scaffold_15,2625078,2626296,34.16942925269665,2.2771176972122307,1.4300930400352376,0.4515793000345987,0.6416831164233103,1.0016781534020087,B
g12702,HiC_scaffold_15,2626497,2629666,2.124806547633175,0.039263426833295,0.0178094787863645,2.616659946419488,2.603419045605083,2.444987244699216,B
g12703,HiC_scaffold_15,2630006,2630306,12.129304690032912,18.0214724114768,73.46946981584642,27.39683824191769,70.17216212879123,28.131938711419643,B
g12704,HiC_scaffold_15,2635672,2637049,0.3914296558424152,0.0326297235563085,0.0,0.0210737604748078,0.0,0.0,B
g12712,HiC_scaffold_15,2671528,2673709,0.0,0.0188475650918741,0.0,0.0,0.0,0.0,B
g12713,HiC_scaffold_15,2674586,2677448,0.1698488325158056,0.0507183997289972,0.3404605404649533,3.727958766123945,3.584883162046535,5.229965150442028,B
g12714,HiC_scaffold_15,2678881,2679304,25.19178997731879,8.699785176824724,6.97959590945899,2.1915433116021674,1.0851220055092552,2.510223070722101,B
g12715,HiC_scaffold_15,2680526,2680967,1.549080497915548,0.0,0.0,2.483525062912258,2.585390590285019,3.370589795700872,B
g12716,HiC_scaffold_15,2685157,2686441,6.515273394003678,3.202113724726793,16.81409397949141,6.582601204267567,8.7829650127215,4.5057092854993215,B
g12717,HiC_scaffold_15,2686799,2687270,379.0445159825206,445.06453553014825,484.5357449529639,223.2973133635533,195.3266310476737,149.5569426562261,B
g12718,HiC_scaffold_15,2687715,2688787,21.73871431252951,40.700923391412296,33.03956324199794,26.92446411035616,23.917342293126747,26.269297269430268,B
g12719,HiC_scaffold_15,2688937,2691844,8.146149209876135,6.075654159456549,6.911011124126571,8.282185728422292,7.263616880338096,8.58258289773839,B
g12969,HiC_scaffold_16,495,2749,0.2493272910949533,0.9465606229834184,1.1566995765419326,2.2530396686914584,0.8361103809072437,1.2527529280224208,B
g12983,HiC_scaffold_16,35470,36814,8.156606623517417,9.17556509940005,7.488531003768241,3.946525892628898,3.2181135182461955,5.977674047424449,B
g12984,HiC_scaffold_16,42816,43668,2.532257641114664,51.44107167444699,30.684659974890167,16.617178188900024,18.107695309761304,14.883789820016872,B
g12985,HiC_scaffold_16,44218,44965,1.3290030287173833,0.8069896111855162,0.6631596226974775,0.2419446687541002,0.2505830105981936,0.3553629045901769,B
g12986,HiC_scaffold_16,45519,46305,520.1648365307647,0.3078320301469125,0.2266948988604035,0.1922553648050869,0.1722365376034684,0.0,B
g12987,HiC_scaffold_16,46608,47457,0.8963312669985176,0.0,0.2936332354788936,0.3339944656312907,0.0,0.4371525504243029,B
g12988,HiC_scaffold_16,47763,48636,1.4698987267607058,5.100125030792476,3.1430071981460026,1.4777242530116648,1.5118968191594058,1.7026690720550797,B
g12989,HiC_scaffold_16,49340,50105,1.6356471915592763,1.3115332454952928,0.9285255101320252,1.594585036031726,1.5096415573024595,10.75663892176584,B
g12990,HiC_scaffold_16,51183,53226,5.008480779733758,0.3211342383030395,3.738375732921993,1.507924525461393,2.223552711203824,8.099286210739324,B
g12991,HiC_scaffold_16,53880,55530,6.100233306042655,0.245235813705772,0.3225089846949831,1.3682027829683898,0.8467058651615105,1.029723016268037,B
g12992,HiC_scaffold_16,55985,57902,3.521552365906499,16.50112651225438,7.143373383933612,4.747396160229289,4.675280494635151,6.491915838351792,B
g12993,HiC_scaffold_16,58036,60865,20.11813380856864,28.611473701769945,25.5957028748398,19.64984230187748,14.594359744308903,19.85148263165729,B
g12994,HiC_scaffold_16,60931,62196,3.9079688472100615,1.2726630145042197,21.05206749146812,3.18400820890047,4.402754652490959,4.429552032833495,B
g12995,HiC_scaffold_16,62239,63973,0.4827472723471254,0.0709611808136328,0.2861490698252896,0.1158949923095641,0.1713911553883336,0.1224353347718096,B
g12996,HiC_scaffold_16,64371,65400,0.8874463506492611,0.0,0.0,0.0,0.0801798502379882,0.0,B
g12997,HiC_scaffold_16,66583,68986,17.70737024281305,0.3971420623401477,0.3519974962469832,1.7123477225198296,1.4006446295458808,2.3902395209831147,B
g12998,HiC_scaffold_16,71711,73782,5.6193026943159445,0.1241366576746154,0.0544196420242005,0.3296007062065168,0.195372583610603,0.2192547716369941,B
g12999,HiC_scaffold_16,76720,78685,6.348748551556767,0.0656237977559751,0.1739239200735468,0.3340297063346406,0.368117331249213,0.4342925601433322,B
g13000,HiC_scaffold_16,81724,83792,6.184208100550575,0.1073399643083298,0.0567668350240048,0.3853448468399632,0.2005535684479771,0.2552131197773398,B
g13001,HiC_scaffold_16,86729,88799,7.67854778512973,0.0620683288373077,0.0185538378068472,0.2877873585783738,0.2635780179003815,0.3015352967678674,B
g13002,HiC_scaffold_16,91732,93803,6.462249831986229,0.0657300681254483,0.0951827940727976,0.340385177177024,0.1734476239716882,0.6518985028245219,B
g13003,HiC_scaffold_16,96736,99134,10.221510590459737,0.1912333285322395,0.1538706308327091,0.9612908135243904,0.5731186352472125,0.9168129151066662,B
g13004,HiC_scaffold_16,102071,102335,8.867577829381192,0.150137990106861,0.0,0.0,0.0,0.2013379516460005,B
g13005,HiC_scaffold_16,102366,104470,8.452703888785404,0.1196617090482063,0.2291959174557507,0.7235214419754172,0.5727356964585149,0.6567262421028823,B
g13006,HiC_scaffold_16,107404,109475,5.147820818965707,0.0804046509175031,0.1241266315512676,0.349359394855494,0.2850089684540529,0.4535217168265246,B
g13007,HiC_scaffold_16,112407,114478,5.882825281177918,0.0439609458845442,0.0950589183184569,0.5669379895171724,0.2318168177919061,0.3409906744883369,B
g13008,HiC_scaffold_16,117414,119484,6.692084564697808,0.10368442372817,0.1471888310584368,0.4775323549302768,0.4054855959789676,0.3834958978080713,B
g13009,HiC_scaffold_16,122417,124413,4.9670162927805,0.1480751115676363,0.1680844020203666,0.3733856454841489,0.3398157530873893,0.444380681306788,B
g13010,HiC_scaffold_16,124673,155951,1.4597413592429418,0.643983869085181,3.55175094064248,1.8963671784169749,1.440224983012801,1.71756768963804,B
g13011,HiC_scaffold_16,157377,158565,1.3124146825599032,0.3037586396128848,1.3155461980947862,0.4471735555623359,0.2038626988048069,0.0892225858798229,B
g13012,HiC_scaffold_16,158596,158938,0.4399263965015718,0.0,0.6214474571048955,0.5967606741826471,0.1545989843901645,0.0,B
g13013,HiC_scaffold_16,159341,160037,0.9306157609136289,0.0569488927991541,1.2835024415050214,0.7632790000115732,0.3540947347467787,0.4573265840798099,B
g13014,HiC_scaffold_16,160115,160700,32.19404054676359,16.83797888109519,36.45419732644565,30.60840429616892,26.49290333899045,33.122640201688284,B
g13015,HiC_scaffold_16,161019,164154,1156.9516049830456,693.4007435847768,393.65758385693306,58.24821411596236,166.9623827563953,78.12575269031325,B
g13016,HiC_scaffold_16,165900,168189,2.528424556389477,0.2633557184602797,3.338829278093072,1.8092256249966128,1.923495226905766,1.8323041574605723,B
g13017,HiC_scaffold_16,168522,170196,28.427564787666764,0.8639302996920942,3.528760386002637,4.099638113829752,3.186706732238892,9.322930722617272,B
g13018,HiC_scaffold_16,170298,171375,21.032878363027905,4.78244606919859,17.66888874880781,8.480224274759456,7.545720549109696,16.609521243658687,B
g13019,HiC_scaffold_16,171435,171711,6.604638212212167,5.393529048249688,9.68962809930518,6.401696294862993,8.031844293336349,13.460671124741433,B
g13020,HiC_scaffold_16,171759,172775,11.01834829725562,5.218571959747055,16.102905866056755,11.711511246195617,12.993142548457785,19.35856714299234,B
g13021,HiC_scaffold_16,172878,173451,44.32611032226918,7.536351482328874,26.815179057015342,6.6316999970726656,6.440073866943841,10.8386674981806,B
g13022,HiC_scaffold_16,174801,178187,44.71962567341309,4.3577510294512205,6.451774549292694,2.9912918448975665,3.124669907275145,5.666911393830159,B
g13023,HiC_scaffold_16,179176,182659,138.54534710071962,17.67719847544625,36.527303786899374,5.329246563470296,9.81123145102245,12.902794435971147,B
g13024,HiC_scaffold_16,182752,184567,11.184408179458444,5.193172682258229,13.737371390053047,2.97696893848226,2.594267182500256,2.6036784621337143,B
g13025,HiC_scaffold_16,185198,186902,110.56005895201254,0.3529589826487746,0.6461497864349476,3.1359883680383565,2.622266105321361,2.9597157854486635,B
g13026,HiC_scaffold_16,187552,188292,22.116236640365,44.17381616732874,22.96137803476396,75.28682604429461,54.893401541266016,44.76300167856822,B
g13027,HiC_scaffold_16,188418,191935,34.994409134904245,93.08247560395112,71.2985756757447,33.12301416433566,28.99822722390534,41.17918651407905,B
g13032,HiC_scaffold_16,202039,203452,11.515319522524262,0.5717615372307001,12.846409481809822,7.130424046599278,1.370449983821637,8.561163147885424,B
g13033,HiC_scaffold_16,204131,205610,5.675131074292668,0.1903937830180423,3.079923282838141,6.295919855871316,1.344322797498646,5.238654327578837,B
g13034,HiC_scaffold_16,205733,207330,11.17426549292528,10.853617995004411,14.484148164440182,13.093181462434853,9.590959428411336,10.824904542554036,B
g13035,HiC_scaffold_16,208283,209771,0.1522535968895912,0.0,0.5015318231993745,1.87207428897864,0.7072082479275836,1.854171570628064,B
g13036,HiC_scaffold_16,209987,211191,1.5631106290552848,4.565804708185324,36.4889078277806,3.665688561888352,3.928949738896981,0.2958303704395602,B
g13041,HiC_scaffold_16,225212,226175,10.419481219598616,0.7508926903865867,2.298348865087032,1.692219076488101,1.2674265748792934,3.4728065644467927,B
g13042,HiC_scaffold_16,226647,227448,0.4706718848629829,26.845671007565343,41.31390228248842,3.308741905210086,5.580270871601332,4.641230064893264,B
g13043,HiC_scaffold_16,228213,229176,1.733064253272481,0.1234779731719978,0.1485224317306786,1.6954695789862124,0.5403962195214392,2.370185215624935,B
g13044,HiC_scaffold_16,229593,230430,2.7004860897475336,1.050056286918747,3.7802889499510046,7.138329790063134,2.8833533612829294,5.07220716487293,B
g13045,HiC_scaffold_16,230837,232101,11.00814117962355,26.18729059425328,14.390957807192462,99.2463920541854,64.8082820289027,107.8997895289648,B
g13046,HiC_scaffold_16,236060,236842,22.90950392321937,16.47919618672187,37.99161492571757,41.88473982488315,43.36499895014134,52.40211844815956,B
g13047,HiC_scaffold_16,236873,239432,3.690417128532041,2.9651521973101724,4.477814630812939,5.751554852148327,3.846075844930506,8.67032239237884,B
g13048,HiC_scaffold_16,239499,240681,13.60895086800615,9.213282959594435,4.4221005388006,9.954935840372336,6.886231995986951,7.493188884693525,B
g13049,HiC_scaffold_16,240857,241238,214.74871439296865,36.41518112987154,5.047885850276488,7.827159187321234,7.916728054298812,6.133547526658244,B
g13050,HiC_scaffold_16,242503,244507,83.88803977384109,5.044961253354815,1.5657542417683423,3.13548027850834,5.271131953200069,3.8150615715300975,B
g13051,HiC_scaffold_16,244731,245289,0.6818864208617754,4.147745161309647,5.276606775055176,0.5584518551803581,0.2445218294932581,0.095256665294882,B
g13067,HiC_scaffold_16,284780,286202,14.949050224536336,4.661369012474486,9.822521378897914,13.647499302719233,12.887059334500703,11.944901483151977,B
g13068,HiC_scaffold_16,286354,286963,39.71803938284705,41.92932901480148,17.844842566365898,32.59286789803727,32.68060660293875,26.67800445324584,B
g13069,HiC_scaffold_16,287000,287792,167.7795892952932,64.18846245585281,14.017122487777424,48.94811187318548,42.94627545963554,40.40434360504224,B
g13070,HiC_scaffold_16,287936,290608,22.346754976092708,11.375791582084608,9.596287231421814,9.445624621538265,7.21368855954422,12.672742146188355,B
g13071,HiC_scaffold_16,293131,293512,0.1951609003552846,0.0,0.0,2.204010722553842,1.1241709522206025,1.1144507637497008,B
g13074,HiC_scaffold_16,302783,304012,10.623843476475884,19.145059502685164,31.81191407784138,97.4861374156332,65.93426535486043,124.8929087305493,B
g13076,HiC_scaffold_16,310669,311956,3.493108868259024,93.68252215419784,188.34802626542205,14.700184955519978,10.634823763870088,83.44024830853402,B
g13077,HiC_scaffold_16,312841,314155,0.1710891405166674,1.6905461263422192,3.6138747757538656,2.2919713317431123,2.7992764910629475,3.9171857574754494,B
g13078,HiC_scaffold_16,314186,315848,1.1225063652756675,2.2994967210467445,1.5470066199102026,5.783750464720078,6.348818073698613,10.07771615503799,B
g13079,HiC_scaffold_16,316552,318376,0.988879226814496,0.5058502965490175,3.032274202813004,0.6004575398817464,0.70503983590409,1.1058290969944902,B
g13080,HiC_scaffold_16,319632,320766,13.765512912519458,1.4513056452801505,3.110127181211497,1.901473611189621,1.922134017302466,0.9837721261355468,B
g13081,HiC_scaffold_16,321210,322251,2.2561007996316373,0.2705018300515702,0.7521987891569412,2.8870219616705937,2.8253843985584446,2.6016658303658824,B
g13082,HiC_scaffold_16,322403,323570,1.23747193252999,0.3115882862932682,0.9749775687033908,3.5698436272650635,3.7048597218467374,3.685578978392507,B
g13083,HiC_scaffold_16,324007,325141,4.967401269468869,0.2109327243838944,0.1585420532172398,3.4292980165698244,3.752896623034341,3.605068592947109,B
g13084,HiC_scaffold_16,325583,326762,28.60228983282274,0.2736284712417,1.1487235772832176,4.973914408005465,7.362884412243691,10.081569711354604,B
g13085,HiC_scaffold_16,327458,328502,1.924110061454949,0.0759318570655389,0.306903298217322,0.6804690944583595,0.2319816917434009,0.2539713441427236,B
g13098,HiC_scaffold_16,372550,372967,0.0,0.0983586630941961,0.0862286275052038,0.6724965645450476,0.4591044559244557,0.2549315071201158,B
g13102,HiC_scaffold_16,386257,391078,0.0,0.0082216198689506,0.0,0.0103400124306131,0.0,0.0,B
g13105,HiC_scaffold_16,425330,426931,0.9736862189236148,0.054642270933937,0.1207196412630603,1.0122141952359032,0.3102583645186335,0.2160699968883908,B
g13107,HiC_scaffold_16,433270,436522,1.262021421304727,0.4476855023182795,0.8287367661621181,1.383548813956281,0.837763664436973,1.0604087069263035,B
g13108,HiC_scaffold_16,436947,440220,0.6581115390052161,0.4690333370960793,0.49947557551969,1.1081034136769374,0.7968252699104934,0.8276670156732661,B
g13110,HiC_scaffold_16,442500,443382,0.2147111118526417,0.1797570493796431,0.2400598428660292,0.94497462299507,0.9173148803120428,1.1436180722005718,B
g13112,HiC_scaffold_16,448564,454153,0.0069637454017699,0.0,0.0,3.068093488909197,2.077045577635884,7.930140773834381,B
g13113,HiC_scaffold_16,454977,456708,0.3436455368474336,0.0236947212653262,0.0830903239044945,1.4643085812397407,1.3190728806135437,2.6373695735051896,B
g13114,HiC_scaffold_16,456966,457732,1.1079270851411058,1.753304171706328,0.8777666636668625,1.70020085006082,1.4837085825850762,2.1528986674963897,B
g13115,HiC_scaffold_16,457782,459945,0.3440445742926525,0.1826703436396392,0.3515816405729002,0.4796682933488589,0.1818722326710941,0.1410222178261548,B
g13116,HiC_scaffold_16,459969,461502,0.3220934761426787,0.2095426187031284,0.4180131028556872,0.1819086434849603,0.1924734108555426,0.0691431389597062,B
g13117,HiC_scaffold_16,462173,462666,0.322181786046685,0.0,0.3983889435143057,0.069816806621829,0.0,0.1488885692844374,B
g13119,HiC_scaffold_16,466000,468136,0.0,0.0,0.0168339595831788,0.4113396378984626,0.1138830283150854,0.4720791822270812,B
g13120,HiC_scaffold_16,468347,471505,0.053460180538228,0.1037903493653526,0.0914778671054228,0.5165282064459435,0.4099058606615172,0.6648643876863403,B
g13121,HiC_scaffold_16,472175,472668,0.8477643606159269,0.2297790616822396,0.1991944717571528,0.2792672264873162,0.0,0.0,B
g13122,HiC_scaffold_16,472688,475910,0.2678654030715304,0.1045456923898137,0.1265962306157548,0.4047024376396599,0.3289764029622636,0.3767379104539592,B
g13123,HiC_scaffold_16,476483,477283,1.659854276826155,2.494422385431964,1.3217780900552036,3.033913605235793,1.3740317501171355,2.057318515039461,B
g13124,HiC_scaffold_16,477289,479450,0.7764798671044807,0.325929056487397,0.9499047155968224,0.8484285028335716,0.4599401504610372,0.4555116423474017,B
g13125,HiC_scaffold_16,479474,481007,0.1439697309884879,0.0690762478584717,0.1720265614396291,0.1952206191541192,0.1585120616232271,0.146973257524623,B
g13126,HiC_scaffold_16,481678,482171,0.4263222664883705,0.5667214182276246,0.0,0.069816806621829,0.0740516143717595,0.0,B
g13127,HiC_scaffold_16,482191,485380,0.5339086184865034,0.288896772588065,0.2332620276433238,0.753789490904567,0.4812082535825155,0.7991735544883636,B
g13128,HiC_scaffold_16,485856,489559,0.4820786553849069,0.91691924499256,0.6529316477226097,0.5330023630912605,0.2516960832785341,0.2877104704152012,B
g13131,HiC_scaffold_16,497870,498637,10.731153822157824,18.28826628886016,10.40983650524912,16.385221667162767,12.10268847868216,12.89366302939522,B
g13132,HiC_scaffold_16,498960,500955,16.360253962048525,39.97028193168621,24.47601752368339,37.393829502613634,29.34305921991308,29.5298403610467,B
g13133,HiC_scaffold_16,501113,501596,18.14877763339787,4.429288788805625,11.38795587348558,9.18667732918846,9.095441164569388,12.08988397753054,B
g13134,HiC_scaffold_16,501971,502542,28.8102458657886,62.76263736862539,22.63139928672493,78.20366069770127,66.89398910309029,46.25206795746167,B
g13135,HiC_scaffold_16,502823,503549,17.257815884259156,56.58780843052854,12.356910854561637,7.5676164317695775,6.430865954412784,4.113675769787887,B
g13136,HiC_scaffold_16,504806,505274,6.6593056927981165,1.454519156431484,3.4982698834231942,5.296422559119868,3.911752397045087,6.011539619881487,B
g13137,HiC_scaffold_16,505664,506441,1.027237319432977,2.704104489996105,4.793019979800539,9.151039657601848,6.993437839492029,10.859358526078177,B
g13138,HiC_scaffold_16,508084,509777,275.21859757393474,94.36649426630686,218.68579058063068,352.40077092190694,292.08804647489694,413.2305220220799,B
g13139,HiC_scaffold_16,510365,512400,11.94457112934912,10.041218063136371,11.62955783610937,16.072064293763475,11.985032983066898,13.862019232141296,B
g13143,HiC_scaffold_16,544173,547920,0.0198442228543804,0.0324706577018336,0.0,0.2162017972966371,0.1083890460819265,0.0991333124510519,B
g13148,HiC_scaffold_16,556036,556243,0.0,0.0,0.1698313466069254,0.0,0.2657167983732365,0.0,B
g13160,HiC_scaffold_16,585479,587405,0.0404157560233566,0.0,0.0,0.0,0.0,0.0,B
g13163,HiC_scaffold_16,592670,594017,0.3954637505398805,0.2952809406118645,0.3956511311572075,1.118447726645076,0.3823869694837318,0.7093674242363477,B
g13164,HiC_scaffold_16,594068,595760,0.113983240969061,0.0234257856904322,0.0420286208140091,1.0855965455875818,1.0526140993252953,0.7533967153058415,B
g13165,HiC_scaffold_16,596192,599462,0.3349621898619267,0.3285274829089387,0.3254647910930507,0.6146980528307567,0.4823766108729243,0.6774543111909168,B
g13166,HiC_scaffold_16,600032,600787,0.7609852456817414,2.280542660050353,1.362319632229955,1.7085935061847473,1.3466774368905168,1.2386917499200705,B
g13167,HiC_scaffold_16,601186,604037,0.2903352726769213,0.5235223732233016,0.21723415652861,0.2086194757246333,0.1403088337811346,0.1511813275352428,B
g13168,HiC_scaffold_16,604457,607733,0.4186555750182983,0.206946489305799,0.1624358439397808,2.5232845280883263,1.2974537420684933,2.235932247167204,B
g13169,HiC_scaffold_16,607992,608766,9.12381847546716,17.257185319294305,11.770892828388613,34.63217794837759,29.484351160363783,31.63705912387578,B
g13170,HiC_scaffold_16,609089,611084,15.951158806458036,36.3353026809324,21.99122792916696,25.11604087987603,19.40978695187669,16.761607588118448,B
g13171,HiC_scaffold_16,611242,611726,12.748326040528369,3.3219947025396834,5.528812251892798,4.158215889684464,4.757823449714875,6.906044947500988,B
g13172,HiC_scaffold_16,612101,612672,35.31503478828269,69.71381008042397,19.141544556783472,51.33848992153656,43.10886102938309,29.28386720943205,B
g13173,HiC_scaffold_16,612951,613678,6.8618759312926745,10.2256350466502,4.514105796122891,6.12794521043538,5.465049709731726,5.921847488735771,B
g13174,HiC_scaffold_16,614896,615828,1.5212208231464366,0.0943298150859544,1.0363712970633534,3.731676418659662,3.0440734466812702,3.351969296434344,B
g13175,HiC_scaffold_16,616219,617362,0.2307362237002567,0.0346775410220571,0.1558899304499362,7.384940381739473,6.665557617864202,8.684717170794134,B
g13176,HiC_scaffold_16,618659,619427,1.7903647224291233,0.0,0.0,0.4990360692408042,0.2478923122650861,0.4148558710461019,B
g13179,HiC_scaffold_16,625577,626114,12.40128866011479,0.0738108554715294,0.3303164647713978,1.9872992902693327,2.6254149443713857,2.7662943772299973,B
g13180,HiC_scaffold_16,626970,628664,337.90308892692826,113.8564461064875,223.9681608594381,198.06367837449017,157.92820383272615,245.58872768406243,B
g13181,HiC_scaffold_16,628884,630649,11.235982780760732,8.559614542949602,16.119320682672004,7.762680197658035,6.231298341623787,7.496060308491245,B
g13182,HiC_scaffold_16,634047,636259,11.44430961226118,6.662037675219253,5.214892966228587,9.798733145589718,6.114802998240258,11.811116253847224,B
g13183,HiC_scaffold_16,636545,637397,1.7038616557774624,0.0,0.3357443703207595,3.979125211536228,1.4312987433190705,2.491817728806549,B
g13184,HiC_scaffold_16,638048,638747,116.74407253370477,7.006731582052735,20.300258662805664,20.59290931284488,10.767725222626163,48.78976887069728,B
g13185,HiC_scaffold_16,641165,643997,12.002306121032309,10.378461645163302,15.701831079381984,7.6060073294997395,6.062490993099272,9.485077058721313,B
g13186,HiC_scaffold_16,645371,646352,2.047676762649304,1.1970243103520497,1.661539312073116,2.5823346671300778,1.971779105543476,2.218646208584692,B
g13187,HiC_scaffold_16,646397,648737,123.52836952493446,31.911025604284603,22.12461315959959,16.7984109860131,21.481921723534583,42.319646944614746,B
g13188,HiC_scaffold_16,649433,653435,3.570925193658532,9.16535439410216,25.913668092295804,11.63833060024556,14.18862596716371,17.829021704106612,B
g13189,HiC_scaffold_16,653537,657133,43.49547130151023,22.46096595651282,24.383846922114905,20.23241320942818,18.126743291229563,20.246564071627148,B
g13190,HiC_scaffold_16,658554,659526,3.0778542559080715,0.1237535198422863,3.400745324096256,1.9651803594185,0.7202985928082446,28.06662948075919,B
g13350,HiC_scaffold_16,1004870,1010436,0.0096969617938658,0.0,0.0,0.0069091593418971,0.0,0.0,B
g13352,HiC_scaffold_16,1033387,1053485,0.0028082295881623,0.0029939141467037,0.0,0.0018826648511211,0.0,0.0,B
g13391,HiC_scaffold_16,1191562,1193050,176.82905903677553,713.202115138115,338.918584966739,195.47497142978125,249.14334796590248,139.9081115199943,B
g13392,HiC_scaffold_16,1193345,1194101,33.49325397895878,9.462716794824658,13.929797477514423,16.111721548734035,11.77397930163825,15.548968354417024,B
g13393,HiC_scaffold_16,1194768,1195606,0.9109896500497184,0.0,0.3063556849434209,5.082935624435885,3.687995200979023,18.3276916301096,B
g13394,HiC_scaffold_16,1196262,1197108,0.0899509746668724,0.0,0.1275082896087588,3.066282892497017,2.299016460457764,6.521376566025462,B
g13395,HiC_scaffold_16,1198141,1198978,0.0464998483279479,0.0,0.0420013007737557,0.3983399059127261,0.1642872678114096,2.789010222348772,B
g13414,HiC_scaffold_16,1271027,1271861,1.1228089617185684,0.0967050262571835,0.1274190829315792,7.610836607475138,2.2331688964656813,3.75317723309927,B
g13415,HiC_scaffold_16,1272890,1275027,0.600566262184073,0.0,0.3042075944980542,18.73894725544544,7.229498876723273,7.404916079864504,B
g13433,HiC_scaffold_16,1312353,1312851,1.467421647179322,0.0823605672897184,0.2133885846685484,0.0,0.106170386870354,0.8513769640580698,B
g13434,HiC_scaffold_16,1314383,1315217,0.4074700578627909,0.095051389420171,0.1283810120946925,3.003855485113828,1.6168499688953275,1.8434211918844348,B
g13499,HiC_scaffold_16,1574520,1575652,0.4640786381761693,0.0,0.0399525974107444,1.8989734682317136,1.472458038478578,1.474067150840659,B
g13500,HiC_scaffold_16,1576804,1579646,0.0267950641568877,0.0285667959554676,0.0,0.0089818378248623,0.0,0.0573512256791977,B
g13501,HiC_scaffold_16,1579899,1581216,0.2015745825529264,0.0,0.0,0.0,0.0200732166520259,0.0,B
g13502,HiC_scaffold_16,1581809,1582140,0.1424450249719606,0.0,0.0,2.6503662929574574,1.8640164634561107,4.266005923106128,B
g13503,HiC_scaffold_16,1582203,1583286,0.0,0.0365987344304813,0.0332016044964635,0.3337630056497007,0.3456796101880898,0.6865420650008319,B
g13504,HiC_scaffold_16,1583442,1583910,0.0,0.0,0.1536638361951709,1.0952522475543252,0.6327500024411512,1.0208524791093592,B
g13506,HiC_scaffold_16,1591138,1592072,2.8824455447972,0.7034410601561543,3.324551385248013,1.585374276836078,1.3483541898603468,2.329468642194284,B
g13572,HiC_scaffold_16,1760474,1762014,21.361917502649906,22.52065062896688,21.24037717182608,425.2458476576008,79.6608026117462,36.93917436195172,B
g13573,HiC_scaffold_16,1762234,1763371,0.0980953865901892,1.7336383778239155,0.1560069846809504,1.7785904780580677,0.5422690448670291,0.9333371556972132,B
g13574,HiC_scaffold_16,1763674,1764832,0.3942928734102287,9.95692413133706,3.4796931795744213,2.869731600880513,4.48443239084472,5.636973880139548,B
g13575,HiC_scaffold_16,1766225,1767389,0.1626934713522594,27.42588933828459,23.44541957105136,1.2997653151922122,5.568287075836104,2.55400360808262,B
g13576,HiC_scaffold_16,1767620,1768799,0.7311843689889079,2.156578833321096,2.867386027183246,5.515800277309692,5.524791147441205,3.868224457234609,B
g13578,HiC_scaffold_16,1770681,1773337,0.016804996999349,0.0,0.0,0.0,0.011874649668234,0.0,B
g13579,HiC_scaffold_16,1773810,1774793,7.214247833864627,18.06188757615393,28.23747454119141,48.9558594192893,33.70548669640744,34.88878188166038,B
g13580,HiC_scaffold_16,1775141,1776032,13.504276392692177,13.647027322239024,35.28211235259083,17.410553426342442,13.030693597782967,16.74132906727701,B
g13581,HiC_scaffold_16,1776440,1781649,0.0,0.0,0.0081149486954795,21.41250801066579,16.40023674151301,12.14719087860012,B
g13586,HiC_scaffold_16,1805143,1811111,1.4768939309882658,2.422846158047663,4.609107030333417,5.875083137006795,4.766173169642294,7.827135543930977,B
g13587,HiC_scaffold_16,1811385,1816165,0.3842754377402271,0.173221632084388,0.3677650293104684,14.472546117745049,13.160200543045436,28.562359328646217,B
g13588,HiC_scaffold_16,1817614,1818071,0.2723674103859467,0.4406169277901186,0.3951355787875824,6.232116512548699,4.637171458475507,7.186882838902029,B
g13589,HiC_scaffold_16,1818096,1818648,0.7534937551190974,2.6099688210077754,0.9640214216426124,6.336270640520986,3.985398477062175,11.439660996049929,B
g13590,HiC_scaffold_16,1818771,1819941,45.51704410346641,293.31006628876185,143.9174249756926,371.96736777763374,263.42931724353946,321.5283081870186,B
g13591,HiC_scaffold_16,1820325,1821198,17.561990122912547,0.0,0.0,1.843112316131538,1.0506475986021733,0.6927871374198018,B
g13592,HiC_scaffold_16,1821723,1824794,4.941374598775773,0.107535989197988,0.1784496068116225,0.9669596133677127,0.4579413460295031,0.4243990700260636,B
g13593,HiC_scaffold_16,1824925,1825461,3.381173124222993,0.1723333160224168,0.1519496290968024,0.802209650454562,0.2305047647963594,0.2264881026180121,B
g13594,HiC_scaffold_16,1826454,1827037,0.3039491466738133,0.0,0.2163025537110577,0.5130128292898006,0.1666769007977574,0.5356486531010172,B
g13595,HiC_scaffold_16,1830214,1830517,0.1284500760742324,0.0,0.0,0.0874248083063811,0.0,0.0,B
g13600,HiC_scaffold_16,1838616,1840032,1.9724551759151865,2.562118998806519,2.0923716848076457,2.177384621903455,3.5469217048811927,3.3358095788599447,B
g13601,HiC_scaffold_16,1840788,1842264,8.545922859610195,13.406286659026732,12.333319047362926,14.654002135619049,24.18892998794806,23.657870661541665,B
g13602,HiC_scaffold_16,1844513,1845743,1.1627577016260269,2.5583795261489604,2.1723013078391227,3.5541990085704347,5.8649260122299145,6.558194357278462,B
g13603,HiC_scaffold_16,1848076,1849369,1.8087505294639608,0.1779171338363716,0.5072264110394893,1.2046124873115278,1.3514076356675944,0.9330274447239216,B
g13604,HiC_scaffold_16,1850608,1851847,27.291291773780983,46.13694209412815,26.192200292876155,20.67738284785412,15.624961332596651,17.091617285964112,B
g13605,HiC_scaffold_16,1852659,1853004,0.1077627580222659,0.0,0.0,0.3612260864346808,0.2329696849074385,0.3072360348557383,B
g13610,HiC_scaffold_16,1871196,1871990,0.0,0.3017123321099001,0.158356255619971,1.3241275851925711,1.4228910358773026,3.824811470702638,B
g13611,HiC_scaffold_16,1872978,1874487,0.0778533856260177,0.2470695056618822,0.0730360928968639,0.0,0.0,0.0,B
g13613,HiC_scaffold_16,1876173,1878048,11.89911346516836,18.62024661325809,14.427521599876622,23.60344522249133,17.277392844783375,17.03646231393739,B
g13614,HiC_scaffold_16,1878086,1878569,11.565203019030662,9.746993846058416,16.438645768067996,8.560951794046439,10.825675702784746,9.56198747613256,B
g13615,HiC_scaffold_16,1878673,1880497,0.7589378913477397,0.0,0.1743422678578809,0.5432241239198532,0.252816410598815,0.6981947459002462,B
g13616,HiC_scaffold_16,1881236,1883002,20.582144771133528,19.43152235123136,15.616854171447486,19.281993481050925,17.599375682386793,22.94767188813916,B
g13617,HiC_scaffold_16,1883324,1885493,6.37041067847531,2.7792588269044742,1.102208344242071,1.3395916048693688,0.9059533324446818,0.7826154654785468,B
g13618,HiC_scaffold_16,1886448,1888548,1.8566849845874505,0.0188744901848625,0.168933277697372,1.143993733725371,1.3300305203486058,0.530941703880949,B
g13619,HiC_scaffold_16,1890400,1890811,0.0946967714123903,0.0,0.0,11.812019836632604,17.03527360897376,37.162327066375695,B
g13620,HiC_scaffold_16,1891773,1892166,0.4730044722351364,0.0,2.352319448918438,5.538168763853694,2.629379854177885,2.4289768476203166,B
g13635,HiC_scaffold_16,1941879,1944255,0.0312947403347489,0.0,0.0,0.0963875212687114,0.0894598791863034,0.1562047623359566,B
g13636,HiC_scaffold_16,1944935,1947188,3.380249843407752,0.0364097314782776,0.4262844567663632,0.7192413721721743,0.5989871887969883,0.2828311664122559,B
g13637,HiC_scaffold_16,1949118,1950510,80.44989919259368,20.825578800595213,21.88797744228837,26.475469542288323,23.19839899652625,39.11255822775546,B
g13638,HiC_scaffold_16,1950815,1952879,6.767954742186919,1.3549497030658366,1.0351655950616534,1.321748560363122,1.2107885737361612,0.9254388670354384,B
g13639,HiC_scaffold_16,1953325,1954621,10.927381138225533,0.865919923586831,1.042543288525284,1.1155432632662403,0.8511328711233465,1.064431827582777,B
g13641,HiC_scaffold_16,1962770,1963217,14.88392533261534,1.7217936372278222,1.5086458111439134,1.4360098490691513,0.302858878202072,1.426238533267721,B
g13642,HiC_scaffold_16,1963511,1964120,54.67946432392395,381.1750418429469,159.37205129123905,40.50914245892765,39.25168770752049,14.303658170095352,B
g13643,HiC_scaffold_16,1964543,1965851,38.14920966013228,29.048442647493665,32.80840795702875,30.5800433756442,24.804219050931724,38.99363309844331,B
g13644,HiC_scaffold_16,1966104,1967256,3.533403688444489,8.293561812980354,4.108645086149831,21.64482907987064,7.455611591153259,7.945206291762284,B
g13652,HiC_scaffold_16,2007318,2009688,0.3531999030590361,0.0,0.0600104864281042,1.3745353689296382,0.4779326642233377,0.6724331467108644,B
g13653,HiC_scaffold_16,2010169,2012465,7.213909519451739,0.0,0.8391411479991789,0.7898708212183647,0.9336801942966608,0.4320252890106295,B
g13654,HiC_scaffold_16,2012881,2013561,2.87913807031612,1.8972317469399669,15.61650228115898,4.165823809542626,3.261230028368905,6.280763403425283,B
g13655,HiC_scaffold_16,2013764,2014793,24.119212019223635,29.554244390883788,328.8341142707252,181.9584594944101,227.25419127338373,415.5745634939146,B
g13656,HiC_scaffold_16,2015689,2016586,0.1657888584957936,0.0899130344464783,0.3144291626567502,0.4828415842864255,0.8052459412895033,0.4740532373203492,B
g13657,HiC_scaffold_16,2016660,2017746,0.0358382808936394,0.0,0.2310304924177288,0.0946856664471942,0.1226955745437408,0.2928078232741151,B
g13659,HiC_scaffold_16,2022500,2023325,0.0,0.0,0.1723937610116449,2.056572675233059,2.9689582429487715,1.994266357236364,B
g13660,HiC_scaffold_16,2024431,2024713,0.4078684312718672,0.1405547141425933,0.507188304101573,1.160106501551737,0.6637784004143641,0.1884865930302984,B
g13661,HiC_scaffold_16,2024798,2026772,11.719626630219654,3.587044422290979,7.384622678128265,4.965165070679996,5.6169280200727725,7.152125578061842,B
g13662,HiC_scaffold_16,2027025,2027736,1.281912901948353,0.909416411125172,3.954639542490321,1.7573523254385162,2.1643237269736844,5.298689775431229,B
g13663,HiC_scaffold_16,2027888,2028251,0.7457311014342597,0.3275737965967877,0.9772999536211612,1.042876998122359,0.5244663796682816,0.1464276011970913,B
g13664,HiC_scaffold_16,2028302,2031389,1.0159737610687052,0.3006762142512735,0.4612416670522009,0.7292757123700941,0.557744939938935,1.3408263552087964,B
g13665,HiC_scaffold_16,2032782,2033379,9.153471116521589,5.55981305926549,7.12185293999174,6.601113347940823,4.852104696739596,7.872789478410424,B
g13669,HiC_scaffold_16,2040768,2042742,10.085221857779638,6.659532040679976,7.576864692274993,1.9084163696020475,4.141660371013948,3.709910845744916,B
g13670,HiC_scaffold_16,2042945,2044827,0.0849554473891605,1.0863071574733196,2.122786433725543,0.2673969194181843,0.2515512259534654,0.5859957830659208,B
g13671,HiC_scaffold_16,2045900,2047322,0.5278002225632048,1.745628001593765,12.76351175446775,0.875456697475189,1.531342792559193,5.413007442197909,B
g13673,HiC_scaffold_16,2050685,2051456,0.0,0.0,0.0455967428633379,0.0990128623149409,0.4169885410794618,0.0,B
g13674,HiC_scaffold_16,2052078,2054691,0.0474357940058022,0.2352620088129399,0.4185867732212864,1.3133472905068737,0.6297636704942531,0.9552966234804764,B
g13675,HiC_scaffold_16,2056111,2058722,0.1415778085112047,0.638238294530536,0.5838834505430343,2.672278567198884,1.138197597547557,2.067051608293073,B
g13676,HiC_scaffold_16,2060921,2064464,1.6564744563201017,0.2388248231366418,0.2510037975380504,8.193984305610623,8.357730657847272,7.759914403679398,B
g13677,HiC_scaffold_16,2065985,2066756,0.1446620681621857,0.1028182344700682,0.0,44.12075741573897,64.37927157981377,58.96631261760449,B
g13678,HiC_scaffold_16,2067124,2068649,2.818111646937533,6.260735711161228,3.746349515470183,5.570876186588592,3.429904204173176,4.606918358135151,B
g13679,HiC_scaffold_16,2068820,2070511,26.83719540211756,0.0693560365779129,5.674392924586402,6.795752268308913,4.503720184608156,12.574214931346273,B
g13680,HiC_scaffold_16,2073047,2073488,244.58886599962503,111.37180741667903,147.10609266827603,205.0124099262738,172.51732031902702,296.73837682467024,B
g13694,HiC_scaffold_16,2108741,2109200,0.0847938410686109,0.0,0.0,0.0,0.0,0.0,B
g13701,HiC_scaffold_16,2126611,2127313,0.0554421268525533,0.1148888773482779,0.2549635889263726,2.550014799304677,2.1905539993979737,3.099532646344538,B
g13702,HiC_scaffold_16,2127414,2128665,41.88328145801047,0.064470017504789,0.1417905208491132,0.4894296176749769,0.0879350555767545,0.2544358933009973,B
g13703,HiC_scaffold_16,2129424,2130189,0.9130071803744976,0.0763790735759399,0.0,0.385888984126902,0.3013302511863023,0.0,B
g13704,HiC_scaffold_16,2130648,2131245,22.253471673307185,757.1121755348556,312.8781486344941,43.677505192211896,37.58144941329145,5.959037875022036,B
g13705,HiC_scaffold_16,2131937,2132534,3.5457636777996493,318.9578056361145,82.80914961364243,33.689289570187015,33.953230490508844,5.868965459406857,B
g13706,HiC_scaffold_16,2132947,2133262,4.966270817395545,724.1445739293147,458.0840996772598,45.23679797064487,115.26931176354584,7.410798590812451,B
g13707,HiC_scaffold_16,2133635,2134802,2.077720185933769,1.349428056301353,1.4056549281321342,1.4552164301800463,1.3158855038350932,2.5927192910015897,B
g13708,HiC_scaffold_16,2134942,2135380,0.5212227710148913,129.85516510742653,84.0576955198135,2.290780222950996,4.918558930573491,0.3633553681729996,B
g13709,HiC_scaffold_16,2135806,2137456,1.5983727496326878,14.435262247407517,72.48344836112979,1.4513203196003226,3.999008698987815,1.543832993629065,B
g13710,HiC_scaffold_16,2137473,2139694,0.787858853409972,1.0027268651408334,6.4836951782477215,0.0476114612492702,0.0,0.1015343251853756,B
g13711,HiC_scaffold_16,2142075,2143416,0.0,0.0327862210313987,0.0,4.960416605157153,3.706116891261421,3.1826789284485004,B
g13712,HiC_scaffold_16,2145618,2146200,0.0668734932139045,0.0681038305639369,0.0617823671300171,5.774217748120879,5.107891349729451,3.1906402101831626,B
g13713,HiC_scaffold_16,2146871,2148995,0.1054731910523402,0.0,0.0,8.682485482478722,6.241004167652057,8.40637055734685,B
g13729,HiC_scaffold_16,2218924,2221348,0.4748898529124172,1.905715947974512,6.567202791306761,1.2528490449043637,3.3649181550581058,4.953733644867421,B
g13730,HiC_scaffold_16,2221365,2223015,2.5679553177929715,23.988810315608312,118.02228034962602,26.452892717619168,72.56317015558463,18.816486221998765,B
g13731,HiC_scaffold_16,2223430,2223868,1.6366169133169337,138.37817528837166,188.73376218924264,56.42771433296314,86.20887214192298,17.08478007682182,B
g13732,HiC_scaffold_16,2224008,2225175,7.243148578401388,2.969389361945998,3.663727783359567,11.02463439758781,8.874882779674099,16.688346868346418,B
g13733,HiC_scaffold_16,2225578,2225893,8.56235577250208,711.5147314514509,326.54934383259086,208.65708572958425,650.2628132775151,24.25531201982406,B
g13734,HiC_scaffold_16,2226313,2226910,18.462463168602305,619.219487719751,244.0266240559156,159.79199541895684,141.97105181494572,25.87666063271878,B
g13735,HiC_scaffold_16,2227603,2228200,7.936121372556737,388.8957654329422,127.11393227101048,41.38933035824265,54.26560654715895,4.980184600087148,B
g13736,HiC_scaffold_16,2228659,2229424,1.3316498817504772,0.0,0.1339193209298696,0.3423890157634896,0.3505600953775837,0.1973862793765915,B
g13737,HiC_scaffold_16,2230183,2231434,43.07111146480753,0.0961538139781794,0.1692508244666969,1.5467327242504554,0.5630625750705525,1.0599843508144495,B
g13738,HiC_scaffold_16,2231511,2232213,0.327689167004748,0.0584267272226207,0.1525210314629252,0.6613874200573772,1.1825952126230497,2.194463445114252,B
g13759,HiC_scaffold_16,2281668,2282427,0.1002615606958815,0.0,0.0,1.6441533418102037,6.284314566685925,14.065121070038463,B
g13760,HiC_scaffold_16,2282828,2283587,1.2123203965076843,0.0,0.0,0.5726930409193204,1.0575496055727942,3.077670076844816,B
g13761,HiC_scaffold_16,2284401,2285169,0.1474956719867914,0.0,0.0,0.5578301435500028,1.052091747570716,1.7282297508389464,B
g13762,HiC_scaffold_16,2286808,2287249,252.27493606415672,117.80171749762592,221.8200000860282,872.0046550950949,662.1651511368907,1200.8779129886009,B
g13763,HiC_scaffold_16,2290420,2292111,54.56000504870949,0.2458576944585829,14.787284324426013,5.046889369949577,3.22789439169592,8.756446995670895,B
g13764,HiC_scaffold_16,2292282,2293807,2.60847383820978,6.253137181563055,3.9879119387169455,13.887348392356898,6.732360072041237,9.433051111944922,B
g13765,HiC_scaffold_16,2294175,2294946,0.1469217588662203,0.0,0.0455967428633379,11.296498853190029,16.709938232828357,13.418492024924614,B
g13766,HiC_scaffold_16,2295586,2298191,0.0319473234962947,0.2019956696670065,0.3585857959402515,2.3873394850482,1.1086637735320042,1.7594643795082552,B
g13767,HiC_scaffold_16,2299587,2302185,0.0626686076994213,0.1866398604638291,0.4966580926585526,2.0254272223343444,1.0567171152965575,1.4977393765300082,B
g13769,HiC_scaffold_16,2304426,2304972,0.0,0.0,0.5853567663312231,0.8133053475729071,1.2764367130162604,3.791548520425813,B
g13771,HiC_scaffold_16,2305921,2310488,0.0,0.0,0.0101633676633806,0.5544560921762154,0.333567658003894,0.736613024682184,B
g13772,HiC_scaffold_16,2310745,2311612,0.2673356594811347,0.0930242121089862,2.927781580309048,2.2409521269699857,3.558166141488909,14.690094799303264,B
g13773,HiC_scaffold_16,2312694,2314575,0.0818390593669106,0.5115934982953849,2.270897968405334,0.6999165283338739,0.6274571798863305,1.2139385337471496,B
g13774,HiC_scaffold_16,2314768,2316742,2.755330635083026,4.053757597459845,6.782292946686918,1.7079195931077913,4.527977719331707,3.092011157599127,B
g13783,HiC_scaffold_16,2347026,2352669,0.1238885218855094,0.0820634838201984,0.2614646253650148,0.3135662168237593,0.143777331301401,0.1836314003280049,B
g13784,HiC_scaffold_16,2353802,2356448,0.6555502914862847,0.1064219218003343,0.2017174310622808,0.8819940428802749,0.5196104687790708,1.063031190180204,B
g13785,HiC_scaffold_16,2356940,2357303,0.8337517265561594,0.2183825310645251,0.6845519779601772,1.4721003248312288,0.4457695451433729,0.4384287913492393,B
g13786,HiC_scaffold_16,2357455,2360393,6.877492851210672,2.582110676843973,5.457444343159884,2.723955352861155,2.6372974062312804,4.339794877717417,B
g13787,HiC_scaffold_16,2360478,2362383,0.905971109505856,0.0416130492264685,2.6785244564740287,1.863770895600943,1.578312875579864,2.2284133283752148,B
g13788,HiC_scaffold_16,2363293,2364322,18.04480519683267,24.92516588390543,330.4347994215031,29.74248614213804,34.874616378150264,63.88559188796064,B
g13789,HiC_scaffold_16,2364525,2365205,2.04746020618307,1.319651719425048,15.766491190677764,8.47640017054336,5.653751611831,9.08397525451984,B
g13790,HiC_scaffold_16,2365636,2367931,10.600603186021791,0.0351424801300614,0.3885460572738223,0.7242875312003407,0.5967594722809857,0.2546298061595325,B
g13791,HiC_scaffold_16,2368414,2370784,0.1904491488652374,0.0173061445191053,0.1341773403260653,0.1525170190373947,0.0339133085624751,0.1566002174304781,B
g13807,HiC_scaffold_16,2429243,2431195,1.3548185045235484,6.145053686736071,2.795716057314817,1.3435241971900913,0.2342827789798022,0.3429239950615751,B
g13808,HiC_scaffold_16,2431436,2432030,0.1474256554942894,0.0,0.0665816074765787,1.93565505644918,1.1697446331718255,2.41429401950281,B
g13809,HiC_scaffold_16,2432637,2433299,0.3266964481826337,0.1378666528179334,0.3045849410329524,0.0,0.0,0.0,B
g13810,HiC_scaffold_16,2434226,2435378,2.7361032935888803,7.00999600045322,3.929923339295404,2.6385311566828724,0.8446324600035502,1.0604114783532463,B
g13811,HiC_scaffold_16,2435433,2435835,0.3742657403073074,0.0,0.2643470526490973,2.468671440255355,2.0730786720500403,3.0380199418385097,B
g13812,HiC_scaffold_16,2436810,2439030,6.031260808560013,5.975375935902132,3.112732252120848,5.55001675477321,7.26777221620608,6.4361323887545465,B
g13813,HiC_scaffold_16,2439271,2439898,71.54945863888447,32.00009381337419,21.156739071856848,7.379858449749484,5.937472399845188,11.344371894209408,B
g13814,HiC_scaffold_16,2440340,2444318,2.693804472561605,4.089210147636492,4.4877898507871645,4.679033688780205,4.363523226441361,7.058726037213521,B
g13815,HiC_scaffold_16,2447893,2449111,0.0624782631922611,0.8608176475208409,0.1167691730990206,0.8545215708039848,2.0901018277828243,2.529069510716496,B
g13819,HiC_scaffold_16,2458862,2459933,0.1041404804416855,0.0,0.0,0.0974731565961656,0.0503623855857592,0.1979391821199434,B
g13825,HiC_scaffold_16,2474478,2475036,0.1394995449838438,0.0735045923123293,0.1274416244037698,0.0,0.0,0.0,B
g13826,HiC_scaffold_16,2476205,2476898,0.0,0.0,0.050728843791679,0.0,0.0,0.0,B
g13827,HiC_scaffold_16,2478216,2480535,11.243845452882388,0.0701522712026953,0.554739830481999,5.283271571074058,4.013278506065223,11.809995817253505,B
g13828,HiC_scaffold_16,2480696,2486027,6.916575387910376,0.0911233623082993,0.698138736395045,4.782599165952856,3.620892865889368,10.912281495122484,B
g13829,HiC_scaffold_16,2488527,2490357,0.0212679634155696,0.0,0.0192104310096358,0.013619999980324,0.0144461346069498,0.0290454749915541,B
g13831,HiC_scaffold_16,2491414,2492035,1.2824817643584745,3.240197098383369,4.796617424003842,0.0,0.0425707348320743,0.0,B
g13832,HiC_scaffold_16,2492263,2496189,0.1188696633994281,0.0227637572392015,0.0906602574826194,0.0140697713598605,0.0074615936581197,0.0,B
g13833,HiC_scaffold_16,2496361,2496955,0.0,0.0,0.0605342385011279,0.0,0.0,0.0,B
g13836,HiC_scaffold_16,2503458,2503695,0.4926629500062331,0.1672423180937186,0.5933348311836889,2.4518623794769665,1.1379349148174709,1.3417269876611353,B
g13837,HiC_scaffold_16,2503915,2511127,10.961157796893367,9.802783832234711,3.917023085357496,5.727860658786971,3.885033633819236,5.4102807994598106,B
g13838,HiC_scaffold_16,2511399,2512026,35.86605645472892,950.5010427554467,634.8188634764906,100.27238904092432,143.34844168516923,93.11529407645529,B
g13839,HiC_scaffold_16,2512320,2513655,43.62556169348578,45.71732824586378,53.7074305222948,67.1298761776452,47.45935264857957,74.61599704755993,B
g13840,HiC_scaffold_16,2514554,2515427,4.134219519990941,1.7600518275344053,10.11084262759226,4.202841501364617,2.187868729449319,5.414211257851394,B
g13841,HiC_scaffold_16,2515463,2516096,6.357836800077688,4.126738343455791,4.614889771822593,5.16614496048336,5.286403874040138,7.462585102858673,B
g13842,HiC_scaffold_16,2517588,2517974,0.2316395733188892,0.3704339195159936,1.6577564633854274,0.8057218110809123,1.2486213213844843,0.1655863527555892,B
g13843,HiC_scaffold_16,2518359,2518722,0.3120569589142035,0.0,0.7813979524715644,3.1717471638668147,4.221604947859004,1.4617139752448094,B
g13844,HiC_scaffold_16,2520896,2522132,1.6708037965514286,2.604807800551032,6.403834994511069,1.5706637355421822,3.734172530205466,0.2575237075400871,B
g13847,HiC_scaffold_16,2531339,2536666,2.016570956565508,0.0153622841711411,0.1293672706882948,4.381005223138054,3.63953349413313,10.573907723289915,B
g13848,HiC_scaffold_16,2536827,2537889,0.5699658695666401,0.0386210569776645,0.2016379737984436,5.76542541280171,4.7203850325759324,14.194674040369126,B
g13849,HiC_scaffold_16,2538011,2539154,2.5731562868223747,0.0,0.1258349524747856,7.01834121417223,4.7281443465020585,16.159536074370664,B
g13851,HiC_scaffold_16,2543008,2544601,0.0,0.0,0.0451441778652479,0.0,0.0,0.0,B
g13854,HiC_scaffold_16,2549694,2550925,0.0,0.0911182284786466,0.0404081479857857,0.0,0.0,0.0,B
g13857,HiC_scaffold_16,2555367,2556714,0.0,0.0367522961561646,0.0,0.0,0.0,0.0,B
g13858,HiC_scaffold_16,2558478,2559378,0.0413090572418685,0.0,0.0,0.6249191686482334,0.2726496367587179,0.2946067592055594,B
g13859,HiC_scaffold_16,2560275,2561346,0.071053711081395,0.0,0.0,0.0727395273554247,0.0246838714572531,0.0,B
g13861,HiC_scaffold_16,2564011,2565229,0.0319543292696982,0.8282754230641813,0.1469494576570718,0.2571274648140232,0.6252259304419908,0.78526103430044,B
g13862,HiC_scaffold_16,2566446,2568054,4.3549791553512645,5.312323056983653,4.778203388530431,2.129609894669432,1.5581213868139976,2.7057299851593,B
g13863,HiC_scaffold_16,2568661,2574171,0.9018542378502048,2.4639738776012345,5.0428531690051885,3.503156809164956,3.64218788567301,4.881217340250998,B
g13874,HiC_scaffold_16,2609633,2611910,0.3000195430745527,0.2473363241841761,0.3449476004736429,4.0929844506635,3.24575626356724,3.075764020536506,B
g13875,HiC_scaffold_16,2611919,2613773,2.5927692005681244,1.27995019522987,1.172677251197948,1.5764148900547197,1.7671934211388247,1.6029828373660158,B
g13876,HiC_scaffold_16,2613887,2616308,0.7882202718428098,0.0,1.5468959092432737,0.2612580342077106,0.2564316204946135,2.169838297128448,B
g13877,HiC_scaffold_16,2617305,2619354,0.6574546424112229,16.262763159823805,69.72424916563321,2.019555856725286,4.791933780652565,2.409492074151017,B
g13878,HiC_scaffold_16,2620497,2621073,1.373601581715591,5.619987397423944,2.903377420468209,0.2650656834889563,0.0917931469816602,1.0123878113900913,B
g13879,HiC_scaffold_16,2621169,2623709,0.2938525509242846,0.6979980805052817,0.4641082101732707,1.2250130213312354,0.8751412626939156,0.7588409899685791,B
g13880,HiC_scaffold_16,2623919,2625134,390.104791354786,204.5071554829326,82.37886594422753,39.55768034872364,70.73257965178485,73.58195746798883,B
g13881,HiC_scaffold_16,2626314,2627562,0.1247447854182449,0.0,0.0,0.2209420805743294,0.1084758962791075,0.1277721616215003,B
g13882,HiC_scaffold_16,2628465,2630938,1.7901261495791276,0.0,0.0487242160316079,0.0814316522941915,0.0378290077463961,0.0,B
g13883,HiC_scaffold_16,2632531,2633992,10.834035172233664,21.4079983093554,79.47414118233687,25.837854209096804,40.22888707243114,30.13365362077671,B
g13886,HiC_scaffold_16,2641292,2641901,7.79788060417388,36.46952798101363,19.896629457127936,9.25286337264544,13.392739102516456,9.931538195006771,B
g13887,HiC_scaffold_16,2643149,2643863,3.3023859095367576,18.24846890088236,115.50481981909444,13.561118732424092,19.30036500075268,95.65198697255312,B
g13888,HiC_scaffold_16,2646080,2646368,0.0,0.0,0.1248518669085764,0.0,0.0,0.0,B
g13893,HiC_scaffold_16,2655452,2656275,7.881286101770012,3.11761815699236,1.351551964071559,5.767275361473791,4.351145736311919,5.66372057784291,B
g13894,HiC_scaffold_16,2656349,2657221,7.4266070331183585,17.50234539547045,18.43922142440399,15.493347324346193,13.29459432471924,17.544708737943807,B
g13895,HiC_scaffold_16,2657522,2658527,123.20216086177214,0.0788784664442016,12.181517377972892,49.331026346230125,28.762560636241663,469.6941869159024,B
g13896,HiC_scaffold_16,2660748,2661702,11.062197159297714,103.82257796742896,185.37962438549044,12.422595023905371,54.59527197439249,25.09484404350717,B
g13897,HiC_scaffold_16,2662615,2663569,209.1714469680502,19.203788636327143,36.482125215745,26.84158667101676,23.850484712477588,21.645641224387667,B
g13898,HiC_scaffold_16,2663638,2664985,70.31186920911341,0.7458812664632275,1.6413535340109149,7.691561148775088,5.413732845527925,9.065315610636718,B
g13899,HiC_scaffold_16,2665465,2666271,755.1885272182635,0.7537569336307579,12.868967986230215,1.912279030106656,0.5040945323583937,3.305932542142466,B
g13900,HiC_scaffold_16,2667607,2668561,266.07590571613304,4.748279410942303,36.20327891268975,6.133297657171736,4.7813188367751565,3.105893365666315,B
g13901,HiC_scaffold_16,2668630,2669977,70.58094614432568,0.92038780698671,1.3803654957953724,7.462544147078756,6.026097751063798,9.931604230984975,B
g13902,HiC_scaffold_16,2670457,2671263,750.4272183253688,1.89083688137628,10.554107060272196,1.7569855723870735,1.0148262130090728,2.479932282687625,B
g13903,HiC_scaffold_16,2672605,2673559,228.78517197816927,5.999510648373932,29.00781010478145,12.451019199605614,9.027446610117693,11.96467699360295,B
g13904,HiC_scaffold_16,2673628,2675092,161.9540211490488,2.078353526085769,3.382747095306048,24.360233236721776,18.7427539019333,23.967696015564528,B
g13905,HiC_scaffold_16,2675718,2677080,1.213413643742618,0.0,0.0786121615910231,1.3657774142036274,1.561547079999677,1.6368099437681851,B
g13906,HiC_scaffold_16,2678025,2679636,1.6586961313160449,0.1238741651540192,0.3288225189203059,0.2968732155024133,0.0170711909569397,0.0329939287613557,B
g13908,HiC_scaffold_16,2687536,2691238,2.8461482498822925,3.0807752708311416,0.9321875482291504,0.0,0.0,0.0,B
g13919,HiC_scaffold_16,2716623,2718050,0.1377628334223342,0.0883174899314995,0.1830356952434512,0.0,0.0,0.0,B
g13920,HiC_scaffold_16,2718151,2719114,1.620862787553453,1.2591257992954343,0.4812400260597381,0.0,0.0,0.0,B
g13922,HiC_scaffold_16,2724935,2726864,1.4632526154244094,0.0205476564998503,0.9725534921602708,1.505447938832981,1.1025542368893515,1.37677600988287,B
g13923,HiC_scaffold_16,2727266,2728346,1.5125045795523406,0.2999880562185489,0.0651020161993214,1.759858644774337,5.147862739938358,1.7208357727276793,B
g13924,HiC_scaffold_16,2730078,2731342,57.44661818354897,200.9612470618767,55.979479680580745,199.9907085665372,184.70555438758709,110.61516490552992,B
g13925,HiC_scaffold_16,2731435,2732494,93.28387083548424,194.08701067502403,42.63823000757013,188.21041692933693,161.08376847121724,98.53349006730204,B
g13926,HiC_scaffold_16,2738743,2741545,9.467597460870628,60.24009990481503,45.72974254935133,38.23381968701394,35.37840923535109,42.02493200104552,B
g13928,HiC_scaffold_16,2754315,2755644,0.1704690385039215,0.0,0.0535082215329597,0.341112227396836,0.5276113577957303,0.1597463284381625,B
g13929,HiC_scaffold_16,2755793,2757708,0.5333679136566017,0.9195249378490524,0.3004762230837532,3.795825283187495,6.372235253701859,1.9488184731797524,B
g13930,HiC_scaffold_16,2757777,2759847,0.8609746627957755,0.4483997456008124,0.1879771608647721,3.1868037344319777,1.8403677825127875,2.461482556455861,B
g13931,HiC_scaffold_16,2760673,2762077,8.193891369464476,5.2149294610595245,18.13790082728987,0.8233900080784724,1.2601888680543945,0.793922771870466,B
g13932,HiC_scaffold_16,2762641,2763115,28.41286208235024,0.4297440494289671,0.5242455021087432,0.1577506326834998,0.3391330856247522,0.2242751866436462,B
g13933,HiC_scaffold_16,2763524,2765060,2.119019753322514,0.991363225401596,2.689935528972613,6.347616408803999,3.379454546872632,5.250871766716845,B
g13934,HiC_scaffold_16,2765099,2767134,10.665659815909784,4.3768914575718485,1.9334336836604105,12.789135562781883,9.052462084751044,9.991134434185728,B
g13935,HiC_scaffold_16,2767359,2769180,0.8058045713990634,0.0435325968019893,0.7648046029943399,1.8873880539545147,1.1545970462551705,0.6995152240339967,B
g13936,HiC_scaffold_16,2770636,2771092,2.635737717753268,0.0,0.0,0.9907303360911284,1.2361558143692448,1.0490766954186348,B
g13937,HiC_scaffold_16,2774746,2775103,2.592094805455924,0.911390010750984,4.778420126311623,4.023727279432661,8.51106096866924,7.283382779491996,B
g13939,HiC_scaffold_16,2777521,2778893,0.0,0.0,0.0338581333989359,0.1452381832791707,0.1543737000836798,0.0,B
g13940,HiC_scaffold_16,2779678,2780437,16.379874180853268,6.82342716240823,32.97040631403381,16.833239388702594,37.6752878559374,19.65601403974907,B
g13941,HiC_scaffold_16,2780907,2781864,23.041953928361963,18.721891912117965,134.05793108257438,12.779881870245912,17.880711170942583,6.600044829716671,B
g13942,HiC_scaffold_16,2782470,2782752,0.1380155072712497,258.0321252217751,374.3485234740074,7.951188780900015,9.61260339726688,1.3172075239506804,B
g13943,HiC_scaffold_16,2783032,2783428,0.1877684420084935,210.8309862633353,393.2085929858571,7.259742950283148,10.872871129979094,0.6711265054866686,B
g13944,HiC_scaffold_16,2783635,2785073,0.0,0.0,0.8039448988357025,7.116724305163545,7.86231288872309,3.0565845279269723,B
g13945,HiC_scaffold_16,2787419,2788379,3.643374152499007,516.114871263599,670.9368053848984,17.047375644394542,71.40192329455915,9.62271866799545,B
g13946,HiC_scaffold_16,2790350,2791040,7.779071470080425,1.3966471063995476,2.221054040755349,2.928539502317656,1.601737283445914,5.077930984443324,B
g13947,HiC_scaffold_16,2791408,2793238,27.617399653558103,6.798969645447513,13.967129258387631,8.501615820732559,8.45311262775991,17.612816064897896,B
g13948,HiC_scaffold_16,2793800,2795483,1.2978064958707731,1.1679324439082106,1.1204293959843137,2.607702790101857,2.0278192416212835,2.679901053974918,B
g13949,HiC_scaffold_16,2795937,2797257,2.364114398957422,5.727455917026789,25.18424059970173,16.93852280611113,16.28919915619419,46.39763866982939,B
g13950,HiC_scaffold_16,2797503,2798784,0.8910834258568402,2.1992999094136727,7.424992711657984,2.074858164148768,1.846854193783712,4.352223182821096,B
g13952,HiC_scaffold_16,2802256,2804945,5.870054747697486,3.337525292766297,391.8278754507974,22.064422428400533,11.149872238245132,15.952566193658935,B
g13953,HiC_scaffold_16,2805293,2805719,13.831072799067972,26.451481002055463,38.65496350018789,39.159660618280896,38.2584204537148,35.400744874137715,B
g13954,HiC_scaffold_16,2807103,2808794,15.796872856411689,15.09435989713174,8.354949482689648,12.407399741610108,9.285817659377466,8.885376651272171,B
g13955,HiC_scaffold_16,2809016,2810410,11.020690854285004,16.129196170468024,10.415835366795994,33.32564328242296,24.84814002480578,25.795120207230696,B
g13956,HiC_scaffold_16,2811136,2811691,7.9212472245513394,0.5862454663749572,0.8983589798975881,1.768589858728332,0.5850341478828839,1.0512529473955876,B
g13957,HiC_scaffold_16,2814032,2814793,0.193636205821259,1.257793045076999,4.594448796803689,6.202278584619825,7.7926760888627165,5.807713091829578,B
g13958,HiC_scaffold_16,2814917,2816272,4.974477397800033,0.0341399047271415,0.0302800075345681,0.0671008043046166,0.1830806829859233,0.4109723921924744,B
g13959,HiC_scaffold_16,2816366,2816886,56.29801606434724,0.0,0.0788538106791008,0.0580914844667401,0.0,0.1165640772687371,B
g13960,HiC_scaffold_16,2817278,2819013,62.60623174280381,16.73659933347134,16.805475962903706,53.99484075357728,39.66126074282149,63.2647923150539,B
g13961,HiC_scaffold_16,2821964,2822762,1.4835622614520374,0.0,0.2673399489372314,0.5427429838407565,0.3392930289632236,0.7977426128309466,B
g13971,HiC_scaffold_16,2855026,2856040,0.4101859495322896,4.690048575706941,1.9991176305267948,0.4977834981175755,0.4839934380332271,0.2620967417876931,B
g13972,HiC_scaffold_16,2856418,2857414,0.2292124233981149,0.0,0.0,3.059416601104377,2.1651198154548323,0.8513769640580698,B
g13973,HiC_scaffold_16,2858049,2858877,10.816890724383276,2.946725027335732,1.587411250407079,2.733910372497282,2.452498524571128,2.500598428256465,B
g13974,HiC_scaffold_16,2859321,2860891,3.812044037405212,6.496294015467555,8.811125419291518,7.15889639512743,5.205141087077816,6.042206882865198,B
g13975,HiC_scaffold_16,2861017,2862475,3.849867332932151,4.933707340354879,4.60691917138105,7.164700255649812,6.788532707771292,9.629419699076625,B
g13976,HiC_scaffold_16,2862666,2863815,7.03153233619216,3.252581252062824,4.394938663664568,50.70432362941256,20.19574602952797,24.53864995768179,B
g13977,HiC_scaffold_16,2864048,2865393,18.143969180512705,55.15956473173897,38.653531108127424,43.257946635754166,39.40471031659531,44.86339226681975,B
g13978,HiC_scaffold_16,2865613,2867683,7.231570994846582,8.156275622258084,10.659833103941558,8.176656867659187,6.054827242800935,8.334379604263368,B
g13979,HiC_scaffold_16,2867837,2870444,32.08258992691252,390.98168018471927,543.144393262193,101.8421347679177,377.687422925551,55.15069292430909,B
g13980,HiC_scaffold_16,2870929,2872304,39.9150451615231,27.93644408448374,34.92198585621257,12.266268982753886,18.97120673333235,13.350855213379354,B
g13981,HiC_scaffold_16,2873354,2876340,0.1548213625225676,0.7255591363812497,2.1547275452600028,2.462132478756013,1.7952619758729575,2.6505285226014226,B
g13982,HiC_scaffold_16,2877118,2878453,21.16543636475965,35.8518238331927,46.75924096179477,21.520980379757468,23.374739526512684,35.10800841265332,B
g13983,HiC_scaffold_16,2880323,2883111,33.90566879301225,41.010402371882144,98.1921378619814,52.89058396685803,55.37185738667544,95.78527163535968,B
g13984,HiC_scaffold_16,2884930,2886799,45.36249317980911,2.796056648441466,9.506592419562008,12.69929631319,20.17517050308675,33.34936216499713,B
g13985,HiC_scaffold_16,2886975,2889003,1.6825631434113224,0.0390891808562241,0.1579916387272605,0.8596604650343089,0.4250219808168926,1.910554678566207,B
g13986,HiC_scaffold_16,2889163,2891536,36.79208777208981,0.4383485444365668,10.918026195651704,4.44925807724497,1.256879585943036,15.074175573707327,B
g13987,HiC_scaffold_16,2893130,2895044,5.442726362332529,1.9347418817765143,3.343844502381046,2.760329662687491,3.1773007899820067,2.579764510356923,B
g13988,HiC_scaffold_16,2895981,2897520,29.31663772618056,12.410467866635097,18.55546057475024,17.870429582251358,18.616514627716427,28.7262314688121,B
g13989,HiC_scaffold_16,2897956,2900492,16.02800424224595,13.422540818363515,12.628856251441912,17.137800379318865,13.66545624477118,23.2558604296187,B
g13990,HiC_scaffold_16,2902363,2903332,26.27078101310232,29.13701577754921,66.31296908289703,13.216332003737255,32.69666494866575,13.524225649902265,B
g13991,HiC_scaffold_16,2904087,2905701,15.539014945012118,207.9030741202688,95.7716465552186,80.40079628609507,121.58358491385492,46.152860576209534,B
g13992,HiC_scaffold_16,2906610,2907222,1.5092085359721468,7.324169361790136,17.394122943955153,1.2473679223009713,0.7897263236263227,0.0,B
g13993,HiC_scaffold_16,2907326,2909204,0.039593345599235,0.0,0.0,0.0141052805733937,0.0,0.0,B
g13994,HiC_scaffold_16,2909981,2911241,0.0375536884016987,0.0,0.1081512768555288,0.0251763635999929,0.0,0.0,B
g13995,HiC_scaffold_16,2912207,2912471,0.71073098151977,0.0,0.2663264299063149,0.0944113634999733,0.0,0.0,B
g14022,HiC_scaffold_16,2996666,2996960,4.459514057779141,3.026973391590269,1.5790353538012392,10.095048729633913,37.910952192508745,13.174710416179709,B
g14023,HiC_scaffold_16,2998075,2998615,0.0,0.0759547453894069,0.0,0.1471650939824083,0.4015143002783413,0.0,B
g14025,HiC_scaffold_16,3003206,3003413,0.1796045967037764,0.0,0.0,0.2408173909564538,0.0,0.0,B
g14026,HiC_scaffold_16,3004416,3005676,0.0,0.0770245305357366,0.2340794525085265,0.19457500889779,0.1002919883791402,0.0998182520836509,B
g14027,HiC_scaffold_16,3006454,3008332,0.139504410094027,0.0,0.0,0.0,0.0,0.0,B
g14028,HiC_scaffold_16,3008431,3009043,0.6881621199741402,2.251600535759299,9.84133255649644,12.957665347560605,5.600871659904225,1.81932605544232,B
g14029,HiC_scaffold_16,3009486,3009801,35.30434981778873,497.95657055174615,1572.8098815687874,361.24360843141767,530.8355490706385,369.231873686257,B
g14030,HiC_scaffold_16,3009965,3011579,11.827928337927414,131.22756267715528,97.73395571443496,5.45664824722671,7.743044283994381,2.892882973144797,B
g14031,HiC_scaffold_16,3012823,3016812,0.0,0.0,0.0194615288498367,0.0,0.0,0.0,B
g14034,HiC_scaffold_16,3025485,3026040,0.0701267982891755,0.2906378086432111,0.1929184938504028,1.4568342657975837,5.2841496585442265,0.190984562207621,B
g14036,HiC_scaffold_16,3028347,3030141,0.0,0.0,0.0195959246084913,0.0286590395099366,0.0153298152907636,0.0,B
g14037,HiC_scaffold_16,3032637,3035173,36.91080879991725,17.743771105022944,21.6610355840214,39.45751727757751,28.24727414493073,48.55084329587922,B
g14038,HiC_scaffold_16,3035771,3037151,27.66706715567369,12.39201489037989,19.330423655529884,18.48232620821824,17.505147394607377,24.42044429809224,B
g14039,HiC_scaffold_16,3038063,3040151,8.460681287520078,2.430162750955266,3.709981315112007,3.6906151032538617,3.972675742377231,4.220140875511351,B
g14040,HiC_scaffold_16,3041620,3044252,7.0975626947923125,0.0488434126780176,3.0100065099944127,1.6963944369170594,0.5174178681266712,8.075110704921054,B
g14101,HiC_scaffold_17,201011,206942,0.0,0.0066829252045542,0.0,0.0,0.0,0.0,B
g14128,HiC_scaffold_17,265298,265679,10.703223261516143,0.0,0.0943762143560892,0.0,0.0,0.0,B
g14129,HiC_scaffold_17,267773,268154,6.966261818617807,0.0,0.1887524287121784,0.0,0.0721829097943044,0.0,B
g14130,HiC_scaffold_17,271894,272845,0.5955661203252148,0.0,0.0,0.0278545919209605,0.0,0.0,B
g14131,HiC_scaffold_17,273012,277142,0.969631379009325,0.0,0.0,0.0757457226750868,0.0132513415191569,0.053131043621669,B
g14132,HiC_scaffold_17,277365,278361,14.420456378557194,0.0,0.037679623523723,0.4074270817483993,0.0850045862724056,0.1139404485199231,B
g14133,HiC_scaffold_17,278622,280140,0.0,0.027019474644453,0.0705334414275188,3.6147864648701367,3.037536934741918,3.356975563077305,B
g14134,HiC_scaffold_17,280690,282226,0.7218017235463673,0.0,0.0,0.3293281402022971,0.1268194504856711,0.1796382678082679,B
g14135,HiC_scaffold_17,282890,283424,0.3513726200771897,0.0,0.0,0.0,0.0,0.0,B
g14136,HiC_scaffold_17,284067,287437,0.2737729395589227,0.0,0.0,0.0075735642552394,0.0,0.0322079708372013,B
g14150,HiC_scaffold_17,372611,373577,17.344164032149735,17.93870265222284,13.813258866221403,27.16441742302095,22.533506773267604,32.08204864292825,B
g14151,HiC_scaffold_17,373670,375476,12.050527500223527,19.51073782174208,18.9940211578177,31.218915527602505,24.991608234002392,23.76833133835757,B
g14152,HiC_scaffold_17,375980,378556,0.7462668172201917,0.1626762482634689,0.2640603600040847,1.1208079434148457,0.9533176676887208,0.9332794886540264,B
g14153,HiC_scaffold_17,378573,379705,4.453223059575688,0.422611155758168,10.646864710403076,28.50826995637197,19.613445430908428,26.53851732220971,B
g14154,HiC_scaffold_17,380217,380964,0.3056165645308198,0.9223423881423634,2.660156218305646,2.446370352633393,1.1638573135248205,1.0656737118376542,B
g14155,HiC_scaffold_17,382339,383086,0.5637954717860425,1.3906585847736344,1.4750220682827138,7.091194758228262,7.629626140419544,7.175508659578014,B
g14156,HiC_scaffold_17,384545,387819,0.086575868470982,0.3811302342128067,0.190855923110661,179.4601669493523,145.31677363134418,88.84286522854087,B
g14172,HiC_scaffold_17,421422,422169,0.1018721881769399,0.3257498110007252,1.1391464126392683,5.96915597865641,4.326674496033789,5.400354144358635,B
g14173,HiC_scaffold_17,425546,426293,1.5210859490283537,5.0707969919477165,13.732928066233711,5.105666505511039,5.154908001543342,7.24832424861413,B
g14174,HiC_scaffold_17,426317,428241,0.0397840037642394,0.0424145846850843,0.1342424370067702,0.6435305175839916,0.4346000595708707,0.2838962937473867,B
g14175,HiC_scaffold_17,428402,429206,16.052214786477197,31.947252139286448,18.20555966661189,38.68264812283586,32.601975719267955,32.93963378952708,B
g14176,HiC_scaffold_17,429335,430501,9.381668856830045,2.127797576751981,3.499782075646016,5.033795223988639,2.397702898091476,5.174884796316863,B
g14188,HiC_scaffold_17,460445,461432,0.1130035000537438,0.0817142775060699,1.3001344186419557,2.869671234065372,6.923978251785671,7.903245143704082,B
g14189,HiC_scaffold_17,462310,463813,10.58281792825689,5.078855741302998,1.0425709452300582,1.5785477656828608,2.5191719868411395,1.2920268586518733,B
g14191,HiC_scaffold_17,469062,469524,8.86446440350415,3.470532264318923,0.7730879435727072,1.9828290089563487,1.7969303880116467,1.608019574693038,B
g14192,HiC_scaffold_17,470859,471849,0.5327909165442292,0.4501562172977815,1.6851860096762694,1.9891696360791469,4.642492317904511,3.592854139899432,B
g14195,HiC_scaffold_17,479249,480239,0.0375536884016987,0.0814666584833243,0.3236434781200851,1.0103348522695508,0.9262100549090082,0.536274928745176,B
g14196,HiC_scaffold_17,481049,481871,0.7858471387628649,0.4356532817712533,0.6094841613251469,1.0614090876170432,0.2959296210231417,0.7105418475575043,B
g14197,HiC_scaffold_17,486329,488402,0.0,0.0197856066137384,0.017345556039397,0.0,0.0,0.0,B
g14198,HiC_scaffold_17,488753,489638,12.846166270724549,1.58624251531324,3.2168404558850305,1.9559183714670163,1.0098387739343904,3.060264553006648,B
g14199,HiC_scaffold_17,490802,492614,1.0617887814165226,0.022635520149161,0.6526384649497393,1.1332463804234976,0.5789901136939894,0.4686597582656026,B
g14200,HiC_scaffold_17,492888,495205,4.577813073455639,0.2474756134577971,0.2055052651693511,3.973796865831491,1.6929083004967498,3.6399418531534735,B
g14201,HiC_scaffold_17,497258,498527,1.7015175191193888,10.125416374212636,16.904672320083968,37.75287692464055,25.08112214986692,47.70523148002696,B
g14202,HiC_scaffold_17,499220,500428,1.6231817308535963,0.5587178522452919,1.520650894629304,10.858155707849688,9.893494894218344,8.649071789429257,B
g14212,HiC_scaffold_17,514544,518039,4.460080772537683,1.0252797227256074,1.6812793878775625,2.820804699143173,1.2066845654102494,1.3583870801479565,B
g14213,HiC_scaffold_17,518130,520779,3.2744737933437893,1.4892608295265086,1.652330820994086,2.57661983323735,1.6476882834075317,1.7629456919544275,B
g14214,HiC_scaffold_17,520851,521337,150.6671504657712,162.00405140709353,113.81530096245608,130.23665803182547,132.37514967113057,91.94242617251555,B
g14215,HiC_scaffold_17,521437,524402,1.5204740518205615,0.0,0.1345444975324212,3.7350623974995294,0.7793630522785115,0.8404641854597144,B
g14216,HiC_scaffold_17,525217,526492,305.55235716214105,0.0310873955985971,32.46987862842752,23.94562583152938,4.708321329673976,5.03850931194293,B
g14217,HiC_scaffold_17,526604,527456,1.6056704468243237,0.0481403315848354,1.542695440536457,0.5723632064453419,0.286759871809782,1.932523204806848,B
g14218,HiC_scaffold_17,528810,529230,21.803326305470385,0.5695183558365151,0.7628739127116293,1.3984567898747693,2.1908184315777466,2.4001217304599693,B
g14219,HiC_scaffold_17,529776,531210,2.7064328821317165,0.0,0.0250748519314295,1.0049972033584254,0.8098098780626586,0.999279549669234,B
g14285,HiC_scaffold_17,690363,691566,1.2327931158046472,1.628208343713363,0.5904588655453027,0.0,0.0,0.0,B
g14286,HiC_scaffold_17,691933,694898,0.1057483846051313,0.0143310840357371,0.0368501978486725,0.0,0.0,0.0,B
g14287,HiC_scaffold_17,695797,697507,0.52893051880353,0.0711506166133162,0.0836415799746453,3.145052327963975,0.6519216878864837,0.9941362550724194,B
g14288,HiC_scaffold_17,697618,699166,0.3474911734984826,0.4441929139665872,1.8659411392649723,1.0064363079274832,0.6654718965046339,6.442283460751609,B
g14289,HiC_scaffold_17,699867,701482,2.4870350965400307,0.0,0.0,1.18366894776114,0.4510345258904543,0.4430005293986124,B
g14322,HiC_scaffold_17,808598,809006,4.12470256902913,0.0,0.0881307295825245,2.8065778251771856,2.0452031580025203,3.120581397250468,B
g14323,HiC_scaffold_17,809185,812137,1.7118236403165956,0.0134269747250038,0.0,0.3731351695649281,0.1271803116987171,0.1078249669781665,B
g14324,HiC_scaffold_17,812284,813823,1.4535844560516502,0.1820749005598545,0.3250121713367344,0.3320421929191577,0.1044503460598652,0.0345375043759221,B
g14325,HiC_scaffold_17,814130,815930,0.587928788892063,0.3486352940700733,3.2085454663079336,3.456833193083945,0.8597686547629451,0.9169467693570368,B
g14326,HiC_scaffold_17,816040,816547,1.888223535437898,0.0,1.546037847010675,2.4152917227274004,0.4734878926593431,0.9429368178837056,B
g14327,HiC_scaffold_17,816699,817965,50.2161613574006,127.66573721805742,51.168910594801964,109.21767350761552,64.81879360993167,42.51467833348296,B
g14328,HiC_scaffold_17,818473,819631,0.2307564307038124,0.0354193113214851,0.5223287987980126,1.253889928328506,0.7982770211280665,0.1374349320032589,B
g14357,HiC_scaffold_17,880245,882447,0.985590626833799,0.1452541786329824,0.981520272919352,2.036224725131188,1.0893043698333895,1.20552265998575,B
g14358,HiC_scaffold_17,882456,883104,3.43613140226331,2.3940390102291897,14.319395484683737,39.3402195756439,27.122381758207087,35.14682172548769,B
g14723,HiC_scaffold_17,1884562,1885720,15.212891905090302,0.4509233572168303,2.279086586062691,1.8700729754098604,0.8886746403180152,0.7333432486850364,B
g14724,HiC_scaffold_17,1885743,1886940,68.87919449940239,0.2364006167132439,2.10868004457248,1.3223792854099723,2.0083329439245468,5.765963519590991,B
g14725,HiC_scaffold_17,1887524,1888826,110.79661766873149,8.343467365667484,8.570687561491862,3.47990600968168,4.272720950252104,4.850232623858233,B
g14726,HiC_scaffold_17,1889207,1890455,2.155587485742718,4.915919805107048,4.100711502628004,0.3258166539968671,0.3254276888373226,0.1703628821620005,B
g14735,HiC_scaffold_17,1910292,1911006,16.484169759034067,44.69272567137409,32.19350274531067,15.383753053703408,27.750676532035712,3.271640880007304,B
g14741,HiC_scaffold_17,1934544,1934928,0.0,0.0,0.0915497102802957,0.0,0.0,0.0,B
g14743,HiC_scaffold_17,1937832,1941241,0.0122095735690251,0.0260337795653276,0.0461807405551836,0.8381122206531011,0.5223782463838469,0.6794566392042889,B
g14744,HiC_scaffold_17,1941489,1942767,29.996127674784308,0.0,0.0562712639587949,0.8167607479369947,0.2325448070761898,0.4562874642884919,B
g14745,HiC_scaffold_17,1943595,1944849,73.4232637861099,0.3814955493641728,0.4530280402044594,5.578343530410821,4.524844253632912,9.267411971966457,B
g14746,HiC_scaffold_17,1944862,1946038,5.115526686462616,0.9868108139750644,2.301943620229383,3.341226572279867,3.072099013755453,4.331393588132942,B
g14747,HiC_scaffold_17,1946618,1947776,37.75883628344909,0.0342283500761755,0.3374069264543622,1.1140356415191568,0.542554222214026,2.8866689890699204,B
g14748,HiC_scaffold_17,1948554,1949571,0.2558968147726373,0.0,0.0,0.5806116869745174,0.2922244478302563,0.3132834896395342,B
g14749,HiC_scaffold_17,1950105,1951335,2.827547357893879,0.0322247393400092,0.0,1.3008024551508353,0.6156618976217052,0.99240975913119,B
g14750,HiC_scaffold_17,1951978,1953781,0.2287543592679535,0.0219835992169779,0.0,0.07259205082159,0.0293249321472192,0.0,B
g14804,HiC_scaffold_17,2091144,2092047,22.40349958693485,39.8641754414134,99.02724586911424,35.67018168829867,43.92463322885784,32.246117875949935,B
g14805,HiC_scaffold_17,2092159,2092549,5.704797249061063,2.905808425500207,13.464328384543473,23.32646442380015,21.406897266292127,6.531601126892198,B
g14806,HiC_scaffold_17,2093032,2094794,0.1959047234421062,0.0516099340992334,2.590551356563056,1.574243496322711,0.7064803861018447,0.7605018212138912,B
g14807,HiC_scaffold_17,2096989,2099065,194.64035076109965,71.95268640765046,61.6105612110364,13.436240762395016,26.9391586608535,39.1975639717872,B
g14821,HiC_scaffold_17,2132681,2133605,3.963237863923234,2.201158113525317,32.41515053669187,23.093875719760533,38.36647236483698,67.50815042167177,B
g14822,HiC_scaffold_17,2133729,2134796,11.494086569005002,10.78983154521722,13.605799365927131,7.604760163533407,7.228630754477288,6.629344428542952,B
g14823,HiC_scaffold_17,2135000,2135903,5090.923895025942,7550.619892120134,6165.571971821124,2704.168350032731,3364.0579340540344,3472.7897122286304,B
g14824,HiC_scaffold_17,2136245,2136721,4331.880662103036,5350.659749141691,5094.3000403395945,2488.618312709286,2902.4213800805865,2427.8603503679933,B
g14827,HiC_scaffold_17,2143820,2144917,0.0792692964251814,0.0412879472793867,0.1123666802177187,0.2743042210578066,0.027537944094498,0.0553679367026501,B
g14828,HiC_scaffold_17,2144972,2149082,7.488162265642398,43.67868354794754,156.89114672397216,4.796990074154492,16.595239384350627,35.091298000583656,B
g15097,HiC_scaffold_2,111494,114014,0.0159699963563924,0.0,0.0,0.0,0.0,0.0,B
g15116,HiC_scaffold_2,189266,190104,0.1635309792037496,0.1148895308411198,0.0,2.5354896893800487,3.654165785319268,4.385265870779226,B
g15117,HiC_scaffold_2,190395,190902,3.1181376191542167,29.867459610229325,32.58224339118555,83.97137665698705,51.862531122363336,54.76599183883885,B
g15118,HiC_scaffold_2,191127,192117,0.5756240641362633,0.4860138233806158,2.37041421391012,1.3077084368244942,0.8952025038641946,7.825292657734875,B
g15119,HiC_scaffold_2,193583,196499,35.33725766099684,48.8111779859421,16.44918306519416,25.04130218474128,23.948362466898367,17.673653772009928,B
g15120,HiC_scaffold_2,196931,197708,8.049688914004404,8.34252490271946,10.802668036046242,8.720227462442413,8.828227580095678,6.626025883009236,B
g15121,HiC_scaffold_2,198277,199650,14.347675251431074,14.953031432753182,13.268549963796977,36.66387883378779,35.92794194328482,43.26186427178178,B
g15122,HiC_scaffold_2,199975,201049,4.398698463558587,8.326353079581212,12.244487815037491,21.609716224436067,14.36710913422235,20.101760924235965,B
g15123,HiC_scaffold_2,201166,201670,43.65660105039522,42.34336863351699,16.360778707775932,22.015609527735243,8.450358248856505,16.113655378782433,B
g15124,HiC_scaffold_2,201968,205305,19.92119307815404,10.494962609161442,16.20147205664802,9.594405669012934,6.231239389176256,8.40637736751146,B
g15125,HiC_scaffold_2,205478,207074,14.454196599424993,39.13091557279262,24.71998749675989,14.009084141743315,12.034279351205676,10.60727843461638,B
g15126,HiC_scaffold_2,207197,208658,8.144994439759612,12.264813116931885,4.292629538944103,8.922410993946515,7.79407166301769,6.974406409579526,B
g15127,HiC_scaffold_2,208950,210966,6.457868310737312,2.3379006368963333,1.8127726731867693,1.5555525254806697,1.1150634174956084,1.5235898262282142,B
g15128,HiC_scaffold_2,211026,213915,7.235079242614415,1.4009732184546673,10.007481380306372,1.2144607865134889,1.888200524787631,2.441847645859868,B
g15136,HiC_scaffold_2,232525,233032,3.923413011410028,23.140987534870668,24.877480196949307,141.0939446509363,82.72376526014101,104.47633330494564,B
g15137,HiC_scaffold_2,233258,234248,0.7651523258748689,0.5688735456236051,2.7715608929105664,3.0262617781636814,2.1536903378425443,23.537083401373465,B
g15138,HiC_scaffold_2,235697,238614,47.41211063633505,61.77375987764604,19.14331250050802,28.160992491989084,26.41542879202648,22.31062318107053,B
g15139,HiC_scaffold_2,239056,239833,8.641806791063177,7.364419595143708,11.309651583693988,9.341795160039464,10.409770384244938,6.899658929261715,B
g15140,HiC_scaffold_2,240408,241778,14.82027026438293,16.03397725705872,13.879602772041029,44.3105200104983,45.08354810971362,51.72710441014858,B
g15141,HiC_scaffold_2,242103,243177,3.626759553366194,9.001421095371608,13.514133098438736,24.19230194870588,17.29972653101526,25.67896158662733,B
g15142,HiC_scaffold_2,243294,243798,32.68050598249539,33.984533293678254,13.470696628070238,32.93692871200639,18.099460582607897,22.85035358451615,B
g15143,HiC_scaffold_2,244096,247458,20.85849852124551,11.789779432601817,15.781738177992166,15.53055133195619,10.55004353182455,14.594160196381104,B
g15144,HiC_scaffold_2,247623,249219,14.020332497561917,41.13111495261184,28.54281217802021,21.88150544360765,19.541499417969824,17.826287400592495,B
g15145,HiC_scaffold_2,249342,250803,7.6495754841373955,11.825074808277678,4.45612398174705,9.078173420273052,7.995301284195403,5.6682833548923295,B
g15146,HiC_scaffold_2,251636,253106,5.1350455112442805,1.9793774128865893,1.0915436525079707,2.5887806678980194,1.3370237896531811,1.6254831596887134,B
g15147,HiC_scaffold_2,253166,260454,5.558780031981139,2.097506820471464,12.22516356060527,3.4289742520627504,3.784980462647684,4.285752265494204,B
g15148,HiC_scaffold_2,260596,263371,143.70701338717708,50.46265566639589,69.37615997264994,46.410180041873744,67.86711757978637,98.55827915104209,B
g15149,HiC_scaffold_2,264664,266655,1.4457477158964624,3.114578630975849,11.872979770174972,4.235141740381877,7.097375058344991,2.2704036767634053,B
g15150,HiC_scaffold_2,268627,270481,13.20666233733539,2.844520552350443,7.56172242522832,2.1748171967436765,3.566927127481436,1.745995827271627,B
g15151,HiC_scaffold_2,271043,272504,4.160178053104534,1.5990071860452462,0.6114426415383265,1.268944812001354,2.0811631009012608,2.18118624402586,B
g15152,HiC_scaffold_2,272938,275009,0.5167507561125239,3.439012531617733,13.529059108509443,7.364329628679005,9.327343479827332,4.066615737721452,B
g15153,HiC_scaffold_2,275933,277728,1.8843131746992927,2.1303550897091146,12.552385493589508,1.2744058452888436,3.701318813819229,1.823077306417158,B
g15154,HiC_scaffold_2,278813,283676,20.465106707209195,15.18574188432128,37.342436223156525,11.808140185473668,10.016985192503876,12.91268487960454,B
g15155,HiC_scaffold_2,283768,284392,104.36822993960378,46.64541000876778,66.27224612815243,19.424716836040723,13.820042981042032,18.96764026994753,B
g15156,HiC_scaffold_2,284609,285758,10.29804130512156,6.963218767853494,22.7000516801842,3.078314934683646,5.584765377112062,15.98613871044973,B
g15157,HiC_scaffold_2,287538,288516,3.096381379275736,2.5465826349680416,2.615994737401693,6.60300627332899,4.190420730917737,9.169431221767782,B
g15158,HiC_scaffold_2,288533,289262,5.239307956104048,2.795620708180519,1.1179492902220352,4.894124984749654,2.815972778425192,6.260695069906788,B
g15159,HiC_scaffold_2,289469,291176,2.073839485949127,0.3739427472627923,2.27489666344604,8.050072710716648,10.380432646440472,24.558823525664565,B
g15160,HiC_scaffold_2,291520,292462,108.98092199721448,78.20415414731102,120.23166944048327,139.09809306987853,176.46196523089384,85.5276713673496,B
g15161,HiC_scaffold_2,293861,298089,70.98679017426616,18.169888797364194,28.38983944486609,11.014436753251626,17.179479226557827,17.095604660526767,B
g15162,HiC_scaffold_2,299688,301305,6.554486070039817,4.491685201488744,2.896493388501412,11.079418061628536,8.078467102137125,11.49384904145148,B
g15163,HiC_scaffold_2,301491,302845,4.797600529332069,12.362287708570424,14.57100024790124,35.678924267068616,23.847365095514466,30.51330310506234,B
g15164,HiC_scaffold_2,303168,304038,10.791614846431065,22.89133704708297,31.88372717467089,110.0142639075471,101.87913995885113,102.78417384330156,B
g15165,HiC_scaffold_2,304565,306333,62.55804028856547,38.62431061537393,64.84244040447133,60.606052880539295,51.90041003636477,67.27320999245568,B
g15166,HiC_scaffold_2,306580,308747,6.073863213345783,1.9184756405685883,7.255004623990952,5.464353685715388,2.8690284826300134,4.786613733805487,B
g15167,HiC_scaffold_2,308794,312521,12.180715559781984,5.477998854082074,29.849995362661623,6.1709502347812055,10.395851038806564,12.256218194589485,B
g15168,HiC_scaffold_2,313450,314709,3.526657968145412,6.445352108628002,3.158032328565005,4.084885420848527,3.196519520688831,5.449695521150815,B
g15169,HiC_scaffold_2,314741,316244,10.725612633764127,0.0843156995209777,0.2220423030761498,0.6833994810611854,0.2059544445207003,1.139528569222747,B
g15170,HiC_scaffold_2,316361,317982,1.24003886539216,0.0264242862588075,0.2604781472227676,2.052399030025484,1.289543535025433,2.689169692928028,B
g15171,HiC_scaffold_2,319041,320353,21.2724571067046,0.9135976917714296,10.467332912277488,28.422114437686687,23.56908931655898,33.372258869888455,B
g15172,HiC_scaffold_2,320721,322570,10.72523869488726,8.464122699286076,6.782862960768531,6.02742623217732,5.33042240389463,6.479336535140892,B
g15180,HiC_scaffold_2,350342,352190,10.312160036138618,9.102419903935626,5.612290508471322,11.45863503915879,9.270684546978988,10.741681108404508,B
g15181,HiC_scaffold_2,352555,353232,18.40018820793617,4.467390728875175,5.413744190683666,4.45732586629858,3.020432886407824,5.68674353307527,B
g15187,HiC_scaffold_2,382855,383326,0.0,0.0,0.1492785084825204,0.0,0.0,0.0,B
g15188,HiC_scaffold_2,387241,389498,0.0347621800071825,0.0185303550202016,0.0332456411488095,0.7669765261000119,0.6066902973347781,0.917984594314889,B
g15189,HiC_scaffold_2,389631,392538,0.1169005945158471,0.0,0.0,0.2835205321795885,0.1764515732001248,0.7482806690217227,B
g15195,HiC_scaffold_2,409814,410826,0.0398479651850822,0.0,0.0,0.0,0.0,0.0,B
g15199,HiC_scaffold_2,418153,418855,80.2733520034269,99.25118139495775,52.59648989162567,112.41234551346892,105.62275350140496,128.72982792789435,B
g15200,HiC_scaffold_2,418989,419625,29.374069449762587,22.768050909723776,26.52340847550257,25.4816798189446,24.871990919793536,44.31163292009146,B
g15201,HiC_scaffold_2,419769,421673,24.28511515759663,26.712641308601544,30.039793355507392,23.753694044660428,23.296749075652663,28.129145878543472,B
g15202,HiC_scaffold_2,421899,422986,155.23852827201696,2.875973400308492,3.618078725440093,10.20136435095433,5.855132905181521,12.23124598276302,B
g15203,HiC_scaffold_2,425089,426509,16.985362303557352,28.02500198700601,18.153633278818187,19.53061690662686,15.730221559952906,18.7911539289424,B
g15204,HiC_scaffold_2,426668,428283,1.6128150508967374,12.691231152480572,17.182066940423596,18.34202621404191,15.47108886616611,22.33519022978355,B
g15205,HiC_scaffold_2,428427,429168,5.562897944318133,4.90720013635957,26.44735539120433,10.054336471767694,9.498503875082289,23.71935924336596,B
g15206,HiC_scaffold_2,429628,430603,49.84996596903393,0.2103362180014348,2.2577192033315536,1.2303880035474863,1.0001508907958088,1.469709614590443,B
g15207,HiC_scaffold_2,430953,431751,130.38066668210374,118.28020090970774,585.8610523769515,81.46224354002132,115.59851981783454,117.43422281905936,B
g15208,HiC_scaffold_2,431810,433048,7.706252731018644,10.060623518988288,9.472555539283388,11.205424073555989,13.97801614876889,13.443055202297472,B
g15209,HiC_scaffold_2,435544,437260,2.0741307921772014,0.1179018335123903,0.2081390617311134,1.836717498821308,1.3368110602279506,1.236834902130223,B
g15210,HiC_scaffold_2,438852,439925,43.58686510370718,49.926862318003614,59.21535212339654,77.68057751628146,70.85206885599644,98.47164515969776,B
g15211,HiC_scaffold_2,440095,444925,0.5071335436572134,0.6663692950216016,1.7789232346380526,3.1791113806736524,1.704081874824357,4.337065431496725,B
g15212,HiC_scaffold_2,445217,446294,0.9875924999272307,0.4886784094923815,1.287923342245532,3.4804387280968943,1.4513835390967351,3.301184369806077,B
g15213,HiC_scaffold_2,447377,448454,0.7740012322973948,0.6752526092929325,1.4533664160656592,4.105507197540461,1.5426452561036894,3.448667791176472,B
g15222,HiC_scaffold_2,470212,471928,11.335759758898776,0.1640981381606553,0.0833491268978109,4.413220667764612,2.8085500127466894,2.8125890042262967,B
g15223,HiC_scaffold_2,472192,473264,18.01621162643208,11.865119307221544,8.405681291075918,16.42314527740493,13.817091948957357,19.62406522200488,B
g15224,HiC_scaffold_2,473434,474139,0.0,0.0,0.0550157883374547,0.6265394622484008,0.2946021458806924,0.9962419484179896,B
g15225,HiC_scaffold_2,474302,478250,0.0605157253027229,0.0635884098110988,0.2546905249981801,0.2436573190307526,0.1327479847391161,0.2955129423268557,B
g15227,HiC_scaffold_2,478558,479635,0.6375384797088004,0.2627405182968923,0.7596973335747532,1.3540065040072164,0.6490853945298997,0.6897911267485457,B
g15228,HiC_scaffold_2,480694,481771,0.5668806110289729,0.0368026271014032,1.1566117322988552,0.7825982536663835,0.1767700054035154,0.4436016343762118,B
g15243,HiC_scaffold_2,508151,509228,1.7383972598123627,0.2220962947551869,8.709770005299703,3.489158042597399,0.6284954436226844,1.2326745172592104,B
g15244,HiC_scaffold_2,510187,511264,1.9552238506229056,0.0368026271014032,6.918813411604626,3.264889067521092,0.4016436230266451,1.9723943646412392,B
g15245,HiC_scaffold_2,511454,513830,0.7015588448307087,0.0269910993450536,0.0723646681409173,0.0344785552634702,0.0,0.108375656288576,B
g15246,HiC_scaffold_2,513989,515309,1.3501648121115568,0.0,0.0266326429906314,0.0200679673612374,0.0416692251994393,0.0,B
g15247,HiC_scaffold_2,515409,516312,4.607349114575383,0.2209980953080011,0.0,0.0845392213120923,0.060911824211805,1.2344048413135482,B
g15248,HiC_scaffold_2,516529,517469,11.161580974264336,3.5344243369978168,1.4842944702286731,0.2073698502389726,0.2803112108566095,0.3075996483480564,B
g15249,HiC_scaffold_2,518662,520378,1.2870626072318538,0.4229999575095686,0.2700665181209369,2.4839501210298165,1.084109752360463,1.083043493325113,B
g15250,HiC_scaffold_2,520525,522289,5.499824700496484,0.1363814300302748,0.2427885806960851,6.498768450947541,5.313783513683981,8.906305228471311,B
g15251,HiC_scaffold_2,522839,524489,2.599293149980138,0.0,0.0,0.9318890207786772,0.2736665286206255,1.125050054205384,B
g15256,HiC_scaffold_2,540906,542305,0.857649671601673,0.0,0.132267934576932,1.2906703391031098,0.1228051456845453,0.516900247728463,B
g15257,HiC_scaffold_2,542827,544381,8.015296961252606,0.0,0.0259432450719119,0.2180558683070683,0.0976752659136552,0.0767001720556192,B
g15258,HiC_scaffold_2,544547,545511,3.5777386863555667,16.272609638994915,17.085017401524826,7.849834270775168,11.661957641538043,9.387916678423698,B
g15259,HiC_scaffold_2,546038,546703,0.2787491742423961,0.145188386037404,0.1302425392258306,2.2800355747430747,1.241675558759236,3.981138960855045,B
g15262,HiC_scaffold_2,553225,553647,32.16725116794839,13.957103062553372,8.295949395822513,7.560061229091765,4.571439415665857,9.128149318797313,B
g15263,HiC_scaffold_2,553653,556126,10.27662937283534,7.379244232875624,3.3701681695091352,13.815342407794487,9.415016429746828,7.173215068812587,B
g15266,HiC_scaffold_2,564499,566989,0.0488864582744007,0.0808985453851672,0.0,0.0491609466745423,0.1613311460110757,0.0698924644767181,B
g15267,HiC_scaffold_2,567043,567436,0.0,0.1008560544229295,0.1809476499168029,4.34939100247189,3.1675259372459394,1.3501327557604723,B
g15268,HiC_scaffold_2,569230,572368,0.0124029232155807,0.0,0.0,4.66061997360289,2.9915735051760595,19.23445145274444,B
g15271,HiC_scaffold_2,579642,580071,7.152289240527543,0.9432146680991236,0.6630529269678654,0.5265419968036766,0.4979532290153119,0.2478005558720007,B
g15272,HiC_scaffold_2,580448,586407,2.662236378630136,1.295566672350903,8.204451795667687,18.74734028477064,14.178302349428474,17.98659744842973,B
g15273,HiC_scaffold_2,586478,587096,2.3975303858564248,1.222390857225812,2.039065990460317,4.154730484759341,3.9746492603257058,2.0917576667615787,B
g15274,HiC_scaffold_2,587144,588926,0.6236075214007706,0.4763830609524461,0.6411965859759122,0.6854223734663922,0.4658708413363528,0.5955131010256629,B
g15275,HiC_scaffold_2,589349,592232,53.8782609836649,31.0453488979527,47.39897284154496,34.276863643791906,36.010628411884625,40.04417568184908,B
g15276,HiC_scaffold_2,592972,595149,16.043433559914327,3.806379488166896,13.4861707867972,13.349850333353324,12.826454465489547,20.96928829045681,B
g15277,HiC_scaffold_2,595278,596040,1530.15403826148,40.88912594617466,13.564529589359775,14.308353559896185,12.03064175721438,10.240135181609972,B
g15278,HiC_scaffold_2,596746,602734,6.916637667811284,4.198904194249321,46.57120553958036,52.68278609572823,37.374320070828986,51.88459344461617,B
g15279,HiC_scaffold_2,603524,606117,24.604086900375563,54.94083735119304,104.83569824892427,40.55923290622834,35.542003159316145,54.22571040979217,B
g15280,HiC_scaffold_2,609997,611253,0.1039597330166313,0.0,0.0,0.3576051028178331,0.5577380878016425,0.2896077377738515,B
g15291,HiC_scaffold_2,639307,645070,9.462410832399604,5.105280458988577,4.426025653589953,5.358159217175517,3.539845602964696,5.563918721646845,B
g15292,HiC_scaffold_2,645111,646938,3.323915419259602,8.683436622756325,7.389312204817262,4.193795177686412,3.0414291753819205,5.636269422596644,B
g15293,HiC_scaffold_2,650965,656454,7.091069988579831,6.593631712688875,6.303699710318625,4.624527104278384,4.214783772038897,6.11475977042611,B
g15298,HiC_scaffold_2,675777,677163,370.4503362322846,73.31081800456957,416.825298619448,208.53482005439048,231.1196050011085,436.18937746013125,B
g15299,HiC_scaffold_2,677299,680209,2.026005579661541,0.3794329414333568,0.7029717786811192,0.838887447958084,0.3068152159405467,0.3622328077370124,B
g15300,HiC_scaffold_2,680324,683696,66.03363986022589,31.82198207250014,24.29115338865573,19.70887577574973,16.196415669247322,24.11544172860895,B
g15301,HiC_scaffold_2,683872,685937,42.04145813363452,21.759719451353696,4.391443900239028,21.216280158906912,16.19748164232495,12.058618985707996,B
g15302,HiC_scaffold_2,686051,688386,0.0336421417189098,1.3573352009862667,0.9752828102477824,1.145370389860893,0.9178093699822932,1.195947862498805,B
g15310,HiC_scaffold_2,707985,710370,8.225232755521233,5.890983726541833,7.427679944288869,5.440134244141105,5.317173302965671,5.608780243104901,B
g15311,HiC_scaffold_2,710484,712272,0.6939691120503257,0.0443360507698113,0.0589850482342845,0.4792097877476533,0.2093797638890947,0.6230691044845732,B
g15312,HiC_scaffold_2,712786,714526,4.965399925739645,0.2796955273764846,0.1024035577610788,1.2266433550283122,1.3615034535285462,0.5491482301415863,B
g15313,HiC_scaffold_2,715760,718947,3.110595965177032,2.0351044740635147,3.020898580297516,6.596475300622954,3.201425798962852,4.377153047381484,B
g15314,HiC_scaffold_2,720890,722958,5.7668065450134085,2.08031459935926,0.3520062588444472,1.893891511335952,1.307147758136168,0.6212945984208539,B
g15315,HiC_scaffold_2,723339,725407,0.0,0.3446669828673067,0.0536690546801872,0.9746132028843922,0.9839008789326772,0.4794225262044792,B
g15316,HiC_scaffold_2,754792,757164,0.0499456243764796,0.0699055192031945,0.1409192215241833,0.0,0.059220747908031,0.0,B
g15324,HiC_scaffold_2,779586,781981,6.987046021409155,5.685664982414387,5.442904923237409,6.48084657091133,5.777349447041539,7.779618914513956,B
g15325,HiC_scaffold_2,782123,784154,15.262271590036208,5.6838549853810925,8.735276719711564,5.115724050684934,4.473517520537323,6.323603467431182,B
g15326,HiC_scaffold_2,784444,786338,23.1465365513448,16.9260228310449,22.97454602286372,14.113664513812664,12.297576245981327,16.767735740995064,B
g15327,HiC_scaffold_2,786706,787455,5.555071811524226,9.424866104842296,57.56331420735536,128.98083039845517,78.11377621026244,42.35435694132489,B
g15328,HiC_scaffold_2,787646,788594,55.41384207364781,23.6026183792669,33.42114284260471,39.10334108865271,28.350686050560697,104.07100197639636,B
g15329,HiC_scaffold_2,788801,790202,70.61343777269772,54.3246708067234,118.27317441573872,76.95971337633515,65.66054721620168,84.6324540674683,B
g15330,HiC_scaffold_2,790588,791545,2696.170953438905,5110.677896167856,4293.637664533086,2872.159065403967,2884.412934031595,2126.367822393843,B
g15331,HiC_scaffold_2,791836,793024,4.306914865929656,12.49241347751907,16.986434447873307,12.34438734135728,13.915239455906708,21.575306419871865,B
g15332,HiC_scaffold_2,793235,794953,2.671031475154942,7.213345213879612,3.2777393394039813,2.891409475720641,2.455927603632904,3.851418081121033,B
g15333,HiC_scaffold_2,795049,796369,17.595808817220046,16.309604730207276,14.82561730487213,22.98684106760889,16.853768317775526,16.17547900379062,B
g15334,HiC_scaffold_2,796470,797979,22.561343107159026,23.81373818790805,8.1544071443218,18.11438962074961,15.053600466520624,15.899737851165543,B
g15335,HiC_scaffold_2,798030,800160,272.928723465265,318.77827019531486,380.9431128361605,387.03896655753385,439.7351059406284,747.5168515561197,B
g15336,HiC_scaffold_2,801667,802258,118.18822297115167,171.44384635882443,354.6248319013001,278.4796872953506,228.32942508539244,324.57925332306166,B
g15337,HiC_scaffold_2,802480,804727,11.778302955731348,7.870929788906641,4.304672780633393,21.046019576084063,13.227240077914631,26.02413558426632,B
g15338,HiC_scaffold_2,804743,808513,3.83933408464303,2.7062464546721627,3.849578268616326,11.480649278205592,5.485114955803734,8.245830240825681,B
g15339,HiC_scaffold_2,808877,810617,2.328296274005744,0.1846142726849975,0.0413302731835287,1.3403397244300956,1.2697311430197984,0.3051219422170829,B
g15340,HiC_scaffold_2,811145,812933,0.2079314961839022,0.0221680253849056,0.0598824183931619,0.4557066472757387,0.1638317753018586,0.1187376233189697,B
g15341,HiC_scaffold_2,813040,815425,8.654387367979856,8.420571423491753,12.255879408544212,4.494235093220768,4.61966409314366,5.785772146433104,B
g15342,HiC_scaffold_2,816883,817192,0.2406352849040889,0.3982093447599978,7.12127499781951,0.0,0.0,0.0,B
g15343,HiC_scaffold_2,819489,822519,0.0,0.0,0.0124982056550816,0.0,0.0,0.0,B
g15344,HiC_scaffold_2,830556,831204,0.0,0.0,0.1085033603322023,1.4352404065307758,0.3721043578382697,1.3100331412552677,B
g15345,HiC_scaffold_2,833576,835637,3.7864605042185255,1.3085952269151928,2.0868987990605588,1.0938400572499574,1.2340700487363314,1.1334068841946705,B
g15346,HiC_scaffold_2,836077,837707,2.616767453134861,0.1052760408717431,2.2877440644688307,3.396297941490278,1.8638197228711328,2.078864425825039,B
g15347,HiC_scaffold_2,837877,843250,1.300878442713493,0.1117395843946132,2.076817040816552,1.7349355940267803,0.9865153469821506,0.9948436236162884,B
g15348,HiC_scaffold_2,843570,845043,88.49003705778429,180.89313661317664,67.01132956848025,100.04344880826922,90.97644793748016,86.04893672413675,B
g15349,HiC_scaffold_2,845454,846517,12.830380016244945,12.01248741522272,10.265457424363726,14.56003870325367,13.10241301626484,17.90275213350624,B
g15350,HiC_scaffold_2,847564,850036,19.321927450941555,9.438024121474015,7.866741350213337,6.892543744603168,7.21728283467251,11.743721682776648,B
g15351,HiC_scaffold_2,850197,852807,2.961282489207034,3.0178815995258743,2.4007341049590343,0.8918057628089275,1.194209928620015,2.014374945426051,B
g15352,HiC_scaffold_2,854113,854518,18.02956522340518,41.07658772812465,99.1190666005109,28.312607327241423,18.44418837317225,24.11723969125412,B
g15353,HiC_scaffold_2,854736,855999,16.70217195248119,18.47896562967467,20.086610648233723,18.04729621143608,16.42816990331881,19.92712615815654,B
g15354,HiC_scaffold_2,856192,861820,0.8386376908177802,0.4476253309219304,3.292959592372397,2.1933648959430254,1.8097131544101035,2.9734737098315933,B
g15357,HiC_scaffold_2,867443,869528,0.0364980933180691,0.0,0.0,0.0,0.0,0.0,B
g15359,HiC_scaffold_2,874218,875183,21.72429811828832,79.24253929982775,33.356156900076115,124.6999657637253,114.87081055251876,93.39653151992496,B
g15360,HiC_scaffold_2,875418,877107,0.0670673037808501,0.2403897132839504,0.5681566797943043,0.9805884895537778,0.7958506955920993,1.1940333134837726,B
g15361,HiC_scaffold_2,878611,879273,0.0,0.0,0.6692640508652784,0.3569017118444221,0.6002228690696048,1.0887326692016308,B
g15362,HiC_scaffold_2,885648,886155,1.951244219696773,0.0,1.1252542587426064,1.2506327766660903,1.3266835179052938,0.8368752160646497,B
g15363,HiC_scaffold_2,886595,888654,3.2845522773000573,1.2448578923976796,1.6893521055794738,1.199576825237585,1.086611502504577,0.8476711429133745,B
g15364,HiC_scaffold_2,889586,889893,2.401999021745126,2.3921477760142085,3.2563522818496766,0.8161002679496265,0.2140401387394766,1.8946387054734983,B
g15365,HiC_scaffold_2,889912,890485,1.7173719978845234,1.0592646403521568,1.738876472538022,0.5301754806744106,0.2861167006786527,1.0187703180600522,B
g15366,HiC_scaffold_2,893858,898896,0.0,0.008604061781053,0.0075429699328026,0.0,0.0057691815883427,0.0,B
g15367,HiC_scaffold_2,899343,899874,0.073296371093206,0.0,0.0,0.0,0.0,0.0,B
g15368,HiC_scaffold_2,900685,901518,5.7772849013141885,2.139351999353586,1.6230118289165412,2.2498144854721724,2.823147423832088,3.180023472388416,B
g15369,HiC_scaffold_2,901655,904262,2.649613931866414,2.910695398568663,2.5212231259797897,3.487773599702161,3.838557046017241,8.636108356365568,B
g15370,HiC_scaffold_2,905572,905977,15.591198315125045,41.05615612631623,80.11252915475382,97.70585071976168,65.56164502145195,77.99897452883569,B
g15371,HiC_scaffold_2,906195,907455,13.61286352811271,19.64921670167439,20.86237328740891,68.7269205030196,52.60289534246419,52.158705327622535,B
g15372,HiC_scaffold_2,907648,909996,3.184426225227482,1.7885289984974484,12.672646769332315,14.818435184963908,13.77061655321177,26.09847622454533,B
g15373,HiC_scaffold_2,910111,913275,1.204413707677937,0.2267035010565603,1.5396999674795215,3.055158492531561,2.041794751354769,2.8941760733201747,B
g15374,HiC_scaffold_2,914087,915052,27.06610612788592,85.51605167335589,41.475466445777016,173.65422252071738,156.3707745007199,134.42236400594243,B
g15375,HiC_scaffold_2,915287,915692,0.2839972780707815,0.6986951560635877,3.665521522520923,1.0039979856496053,0.5353524003711218,0.6554471351329929,B
g15376,HiC_scaffold_2,915712,917296,0.1195550509179482,0.0,0.3571277876580068,0.1603165091530626,0.2036385274451874,0.1675859152328674,B
g15377,HiC_scaffold_2,918556,928865,0.4959147201971205,1.0444655726228922,1.0240135428727666,2.542735988186719,1.8800075582996656,2.6534517825299933,B
g15378,HiC_scaffold_2,928937,930296,1.3768234927253578,0.6497678524777016,0.7872666607415006,1.8503356705680465,1.431959667290787,1.4460037376444743,B
g15379,HiC_scaffold_2,931121,932660,1.0236648057213245,1.203533169214528,1.0876867394631329,1.7493233333044884,1.645848524125106,28.57993175989251,B
g15380,HiC_scaffold_2,933277,934042,3.1490450499208005,1.670613950689204,0.9776259487120812,2.8144098952965937,1.4143242956205202,4.646334048300091,B
g15381,HiC_scaffold_2,934576,935185,0.1917259756181892,0.0,0.0,0.1253512591868956,0.0903175324519867,0.5231679950138034,B
g15382,HiC_scaffold_2,935343,935790,1.195597077203646,0.0917574105375386,0.078646730979046,0.4495792319122691,0.3596176344208781,0.4756440199959208,B
g15384,HiC_scaffold_2,940098,940782,0.0543540226866691,0.0,0.0,0.2277895725077776,0.0788568932198071,0.1549655438965346,B
g15385,HiC_scaffold_2,941342,943088,0.0710874393616299,0.1111119218344939,0.1298857103512393,1.5949969470276342,0.7910553664842972,1.5502218672355872,B
g15386,HiC_scaffold_2,943754,946310,0.3435041726108164,0.0,0.0820943782412557,0.0604788057461951,0.0,0.0,B
g15387,HiC_scaffold_2,946499,947186,4.187271381548731,27.53707178210352,6.007172458471201,24.894583001483863,78.2162217438463,4.867092734606322,B
g15389,HiC_scaffold_2,952601,953597,0.6503098088312105,0.6436531484153849,0.4644898555958749,7.747598735361025,7.45215838351193,7.834009038095321,B
g15391,HiC_scaffold_2,964743,965706,11.641142893634104,39.82906830764358,19.517761054404065,67.5678555340156,60.37827187405165,51.53016100475888,B
g15392,HiC_scaffold_2,965941,966466,0.0708155267003461,0.1536228417114115,0.1354522407948639,0.8249693354379499,0.6144065285203368,0.6074653626805046,B
g15393,HiC_scaffold_2,966850,968284,0.1049196845212953,0.3384177716269281,0.6463516667998994,0.8224540127986943,0.7530178253471926,1.295378392757544,B
g15394,HiC_scaffold_2,969137,971473,0.3870128029073029,0.1609665914582754,1.089064996562321,0.3062176195050449,0.3239898052434223,0.6113562110520461,B
g15395,HiC_scaffold_2,971513,976520,1.105657650612302,1.2635019768532676,2.453233405210029,1.3634973147989975,1.0798071986909836,1.070646091789993,B
g15396,HiC_scaffold_2,976592,977963,2.043550427979546,1.0279658340922622,2.286332972148513,0.2818307331018371,0.2537816130583393,0.2713876984987666,B
g15397,HiC_scaffold_2,978999,980538,2.043549128059225,0.6528278531032927,2.125517618710828,0.6924071487471026,0.4927416480673224,9.04419317169709,B
g15398,HiC_scaffold_2,981409,982012,5.3938318743646985,1.332938064246723,2.8343366182112684,0.0,0.0894496102194827,0.0,B
g15399,HiC_scaffold_2,982447,983056,0.2527738434633152,0.1346980706413129,0.059043247405041,0.4604779432106483,0.3976829001315445,1.2203859605123846,B
g15400,HiC_scaffold_2,983214,984072,0.6621510512378672,0.0956073718188339,0.0,0.352244094957572,0.2218896221673498,0.2474392430003706,B
g15401,HiC_scaffold_2,984218,985103,0.0,0.0,0.0406297600787231,0.3204082500801873,0.0621507087720451,0.2996000941073486,B
g15402,HiC_scaffold_2,985344,985599,0.1457966726183597,0.0,0.0,0.5925988891639151,0.0,0.0,B
g15403,HiC_scaffold_2,988944,989634,18.386985504447853,51.64328533667468,22.607671523035727,45.937747649436425,128.46327666481798,9.919369599278044,B
g15404,HiC_scaffold_2,990300,990975,3.1730422465694774,1.844857642221292,6.518734369970994,6.728235408462991,3.6208359095232256,4.087418217917863,B
g15405,HiC_scaffold_2,991081,992339,2.90104651365261,3.707433960949948,9.071765046383074,71.86451730271955,45.116563861112894,75.61838463031063,B
g15406,HiC_scaffold_2,993070,994085,0.4664260487533007,0.0446356186804181,0.5992565593994619,0.0561364864053895,0.0607411204530946,0.0,B
g15407,HiC_scaffold_2,997204,998659,2.5152564023392454,0.9385342472756526,0.6864487735604093,15.288757616922812,7.581822777228456,0.6569264102338274,B
g15408,HiC_scaffold_2,998760,999914,8.731515579716566,0.6480586591373163,1.803225447878828,19.219092499924788,11.722516985154437,15.395735919534822,B
g15409,HiC_scaffold_2,1000010,1004135,49.95130907633827,4.310555070959471,19.21405891449249,3.4483397534091687,5.643031106910037,2.4326746067159286,B
g15410,HiC_scaffold_2,1005060,1006372,2.812730368220524,2.5116537269426296,16.55272868332488,3.302826500343572,5.479377202650755,1.7746866203080196,B
g15411,HiC_scaffold_2,1006658,1007633,5.349089502788866,5.2552088373221135,3.438680284717684,15.566882270141404,7.687453800168786,7.677234583338429,B
g15412,HiC_scaffold_2,1007964,1009101,16.072206882637342,56.433211798269326,77.03036113492762,41.689867727032606,41.62254787757736,55.88015970167616,B
g15413,HiC_scaffold_2,1009226,1012108,4.272270282205763,3.9690971543309823,4.172914147918171,3.628302461175004,3.631599231270125,5.236092194072371,B
g15414,HiC_scaffold_2,1012219,1013241,3.132568360029161,2.6134855499967538,1.8654891151748123,5.450716269406808,3.6360493750032,3.873072327665625,B
g15415,HiC_scaffold_2,1013393,1013639,115.2977703504332,117.80036377136398,109.9104258865612,38.36811874510249,33.68898420315966,45.95737951982625,B
g15416,HiC_scaffold_2,1013850,1016040,4.309585180109391,1.1534506150779684,13.08591962664446,7.034981594813185,4.174905532999299,9.28343032247247,B
g15417,HiC_scaffold_2,1016687,1017119,0.1721210718411191,0.1835019879083857,0.2478466761272535,0.2921021221592716,0.1273226325538425,0.0,B
g15418,HiC_scaffold_2,1017551,1018253,7.399509411432218,6.203999376807008,23.5424786697803,14.918951590773654,9.717341380748818,12.477380258861649,B
g15419,HiC_scaffold_2,1018374,1019016,5.548262780078887,5.473503751510748,9.275776761664025,8.774946257450287,8.336738116180886,5.726859705049041,B
g15420,HiC_scaffold_2,1019215,1019689,64.78926206137193,59.36921505931398,94.05997095312904,96.9309410847688,82.07391174382443,110.97596784813122,B
g15421,HiC_scaffold_2,1020571,1023499,10.009157976446817,2.0838505215534764,7.738373363508147,9.372190389423146,9.061336863208798,13.339692838982812,B
g15422,HiC_scaffold_2,1023680,1026162,1.0300822368532176,0.0666270069380347,0.7346604334385072,0.2477789291078592,0.1009167330780397,0.3507688897056059,B
g15423,HiC_scaffold_2,1026211,1026550,0.2193401269479747,0.0,0.2097711693725768,0.0,0.1622518503341001,0.1567941570340535,B
g15424,HiC_scaffold_2,1029031,1029739,47.23794168559222,13.259905922106022,100.13449400743426,29.123791463864265,26.58924102631046,60.79313479253854,B
g15425,HiC_scaffold_2,1031269,1032505,11.302279782159625,67.30285076395165,41.06427999942701,54.7277337884895,50.427540236470975,46.08559283991467,B
g15426,HiC_scaffold_2,1032815,1033886,29.986845087423863,37.86021067234387,22.82611911571772,27.87367148624013,20.45888206454921,22.49706886948647,B
g15427,HiC_scaffold_2,1034039,1036484,88.20748244114512,43.622547435648464,9.904266127287904,29.00806618098582,28.64040509204961,33.116114348178144,B
g15428,HiC_scaffold_2,1036841,1039350,1.1428260415262712,1.4956586586549503,1.6144080235285898,2.0039722937356226,1.807831722395276,3.329700789551204,B
g15429,HiC_scaffold_2,1039375,1041268,15.610781898171988,28.414876948655724,33.71025803583015,46.3274575049394,56.40808929475711,49.656692273738464,B
g15430,HiC_scaffold_2,1041522,1042563,0.6612595237071938,1.9855612793727533,0.2402467491293152,0.267882757408688,0.131069337999268,0.0,B
g15431,HiC_scaffold_2,1043219,1044260,0.0357138823416731,0.0,0.1719351003134616,0.5821479192123284,0.1787898622631497,1.4275889466476714,B
g15432,HiC_scaffold_2,1044547,1045588,0.2600387990592086,0.0761506808611168,0.1711644481309098,4.399712265250967,0.2316269201529286,2.5523928423049864,B
g15433,HiC_scaffold_2,1045660,1046704,9.050203637148725,7.348612637320791,8.078969248285267,3.929300317812484,3.59121802781001,5.290799530822387,B
g15441,HiC_scaffold_2,1065589,1067847,3.995706149633525,0.5708350215080978,3.861579335129292,4.263857740236279,4.81154551854805,6.840150545878757,B
g15442,HiC_scaffold_2,1068743,1069217,30.080800925682567,64.27743355500516,62.90976376322213,62.60875015565598,59.91706839882788,73.00906732047554,B
g15443,HiC_scaffold_2,1069432,1070068,3.9462980466944697,4.407434774662548,5.0698210179821,13.35404499175954,14.334304021058028,11.488298634918849,B
g15444,HiC_scaffold_2,1070202,1070904,7.162007530054026,7.534062063248539,26.81129313653332,17.975290335762338,14.675470025368224,14.973827840799911,B
g15445,HiC_scaffold_2,1072391,1074581,5.542222526775886,1.652194781029932,15.88902009550528,8.142467672434218,4.514364767776852,10.351490437889732,B
g15446,HiC_scaffold_2,1074792,1075038,102.6713405332273,94.89960903173986,107.9906743286834,97.83168963855816,81.2858622358149,93.22000034255603,B
g15447,HiC_scaffold_2,1075190,1076219,2.3142107086142163,2.7819875294720138,1.301525135903912,14.03008908873477,11.879305481608451,10.956548258239511,B
g15448,HiC_scaffold_2,1076469,1079212,4.299025663901834,3.4920393322729435,4.619166320760801,6.770347743034641,5.6751263861127805,9.1672784711873,B
g15449,HiC_scaffold_2,1079337,1080474,32.97208117014985,57.06586852001766,84.71691189045093,27.61882624371839,28.64044646769585,34.78303190232417,B
g15450,HiC_scaffold_2,1080803,1081778,4.19263812200925,5.660321822717031,4.1631015879390345,11.732087873052322,5.899896113586578,5.390419045024451,B
g15451,HiC_scaffold_2,1082064,1083377,1.6187625728710435,2.680204499092836,7.237301905519584,1.5885014268886168,3.5338176814818048,0.979125115955494,B
g15452,HiC_scaffold_2,1084310,1088441,38.01900218654314,2.990059963925618,12.372136987423913,3.409239505465682,5.0483428105431605,2.1340685675661115,B
g15453,HiC_scaffold_2,1088537,1089691,8.418826475404805,2.723712525519658,3.2957084714518654,12.383172680664476,8.845984187141983,11.727834486022456,B
g15454,HiC_scaffold_2,1090876,1092355,0.278866876105558,0.1654592575656593,0.2171800488579585,11.429318479366962,4.136614265707399,0.3230283706715214,B
g15455,HiC_scaffold_2,1093069,1096504,0.0135885056716672,0.0,0.0,0.0091098684078921,0.0,0.0,B
g15456,HiC_scaffold_2,1097044,1098059,0.1295257856066064,0.0461886965205853,0.2789303142764727,0.0298307622937314,0.0309703700806643,0.1197144577354598,B
g15457,HiC_scaffold_2,1098779,1100042,3.940966220650637,4.797647439171168,14.20411974268144,38.43087370007238,21.61029060518314,33.92762005258514,B
g15458,HiC_scaffold_2,1100148,1100823,1.287459640250615,0.3017758213767857,2.208821048884838,6.28281271732113,2.9815693618213213,5.505755935117142,B
g15464,HiC_scaffold_2,1128266,1128827,0.0,0.0731115196261671,0.0,1.9246000971432369,2.1171190578833694,3.121686589563689,B
g15483,HiC_scaffold_2,1176843,1182493,0.2017119457504792,0.1783241069140569,0.0710410673377317,0.0658434354492837,0.0928683519553977,0.0970732113087935,B
g15484,HiC_scaffold_2,1182839,1185332,1.1752845538611032,0.9753728398867554,0.8415815492375482,2.59260612237144,2.58268983026222,4.443877725417963,B
g15485,HiC_scaffold_2,1185502,1187251,11.966511136140284,22.256322883110087,24.46573504454536,19.98707372324062,22.23437699437845,23.03299152723255,B
g15486,HiC_scaffold_2,1187507,1188548,0.1835902230421139,1.584935639878863,1.9841204243899608,0.1466645856768865,0.1828830891638675,0.7133477781597746,B
g15487,HiC_scaffold_2,1188837,1189974,0.0653969243934595,0.0,0.1574181525297392,4.1517079232683205,0.405573555789128,7.657509002087993,B
g15488,HiC_scaffold_2,1190166,1191207,0.4759956968871636,0.2324264896210118,0.4420990868466687,4.332506522933961,0.1046508090543785,2.959977601713996,B
g15489,HiC_scaffold_2,1191296,1192337,3.527843530703106,7.769091019168087,7.832858246062237,4.729237477094296,5.289095845689872,6.119429529879898,B
g15504,HiC_scaffold_2,1223264,1224986,1.8408854290773249,6.2342323765293255,11.075526271286828,2.8356052601667416,9.945345024213696,1.2027383922671722,B
g15505,HiC_scaffold_2,1226652,1228485,1.147235757438028,0.7107714503406839,20.688585518031463,0.4632399274468395,0.5331574703370088,0.7241028088621444,B
g15506,HiC_scaffold_2,1229241,1230276,12.77095185706306,0.2720699566025938,14.9635422506797,20.81191307094176,8.482439345356408,42.9263702828609,B
g15507,HiC_scaffold_2,1230458,1231077,2091.3634691070365,3256.690131656749,3349.037633719639,1692.9049230784444,2157.779970127868,1888.8948676897,B
g15508,HiC_scaffold_2,1231187,1232049,24.065196886422346,18.30579664437454,24.012360479649928,24.33374071335928,41.46510274325571,27.77299253577239,B
g15509,HiC_scaffold_2,1233046,1234106,0.1930479011988289,0.0400367973618296,0.0,10.881524133041172,2.730603355477654,5.520688270547767,B
g15510,HiC_scaffold_2,1234779,1235673,0.3346391875551057,0.0443360507698113,0.0,5.883045197144165,2.73526245237267,5.342672904313609,B
g15511,HiC_scaffold_2,1236378,1239841,0.1620156396229924,0.0680607526569544,0.1048491004217485,0.0,0.0334638307983774,0.0,B
g15516,HiC_scaffold_2,1250544,1252734,0.0177718598404074,0.0,0.0,0.0,0.0,0.0,B
g15517,HiC_scaffold_2,1255923,1256713,3.381840948652965,1.541305012469961,0.9776800576366372,1.9425570896715136,0.960398123744326,1.7469234794541144,B
g15518,HiC_scaffold_2,1256820,1257414,0.7716049982186122,0.2738773012105229,0.4223890820970599,2.572968777523955,1.5881891930818792,1.7875830958172534,B
g15519,HiC_scaffold_2,1257708,1258284,705.5007337473234,1009.2907076333604,616.5838624225291,522.8918320044838,478.19859050158215,389.56066257074167,B
g15520,HiC_scaffold_2,1258681,1259820,2.0965639608936204,2.4437833191559024,0.5667719822465653,3.6538188610966458,2.652445544334745,1.7910212453485608,B
g15521,HiC_scaffold_2,1259847,1260916,1.47851083244591,0.3225189101123452,0.1788977816308003,1.1106329030262945,1.1605833871860374,2.18429910772089,B
g15522,HiC_scaffold_2,1261519,1262764,4.554861598734165,0.292067092453208,1.0287758429184743,0.574381594757469,0.6931805938936304,0.4264354855082122,B
g15523,HiC_scaffold_2,1263203,1266245,0.3449122886101967,0.625172159325796,0.4311937739246001,0.4209031375310705,0.3791798941551287,0.2141191592496009,B
g15524,HiC_scaffold_2,1266439,1267208,14.301565281238002,23.25144321043323,15.39243905935341,41.51700109566372,36.69217639696917,37.30406963681885,B
g15532,HiC_scaffold_2,1287184,1288399,2.014629794191809,16.144644505980445,10.395099054482884,1.2486995356110298,2.239095012158008,0.941608479928464,B
g15533,HiC_scaffold_2,1288604,1294637,18.93763442590924,1.0810129452262447,1.2063644983533846,1.963886332671413,0.9220094641534092,3.74512886161488,B
g15534,HiC_scaffold_2,1295002,1296377,85.41103672096901,75.95473450930731,72.80650226040072,6.138953353833897,25.75075072785909,16.027443084567327,B
g15535,HiC_scaffold_2,1298130,1299281,1.8784662669419496,0.2608611762726247,0.9260339182433132,0.2406368216407122,0.121202864215756,0.0264839159115815,B
g15536,HiC_scaffold_2,1299719,1301069,0.1198903977174135,17.275744578137996,26.55817898523839,0.4805076344002473,3.158887262605317,0.786535175589049,B
g15537,HiC_scaffold_2,1301445,1302167,0.1946334640650444,0.0,0.4887451987443544,0.1793707056950059,0.0454234129393782,0.0,B
g15538,HiC_scaffold_2,1303213,1304255,0.5302836740691544,0.0,0.466534919768948,0.6415217523967794,0.6105569329516778,1.619204901856301,B
g15539,HiC_scaffold_2,1304390,1305998,1.9934332331194184,2.7526154369169964,1.350083723901026,9.391254200236403,3.5602593421114945,3.5321171001242284,B
g15540,HiC_scaffold_2,1306032,1308529,1.2665694430025132,0.0174763798007986,0.0158542053217239,0.1009774032338881,0.0830029855457506,0.0467356402227644,B
g15541,HiC_scaffold_2,1308683,1312048,12.935365851862633,7.212208611819234,4.636869061120015,5.374910633517839,4.257784470547804,4.633455807963498,B
g15542,HiC_scaffold_2,1312166,1312496,6.543108278068195,41.3808281753356,26.00692269848085,80.23381785005198,49.6353420697411,51.14897947530844,B
g15543,HiC_scaffold_2,1313705,1317365,74.41663064033969,15.096670479711332,23.55348809569256,8.385322069315869,7.211618217382647,12.083464633644423,B
g15544,HiC_scaffold_2,1317726,1318713,1.0346831877462144,17.971915011480792,5.451490176166107,18.88348869569422,16.478155577101646,13.49770783014321,B
g15545,HiC_scaffold_2,1318828,1319791,8.12071907883804,2.009288687269033,1.2566165400495626,8.8032471121708,4.828332581646713,6.31262940187525,B
g15546,HiC_scaffold_2,1319884,1322750,1.7019921051953937,1.0668252896625805,0.5649149245566663,2.0846061503034523,2.0137832933997286,1.1584498566065398,B
g15547,HiC_scaffold_2,1322955,1324195,2.8974505170920324,25.535346547230127,30.50945264740164,0.7037948553517094,1.689967048428662,1.0169197596417716,B
g15551,HiC_scaffold_2,1332048,1332816,10.921183009587384,21.645701601328213,15.843471217270586,39.22659246694842,40.17875505243708,33.55005269445963,B
g15552,HiC_scaffold_2,1333010,1335944,0.6731687783595455,0.5478947871443585,0.618462933546113,0.3472718595431104,0.4859003505279597,0.3981359227622825,B
g15553,HiC_scaffold_2,1336262,1337732,4.251280014682306,0.6872235363362186,1.454002746346455,0.5585469068982197,0.533129632928854,0.758066370926718,B
g15554,HiC_scaffold_2,1337950,1339405,2.2880897897860786,0.5242241169969032,0.3443271344393613,1.1863746643356237,1.4021037854714928,1.750738446383476,B
g15555,HiC_scaffold_2,1339432,1340571,1.4522624423506625,1.454038990607516,0.4147741197814771,1.620783797129925,1.3932368227386185,1.6343771965378229,B
g15556,HiC_scaffold_2,1340644,1341519,87.99128061504045,129.42148152885207,64.3928027374869,36.63068276923639,31.20218148222579,31.4360274946284,B
g15557,HiC_scaffold_2,1341820,1343766,11.26830242711726,3.1606554914562697,2.1579911276135304,5.677794375577265,4.002745566095376,4.171808442472395,B
g15558,HiC_scaffold_2,1343857,1344595,8.280190730108643,0.5616764871741782,0.6285086084806953,0.4533890377497924,0.7553952959365953,1.965904006536392,B
g15559,HiC_scaffold_2,1344683,1345907,8.983591387346683,0.0590332626922711,34.60239653488635,31.60644325418425,34.55412269070446,62.87393625998554,B
g15560,HiC_scaffold_2,1346022,1347084,1.8786020613960628,0.0703441060156153,4.958142527543775,3.7512400516520175,4.426576347277333,10.091886481828602,B
g15561,HiC_scaffold_2,1347478,1347945,166.03978366247696,91.08903796924852,100.48596386118496,167.9113984558401,141.30970800520805,261.3945290329968,B
g15562,HiC_scaffold_2,1348605,1350801,3.193397353427231,3.681934314903626,6.306656438484228,4.48230518825348,3.0741286287344307,10.031905915073237,B
g15563,HiC_scaffold_2,1352074,1355448,0.0,0.0170800491102268,0.0076148533819716,93.55526715057373,82.9768424088451,81.56936897414809,B
g15568,HiC_scaffold_2,1365436,1365778,0.1138022603815567,0.0,0.0,0.0,0.0,0.0,B
g15576,HiC_scaffold_2,1394096,1394438,0.1087080453733383,0.0,0.0,0.0,0.0,0.0,B
g15579,HiC_scaffold_2,1405559,1406615,65.57081941313135,706.8467618497939,290.0150334087809,42.292801265393706,22.84633610710896,4.774143617179329,B
g15580,HiC_scaffold_2,1406670,1408693,0.1861737604114351,0.1956267286543286,0.4344477157498466,1.0738807874194785,0.3130761229307959,0.2920177087335299,B
g15581,HiC_scaffold_2,1408795,1409690,0.6936063437203372,0.0,0.0936389001814323,0.1663453564136013,0.0702319205238907,1.4509864131019212,B
g15582,HiC_scaffold_2,1410105,1411533,0.0532902833110462,0.0,0.073855228461415,0.8356917616578692,0.1710920243570968,0.2601208135532856,B
g15583,HiC_scaffold_2,1412308,1413742,18.419629296106223,0.0,0.1994799187679826,1.165793484730321,0.8414807403744115,1.3701597440829725,B
g15584,HiC_scaffold_2,1413811,1415125,1.624233737423514,0.0,0.0820943782412557,0.1742897644858891,0.1617630692135897,0.8882806530083417,B
g15585,HiC_scaffold_2,1415557,1417153,82.85440460906949,182.6773232897092,351.4101262199714,118.67222807409784,129.3006958744853,380.6494253270797,B
g15587,HiC_scaffold_2,1419142,1420222,0.0344242143682238,0.0,0.0332938311756203,0.0,0.0244781725284427,0.0,B
g15589,HiC_scaffold_2,1429345,1431016,1.4931058154552923,3.823719982386408,4.946585773757038,1.0321527773410817,1.884811958493328,2.732439703545901,B
g15590,HiC_scaffold_2,1431629,1432475,3.3048338922374336,18.10234392436241,8.113894529048329,3.959245436708053,5.182944580699525,3.1352137732643164,B
g15591,HiC_scaffold_2,1432910,1433750,0.2295948139519659,0.3319454033804139,0.0846576504967899,1.778604943057373,1.7588562128685217,1.957916347419384,B
g15592,HiC_scaffold_2,1433840,1436818,1.2296737597679055,0.0,0.0120435384541396,0.5855005554671264,0.1108697121528224,0.1637783373302633,B
g15593,HiC_scaffold_2,1436855,1437170,4.601131459875969,0.3818680040847695,0.0,0.9693830710453262,0.4263893849378234,1.346970585856436,B
g15594,HiC_scaffold_2,1437280,1438126,5.678981713142639,1.7408722595804216,0.7685171756820129,2.887962158065028,2.3291350150344794,1.4853826774768697,B
g15595,HiC_scaffold_2,1438588,1439370,29.79642321109557,221.3572017095215,100.58572365553474,144.70013887660335,127.59796464363734,98.83287366721024,B
g15596,HiC_scaffold_2,1439489,1440973,17.907138782173362,47.27183953240925,36.71316800140455,56.3290753021906,42.67751966508064,46.38554337546303,B
g15597,HiC_scaffold_2,1441083,1443823,7.240634679572033,1.8032931553837377,0.8521732661702573,3.076913467625469,1.0572112909319114,3.653817001816503,B
g15598,HiC_scaffold_2,1444353,1446483,0.3753720528325669,1.2987316175074453,1.7207983497680748,1.634641828086936,0.9527886544546604,1.1568920847713056,B
g15599,HiC_scaffold_2,1446556,1447612,3.9319496183599023,2.262112559332192,1.6606508115169047,2.5804589251708965,1.5101676236243589,2.5887157084186687,B
g15600,HiC_scaffold_2,1447667,1449173,8.367958707125146,8.986961603322541,5.392600990816243,7.504254447689517,5.633511190179453,9.127844198470203,B
g15601,HiC_scaffold_2,1449428,1450379,4.468266903352342,9.184943312389583,6.183821803957079,11.570848702003511,8.946765251460725,10.716254255115649,B
g15602,HiC_scaffold_2,1450672,1453318,8.29278825236003,2.553439645795346,2.0014286764963787,1.936136371449021,1.6987870314264553,2.0341109317381134,B
g15603,HiC_scaffold_2,1453399,1459044,11.300187476076612,9.78777247844376,8.306274518969191,7.188815201220509,6.4094143481629935,9.819526464394158,B
g15604,HiC_scaffold_2,1459205,1461630,11.858375464742268,11.211539904861528,6.142070432725552,16.34701967009068,13.20833332515038,12.16350682749145,B
g15605,HiC_scaffold_2,1461793,1463419,19.05979806866829,23.670487087246983,15.484103204941931,14.56296729214791,11.98924346768235,10.903059476524636,B
g15606,HiC_scaffold_2,1464087,1464531,3956.6853248284815,6264.3454408678,5435.916016167346,3416.326903264535,3964.585950549919,3786.1198449734015,B
g15607,HiC_scaffold_2,1464833,1466477,9.815311223551424,10.476281346888562,5.503725901679026,11.98502640024883,9.33114652995247,9.5872235953206,B
g15608,HiC_scaffold_2,1466500,1466848,21.760558348562448,14.27891341106508,6.569042762471805,10.234358178365332,7.551879198110036,7.017092012501279,B
g15609,HiC_scaffold_2,1467242,1467695,0.0,0.4267301158650322,0.0930028802847449,0.5399263242604904,0.3525063332129697,0.1406169821019686,B
g15616,HiC_scaffold_2,1484923,1486052,0.0,0.0,0.0355101906541753,2.1182133065090927,1.4421839929806644,0.965169616612485,B
g15617,HiC_scaffold_2,1486189,1488225,7.831188090876463,9.166587708041614,4.961745540653636,16.40615824150416,9.854358055397206,10.55596851175915,B
g15618,HiC_scaffold_2,1488249,1489942,11.400774680956982,13.624494699138598,7.996738603094739,15.553858870454352,12.523534333080638,11.12444897340962,B
g15619,HiC_scaffold_2,1490295,1491441,26.90057097286134,15.97195877974806,9.689326140563557,13.529648794159613,12.857157489568142,12.0909684749107,B
g15620,HiC_scaffold_2,1491737,1493657,5.380330679380608,11.802821649852673,10.414778082686924,0.8399089722602641,4.221682769044263,1.2452941907410997,B
g15621,HiC_scaffold_2,1497080,1498911,17.08244778524502,8.435698567107007,8.967662497594898,14.615653696738027,12.689036671399624,13.541088660136111,B
g15622,HiC_scaffold_2,1499086,1500793,83.89157952089381,13.477353495654636,66.15599385608911,9.202735599693836,17.241494539670615,23.78508579085303,B
g15623,HiC_scaffold_2,1500871,1501545,12.491578453551895,12.426493507199645,8.043469914647728,26.94179497970295,25.676465430048523,25.65168478154377,B
g15624,HiC_scaffold_2,1501666,1502488,14.689466350466294,24.704268931075585,54.550903212663336,31.565856798495204,29.457281178176324,29.936742106563216,B
g15625,HiC_scaffold_2,1502559,1503060,0.5229326989153349,0.1582292590347757,0.4258229126784645,10.233754676535272,5.440065267564766,4.980241995179619,B
g15628,HiC_scaffold_2,1510052,1510754,1.172572646705741,0.1693864503769714,20.20738152855704,9.392192241888322,10.09668562108632,13.761916851915917,B
g15629,HiC_scaffold_2,1511381,1512902,1.4394707410578194,0.499663263633371,2.973872743101988,8.2609932637625,5.648049762552244,9.17801857509666,B
g15630,HiC_scaffold_2,1513136,1513520,0.0968181029106294,0.0,0.1830994205605915,0.5396416262399646,0.1404638410477815,0.4144522168223277,B
g15631,HiC_scaffold_2,1515021,1515570,4.565785328743118,0.9385675447117432,40.627118970178905,21.27584814875164,24.24165911583981,35.86027988963701,B
g15632,HiC_scaffold_2,1516284,1517817,1.3300588190120064,1.5434650987252687,4.686733082135532,6.546898758373567,7.021521259398231,10.21206076466926,B
g15633,HiC_scaffold_2,1518050,1519970,0.2868205586616568,0.0646597543037705,0.8915699033214597,1.6698058511549885,0.7039231968985074,0.8948231382076446,B
g15634,HiC_scaffold_2,1520231,1520837,1.4369265325115117,6.722137223489826,68.1221581561676,22.43247193196284,20.41818202958508,3.855728714872826,B
g15635,HiC_scaffold_2,1522162,1522768,1.6967016376844164,21.96652815613405,140.83470868354198,37.317159587364046,31.53108181803884,6.39476056273925,B
g15636,HiC_scaffold_2,1523114,1523832,426.8727966036527,107.84272145948236,118.26435034202456,148.95109829891868,151.6922763845945,216.6914073975433,B
g15659,HiC_scaffold_2,1671603,1673316,0.0,0.0239437025745941,0.0,0.7448728664936477,0.3907955380474304,0.371627907203208,B
g15663,HiC_scaffold_2,1683968,1687928,7.55763903774444,8.61091994333255,9.862451123110676,7.8547281673354465,6.056923475108668,8.808268733966205,B
g15664,HiC_scaffold_2,1688000,1688471,40.40930578945243,8.773250571932547,9.768133460831672,11.104154985110998,9.094026452553232,15.209988008061217,B
g15665,HiC_scaffold_2,1690617,1691217,0.5750944880933329,2.0025084662415926,0.9481656855640476,2.542022033239248,1.5545529294691969,0.6190875362568198,B
g15668,HiC_scaffold_2,1695016,1696144,47.02802380552375,24.94731952259644,53.98827759588332,35.35394901273948,40.72080067216841,64.79037592339517,B
g15669,HiC_scaffold_2,1696810,1698468,3.357681335589653,0.0352367375517867,2.8995123570402,4.69137125150862,6.905532236153661,22.43459886914848,B
g15670,HiC_scaffold_2,1698759,1703427,14.8411987789676,6.927663250621039,5.117631886568926,4.268307047236048,2.8012145092382497,3.547676503403681,B
g15671,HiC_scaffold_2,1703495,1704179,58.837010884741375,182.7004641134116,83.13862540778621,104.8490528819232,73.78513363734393,52.37134767622081,B
g15672,HiC_scaffold_2,1704951,1705992,6.955239829492859,2.425242760709589,1.981808467842305,0.0718288183400373,0.052837057889779,0.1018217406582417,B
g15673,HiC_scaffold_2,1706401,1707357,1.553257960661596,0.2392821103874401,4.600553993820441,2.0268728887960568,0.6809929263261667,5.5992003975340765,B
g15674,HiC_scaffold_2,1707664,1708569,0.1326156867325139,0.2527067674090386,0.9472973387764988,0.3360139125540816,0.0747975963751991,0.779928257965377,B
g15675,HiC_scaffold_2,1708659,1709721,2.0813009939196534,470.3471784869423,387.3691207824801,42.961507275458416,71.25803154874973,13.339443509629833,B
g15676,HiC_scaffold_2,1710352,1711679,55.4532420288454,34.636501942779546,9.543592789624604,247.1422387185322,163.32366278671765,190.69447887668568,B
g15677,HiC_scaffold_2,1712324,1713228,44.17297658141506,14.543364354345474,12.091566411109788,70.41263967522795,45.32428958221583,72.96594639466178,B
g15678,HiC_scaffold_2,1713433,1715004,12.00694606167907,35.73206309854114,31.99578534496701,32.55845240734265,21.596877494534017,27.95199602108352,B
g15679,HiC_scaffold_2,1715235,1716082,49.37992184249505,25.619752344983496,11.65140251876945,100.24849227653716,84.84245524508937,85.28153092754323,B
g15680,HiC_scaffold_2,1716232,1717384,82.54898514574381,50.71356304864695,19.707739368339126,28.615273532562725,21.69178463515339,22.25061115675626,B
g15681,HiC_scaffold_2,1717471,1720229,55.063500941746746,55.16907368006349,46.01378501967804,23.13583032241529,22.660175571492445,30.182627839392648,B
g15682,HiC_scaffold_2,1720352,1721594,1.812879025325791,0.0330238023432204,0.400794673849537,0.0802724636521513,0.0859991687792144,2.2642194173342207,B
g15683,HiC_scaffold_2,1723265,1727618,53.62183657680453,30.75233874161402,18.535309663055862,26.3715570715676,18.52294915948807,23.82841262022174,B
g15684,HiC_scaffold_2,1727685,1731760,0.4535063577774765,0.1401710771071109,1.0229029140325467,2.362563852959904,1.5531583327837089,3.4956959647828225,B
g15685,HiC_scaffold_2,1731964,1732820,9.704725373824466,13.174441752368452,13.965156020816185,22.54933683999896,16.815412795392934,16.56244997530645,B
g15686,HiC_scaffold_2,1732954,1733826,13.122570581751551,5.897793852273376,4.552145646654933,72.68497705067784,12.204662864719502,28.66076772547808,B
g15687,HiC_scaffold_2,1734201,1735101,9.898540789174238,46.366387494748864,24.854553075932376,29.4697885421254,26.676558826367167,31.73295020967604,B
g15688,HiC_scaffold_2,1735427,1735670,960.2962797104778,2848.552272391439,3490.3056446399387,1233.7225201529368,1634.2955808196702,1287.9611689597416,B
g15689,HiC_scaffold_2,1736074,1739309,29.099699577952475,4.225394217420716,11.068861488479351,6.690338381814652,8.250802976404742,13.538858265509006,B
g15690,HiC_scaffold_2,1739579,1741691,96.283799768742,3.0479764877467765,7.535096672882526,7.664507122390091,12.871084410323553,23.98481433891503,B
g15691,HiC_scaffold_2,1741793,1742681,1.0741496502267935,8.560378157812405,8.587699159925954,3.752860242721483,3.3359631460872743,3.824229626776479,B
g15692,HiC_scaffold_2,1743135,1744554,1.4168520970343743,0.1955285452554469,15.198454479362788,3.6012187096728936,3.618310981006367,8.312448607054915,B
g15693,HiC_scaffold_2,1744718,1746177,16.60173053720868,0.9365369198157518,39.76554390280296,0.9266446521004752,6.1107162907810615,0.113575254774667,B
g15694,HiC_scaffold_2,1747198,1748653,3.3273175458287696,1.4082752998214063,51.83430501098796,30.326611691474405,105.55806421025234,0.2189754700779424,B
g15695,HiC_scaffold_2,1750469,1751975,16.076360834652537,0.0,0.1183148675327205,0.8069584813992061,0.9276657885235672,0.1411772091222952,B
g15696,HiC_scaffold_2,1752366,1753776,12.06511813613011,4.629032893714703,5.622576008614391,5.549113188880291,3.5417547398434235,1.6192257982514393,B
g15697,HiC_scaffold_2,1754897,1756075,167.60263866455838,35.89484606440789,31.404614477495528,73.13668141909477,56.43182478354319,60.059383365179386,B
g15698,HiC_scaffold_2,1756325,1756748,10.970959307297456,30.461690895105367,10.842910554638184,38.13101432204737,35.33468832561368,36.473556040075,B
g15699,HiC_scaffold_2,1757465,1758202,0.8159653024774725,0.2675024606915127,0.4120934792695593,0.5063941415908421,0.75767178064443,1.0562331865388956,B
g15700,HiC_scaffold_2,1758532,1758844,320.79171249657134,1043.466524707777,989.0352354706836,858.4303971931253,907.138312614947,631.3522146578089,B
g15701,HiC_scaffold_2,1759031,1773211,0.2286992220178932,0.388155785802984,4.692891654137952,1.8808098295209987,1.3498361834445505,1.6431183897198662,B
g15702,HiC_scaffold_2,1774499,1775546,3.621375315639808,24.803171623060017,42.770202256345954,29.23687065445517,80.46750130430517,16.011926088250732,B
g15703,HiC_scaffold_2,1776128,1781099,1.3058971972540734,1.270155340978816,1.610251527060521,3.921735609419524,3.0881226148161294,3.641769724696357,B
g15716,HiC_scaffold_2,1815477,1817247,26.25664985105602,5.437746478649737,34.69643336430671,7.729655365856294,8.427922075678174,7.224810948028915,B
g15717,HiC_scaffold_2,1817705,1819499,7.741229473333532,0.0228626323914603,0.0988739919633448,0.1459124499791827,0.1786136582337531,0.2072254895194818,B
g15718,HiC_scaffold_2,1819545,1822755,1.6882450895527472,3.103498837381614,5.168490989447575,1.499252107916125,1.624927793406259,1.6534491471520094,B
g15719,HiC_scaffold_2,1824263,1825700,1.818318674623928,0.0846677483707521,0.0244642232064255,0.5659278833515521,0.8014474630714306,1.586860346235074,B
g15720,HiC_scaffold_2,1827188,1828574,6.954120904487099,1.781277141556583,1.1281898501144605,3.0902160682806654,2.2533076163864587,5.435647071667844,B
g15721,HiC_scaffold_2,1828936,1831285,0.3964223113984051,1.236045852850438,9.425581297804412,1.140827988767279,1.5884705377225314,1.0402290560109568,B
g15722,HiC_scaffold_2,1832300,1834960,2.246448434918048,2.8833871955725145,2.753688978376605,5.657631109036869,4.624909452209042,7.718090386357726,B
g15723,HiC_scaffold_2,1835050,1836748,14.80696566720538,13.465910628472589,10.523803956193214,45.43640670852455,59.90543097879093,127.29530655428177,B
g15724,HiC_scaffold_2,1837077,1838781,9.235161145432365,10.049124970361422,7.088513567357455,5.8123820574218765,7.55838708373895,12.710999346876946,B
g15725,HiC_scaffold_2,1839016,1841378,5.257453359565166,0.882119054110282,1.2851117666297116,0.7385393638983351,0.8441391552754588,0.7164542478984983,B
g15726,HiC_scaffold_2,1841522,1843182,93.45057611095083,0.7048238992377498,0.1990028373875227,1.8633229349014733,4.487074094769607,2.151622398692288,B
g15727,HiC_scaffold_2,1843516,1845148,22.408627210476112,1.2044303327803425,1.549573227258258,8.780661318657597,5.8614159358871785,5.0718945451761845,B
g15728,HiC_scaffold_2,1845281,1846916,5.889343541390364,1.3961600845279565,1.8316479503040457,6.305127833612419,5.905032077717576,3.829119040521983,B
g15729,HiC_scaffold_2,1847704,1849399,5.217871293428208,0.5419076941234232,0.9008327703049768,0.8778082334149183,0.5590828494951525,0.5950862181008286,B
g15730,HiC_scaffold_2,1849568,1850075,2.398095012934863,0.7144859901029106,0.4885406687919287,2.2431127572151657,1.4330703324266905,1.779200581396366,B
g15731,HiC_scaffold_2,1850134,1851226,1.1458517413396032,0.8124284898199652,0.3577996527785269,3.229967099916341,1.9583745496974263,2.090758585654331,B
g15732,HiC_scaffold_2,1851500,1853231,2.8629154846470417,5.712579400177255,2.427991564944678,3.7342580029619374,7.427906687434001,6.899505480212552,B
g15733,HiC_scaffold_2,1853630,1855376,3.0329534548577306,0.4830458660532562,1.015921773094162,3.5093600210143343,1.5131170508901182,3.132240239819436,B
g15734,HiC_scaffold_2,1855599,1858404,77.54697523522489,38.81409719983399,4.861112967757356,25.34087587408444,25.763076596101943,14.928794536326524,B
g15735,HiC_scaffold_2,1858502,1859366,2.9132748549500413,2.979129716598811,2.7863347942151013,8.351764210052874,6.138940654427797,3.563132668274931,B
g15736,HiC_scaffold_2,1859755,1860697,161.45081253078496,0.1262306668414373,0.2654956112989566,3.625662232224808,5.386883073953685,4.167949124360424,B
g15737,HiC_scaffold_2,1861039,1861918,25.31598741442464,0.045092638666907,0.0799888253643539,0.2375284430363901,0.3970419269668885,0.6644657550537753,B
g15738,HiC_scaffold_2,1862236,1863166,6.972737721955651,13.73143973252816,23.47906038142191,2.717467078716296,4.0724579921230095,4.397857874263626,B
g15739,HiC_scaffold_2,1863875,1865186,3.1212037462649103,5.532542134535412,26.07275384936541,11.424090647815405,12.015003685143649,12.06249336159717,B
g15740,HiC_scaffold_2,1865844,1866387,58.03603099777988,124.35801881375336,166.43780409456815,78.52900570467628,102.4540829364642,102.43539972408792,B
g15741,HiC_scaffold_2,1866905,1868306,2.4774549351022337,1.0342452447742343,4.297382328074004,6.06167107295435,5.358165745383667,7.50117565502546,B
g15742,HiC_scaffold_2,1868469,1869486,16.095126025189128,33.84781718418185,31.129749965603395,8.35506049564166,17.718658981475443,8.506651397278755,B
g15743,HiC_scaffold_2,1869739,1870228,3.5293591294310933,2.2475700829655616,0.1007208338085994,62.83149995489457,38.86764376482701,31.36512292645663,B
g15744,HiC_scaffold_2,1871599,1872847,0.0921625782200853,0.2267400145879431,0.0851502525360073,0.6753672429476723,0.4940383846264519,0.4251619976072641,B
g15745,HiC_scaffold_2,1872981,1876350,0.6966039509895291,0.6942439195773942,1.379827268545552,0.7154088529496829,0.6617325738734628,0.9925802063278132,B
g15746,HiC_scaffold_2,1877307,1878867,1.014342431788314,0.0,0.0,0.0941064416331273,0.0249788270950317,0.0,B
g15747,HiC_scaffold_2,1884969,1885797,0.2694068950556647,0.0478700838021875,0.0424578366517313,0.6773697280562434,0.5211412073656823,0.1283894184409279,B
g15748,HiC_scaffold_2,1888315,1892426,0.0,0.0,0.0088849364145465,0.0130910387530681,0.0,0.0,B
g15751,HiC_scaffold_2,1902819,1903647,0.4146310040135132,0.0957401676043751,0.3406315928781461,0.5512903189807683,0.3550682083824095,0.5770035751487683,B
g15752,HiC_scaffold_2,1904040,1905528,79.46007450951578,47.31838663879552,27.711898190373283,55.88243951177184,50.9999435114952,39.00982507629437,B
g15753,HiC_scaffold_2,1905799,1907927,73.99864948408614,51.08147450556631,58.79685716040841,33.93574889955029,45.97348166686075,48.91617502096695,B
g15754,HiC_scaffold_2,1909797,1911985,0.9484893940248588,3.298161933496368,2.910421259594394,9.327558809112258,7.864142481009214,10.53498165676897,B
g15755,HiC_scaffold_2,1912172,1913275,67.85453634443985,38.91405198362504,22.89663619851818,64.37101101645979,34.80360795111025,47.90617262044073,B
g15756,HiC_scaffold_2,1913418,1915877,39.84225024408536,22.795891450550783,8.016185070199676,13.487342167204716,15.605026883268394,13.994615587767075,B
g15757,HiC_scaffold_2,1916098,1917805,68.60415886791316,106.22519535457457,82.40916747315512,136.86002077282183,101.44616703095672,115.27582147885684,B
g15758,HiC_scaffold_2,1917985,1919821,0.7395159843986477,0.2775479509690356,0.2464048039407607,0.8011362240763515,1.1404332207221577,1.2868694402817744,B
g15759,HiC_scaffold_2,1920218,1921144,6.01121928470794,1.0679105142562235,1.358683982888374,1.5396704650837014,1.2253199536931394,8.56793519014592,B
g15760,HiC_scaffold_2,1921307,1921511,7715.637176490154,10177.872392438418,7137.834443456744,6211.785750625068,7128.852426196906,7393.957000796271,B
g15761,HiC_scaffold_2,1922010,1922678,2546.210487690637,3072.275180902496,2822.628188693624,1527.747521732821,1941.0596799685727,1611.192747913694,B
g15762,HiC_scaffold_2,1923044,1925027,164.90701167553033,46.82063168847863,56.124640340714095,86.8097923314038,104.52994318880596,113.66933462104905,B
g15763,HiC_scaffold_2,1925408,1929564,1.8460292061643224,6.303729629297968,10.16436541153279,8.642692813739824,10.236896544136831,10.626806631406115,B
g15764,HiC_scaffold_2,1929643,1932040,43.19805302973669,23.32689144197996,6.275797270958211,28.467395521130225,24.044419578940484,21.944279814312555,B
g15765,HiC_scaffold_2,1932216,1933197,2.90807702399605,5.2100489165531805,10.58431855845908,9.641625531657818,8.084641614747195,7.846693770896315,B
g15766,HiC_scaffold_2,1933381,1935121,19.651294487558253,11.836713793389189,30.25029713234433,16.132625960494174,22.714134900170823,46.628084608231234,B
g15767,HiC_scaffold_2,1938118,1939105,66.79483134300484,47.8476211874453,156.4932357839753,33.75323519422177,70.69715910810089,76.71581673955656,B
g15768,HiC_scaffold_2,1939355,1939949,4.910314030940445,9.3065812758448,13.78916670158669,24.26185627083899,25.929284473910226,35.47486097222829,B
g15784,HiC_scaffold_2,1981504,1983175,264.0357885205028,32.406179427904746,153.17392872969577,104.84764884413264,190.6310087797672,81.58433008615543,B
g15785,HiC_scaffold_2,1983608,1985282,7.64857620329401,52.32625838192443,27.278172570580264,17.209326667128963,19.60523277632093,6.848479693365096,B
g15786,HiC_scaffold_2,1985423,1986128,31.48179876222391,4.911374637087721,10.32254056511218,6.086000727430204,2.4842423302481507,4.967251546954244,B
g15787,HiC_scaffold_2,1987302,1988982,6.863326834627052,14.428623964646007,56.50625152809656,6.182611929615456,6.763474801635641,5.751253366559768,B
g15788,HiC_scaffold_2,1989096,1991128,3.248770947440016,3.401798696190533,5.59571895152248,10.576520439160229,7.63887535539838,11.391491179143234,B
g15789,HiC_scaffold_2,1991397,1993175,1.8011647383647562,0.0619446942384723,0.3019385311829959,1.2253524886777734,0.6060114223578914,6.437617740041067,B
g15790,HiC_scaffold_2,1993966,1995570,4.960520980226878,0.2133125405362988,2.6905724515283778,33.00429897430867,28.04132475769609,127.54571814747958,B
g15791,HiC_scaffold_2,1995836,2003222,7.397217397266731,2.8860321412260133,3.223336580571348,3.817431631824426,2.563527449931484,3.664497824702511,B
g15792,HiC_scaffold_2,2003405,2004968,14.750722571322914,18.24808063267613,15.005874916666018,15.841849425851578,14.92073596802739,16.38268798053779,B
g15793,HiC_scaffold_2,2005729,2006890,57.11123294352515,157.71972316873178,54.011008228660536,111.85007116475342,60.2483436331941,80.47038363396456,B
g15794,HiC_scaffold_2,2007090,2008599,6.271591309553453,1.9342339948992469,36.06679239276357,21.68607530292104,9.940504270193893,7.0605459034097375,B
g15795,HiC_scaffold_2,2008616,2011892,1.4064822129153691,1.0047543484879318,17.65421068735735,7.989505751537142,3.253678443801875,3.114330334252184,B
g16180,HiC_scaffold_2,3086304,3090423,0.0275010138591541,0.0,0.0,0.0,0.0,0.0,B
g16282,HiC_scaffold_2,3478439,3480578,15.62604734823799,17.884808845421162,21.187907776445734,33.699461149965195,35.43036764402714,23.42306096514248,B
g16293,HiC_scaffold_2,3507522,3508785,0.0,0.0,0.0284697843782026,0.0209736475984429,0.0209314539435614,0.1678486651230874,B
g16320,HiC_scaffold_2,3562276,3562568,147.19961586175137,77.51058065660958,267.98047985166284,362.1732038826383,418.2989760928726,505.9570589947178,B
g16321,HiC_scaffold_2,3563809,3568685,0.1998037353661621,0.0401840074600981,0.1155754587835936,0.0059221365787689,0.0,0.0,B
g16322,HiC_scaffold_2,3569451,3573384,4.659356070631067,3.732789819633293,5.368246699583728,4.375939891117573,3.514046642964653,5.318397624321854,B
g16348,HiC_scaffold_2,3641680,3642217,1.3316498817504772,2.242576063294399,2.5845357328128014,0.0,0.0,0.0,B
g16349,HiC_scaffold_2,3642851,3643823,6.078601719260565,8.408145043091995,5.095001797868368,5.11636078689774,3.769064576374511,3.1119067831967886,B
g16350,HiC_scaffold_2,3644054,3646061,1.802338440103382,1.461611462819836,0.7122415389359238,4.0434901188649786,2.768655258307308,0.8196112298336526,B
g16351,HiC_scaffold_2,3646233,3647634,2.412397881891968,8.584403181236405,8.375636503481719,26.84183580201204,20.143264643238005,18.9608628716905,B
g16352,HiC_scaffold_2,3647794,3649772,22.913690442933177,24.25228656510477,3.33449123965574,25.717102045464603,25.341433155516512,8.649833980402718,B
g16353,HiC_scaffold_2,3649952,3651240,1.835349561234636,5.168220503734401,0.9552189177316138,5.552284860342061,6.22714687355249,2.622617775875627,B
g16354,HiC_scaffold_2,3651360,3651692,62.973556735893865,19.263018118758787,2.868529117573864,68.66036160796452,56.395034763600464,16.26366813835604,B
g16355,HiC_scaffold_2,3651759,3653594,2.1704861310530323,1.33609720989115,4.46143487586463,3.9498850331533344,2.3708952261116165,3.0650464139582727,B
g16356,HiC_scaffold_2,3653657,3655325,0.8647398728870337,1.0116006864985811,1.7140223814045166,5.570685071604437,3.147892009121785,2.419555927617551,B
g16357,HiC_scaffold_2,3655636,3658551,12.44546746361329,76.85156066906444,76.61818149809598,108.416561200942,87.67607281260415,106.37824889203948,B
g16358,HiC_scaffold_2,3658939,3660421,3.122855753303736,2.001481086138516,3.70776707709936,4.074708020773545,3.1479820811637884,2.3279346471954336,B
g16372,HiC_scaffold_2,3701627,3702299,0.8350546366530466,0.0589827818276954,0.0,0.0,0.0786798402699944,0.0,B
g16373,HiC_scaffold_2,3702826,3706100,2.7963113762047245,1.7659865701751425,4.907174035547484,21.641194530318785,15.228896947657717,18.47258160545537,B
g16374,HiC_scaffold_2,3706184,3707309,13.684794738898104,6.55312242778248,11.85596548179349,25.54811370803178,17.674864004460588,19.35615709910921,B
g16375,HiC_scaffold_2,3707506,3709438,14.3680800990601,6.257517591118662,11.913229136410592,7.056667208823668,5.903236556724778,6.210495474654939,B
g16376,HiC_scaffold_2,3709709,3711368,0.1162505387098561,0.1202901025094183,0.107403369803663,2.2078481994454178,2.166132440482218,4.350993126465831,B
g16388,HiC_scaffold_2,3741581,3743549,5.036872017302954,2.632457781534865,3.882682715209827,7.535061156735203,3.627444494539781,12.440637013125096,B
g16389,HiC_scaffold_2,3743872,3746332,12.622136542016712,18.84335223122544,6.599854347286144,11.182604225320414,8.141766843750412,7.241360951173418,B
g16390,HiC_scaffold_2,3746586,3747009,0.5438245750291563,0.0,0.0831089568501975,0.1767702125105885,0.257544898878506,0.0,B
g16391,HiC_scaffold_2,3747916,3748667,10.519697125390326,0.2338432412283853,0.5279776974227539,12.59260997764221,6.924404906085708,8.612704957444322,B
g16402,HiC_scaffold_2,3781027,3782372,0.8510824130811642,1.224463036872539,1.6145563411743105,8.111635115695115,9.62036275615651,7.304258035589104,B
g16403,HiC_scaffold_2,3782498,3783548,21.16916391432656,7.222861872874226,5.577838530231668,43.77757601724733,25.0794107649303,28.97155080059865,B
g16404,HiC_scaffold_2,3787126,3787396,0.0,0.0,0.7990519482148889,37.46254143256154,16.945731638086897,102.02648134947545,B
g16457,HiC_scaffold_2,3910502,3911790,3.7118900619479023,0.230624410387948,0.4090020333867303,2.527687844816522,1.3650739167307393,2.5648647376118623,B
g16458,HiC_scaffold_2,3912291,3914086,2.6237541784790066,2.897656614470969,2.788290469697792,13.858612534511114,13.810084037158894,12.723168071944404,B
g16459,HiC_scaffold_2,3914165,3915754,7.289485761066357,2.6704596361978927,4.2063142082882985,6.884406574859856,5.328406206163356,9.279094025711492,B
g16460,HiC_scaffold_2,3915842,3917452,33.764364509246015,7.009620548858198,7.810248089074124,11.031001426649429,7.376753051666672,7.140885931435861,B
g16462,HiC_scaffold_2,3918961,3920448,16.15555215976015,4.949196898766676,4.287584290600966,6.248151335932327,2.8619458541288902,3.830440554058272,B
g16503,HiC_scaffold_2,4001502,4002861,17.583605381209708,9.49849602878939,4.691238060924328,22.19527603142177,14.372037474460145,12.928053758329128,B
g16504,HiC_scaffold_2,4003117,4003684,15.243880624078669,20.39124904038076,20.15446877621316,7.963084980239307,7.483592158910191,7.022101127846691,B
g16505,HiC_scaffold_2,4003850,4005248,87.3377148709379,65.66395746658151,96.1611295532082,73.29643942770866,76.41269913846202,90.27333423518132,B
g16506,HiC_scaffold_2,4005482,4009531,14.24268379580016,1.9471260937792263,6.243868539171634,8.563989810671897,3.4971750526578784,4.701928692412674,B
g16507,HiC_scaffold_2,4010520,4012629,23.570173900607426,14.10172194651259,14.392149832421811,31.379418017537603,23.630125435392863,23.181973674974657,B
g16508,HiC_scaffold_2,4012913,4013477,16.24471889140003,0.6591823613228077,3.519024731042923,11.502550118781157,4.995682846902561,16.4362446823501,B
g16511,HiC_scaffold_2,4019150,4020644,1.9751849998544613,0.1852936676537836,0.3331208243033088,3.957714398966728,0.8985053690060638,3.4489556337427287,B
g16512,HiC_scaffold_2,4020808,4021825,11.789918622799432,5.810685402410666,16.9604269000642,38.85120283366968,31.206033719697626,39.1250897801379,B
g16513,HiC_scaffold_2,4021967,4023753,2.5179632329497776,0.7351454616319811,1.7911783605641896,4.05975189852973,2.615703493288934,3.6901460066841416,B
g16514,HiC_scaffold_2,4023866,4024135,21.31387537884681,9.740578731701824,1.5594869087197758,61.42392703637504,44.22589856318113,19.74950620484068,B
g16515,HiC_scaffold_2,4025547,4027584,107.83434598676462,6.599299063722866,14.359661291922327,5.272180680198941,6.759859639959468,8.469368873148287,B
g16516,HiC_scaffold_2,4027954,4029255,4.605585266586681,2.885226167521706,1.4784410794850316,30.863602177823484,20.3285465471536,22.891438382892616,B
g16517,HiC_scaffold_2,4029734,4030284,2.658297728654629,0.1659506006141791,1.0209516195001074,1.4649688303855308,0.439551307093763,1.0924118918883217,B
g16527,HiC_scaffold_2,4061146,4061782,81.6060737790093,22.37621117315524,7.516631365408911,25.896830259045583,42.05779753866104,18.939670357532563,B
g16528,HiC_scaffold_2,4061873,4064492,34.6200447256324,6.173462101875748,3.690652200886216,10.44297359143112,9.009928370558493,9.829931503261452,B
g16529,HiC_scaffold_2,4064565,4066478,14.342194917086385,4.299746466738474,2.9872504923941805,10.052406120242402,7.391090893236396,6.864187776203753,B
g16530,HiC_scaffold_2,4066825,4067713,5.373376315167153,117.3643631969507,54.310239510304406,4.763845247034061,58.23272229264318,1.6735586638065607,B
g16531,HiC_scaffold_2,4067751,4068549,1.055526860712215,29.33087753216045,18.15032267924161,0.9137733559506436,6.788041358985861,0.3988713064154733,B
g16538,HiC_scaffold_2,4078828,4081175,1.0934680127306913,27.809214591270525,24.26401059359072,3.8759316674467343,38.39163479194258,1.665795948199136,B
g16540,HiC_scaffold_2,4085298,4086295,18.45666608638639,10.549441145086854,3.4152773299419223,38.5398854594546,30.15397787615509,39.96220349530718,B
g16541,HiC_scaffold_2,4086521,4088906,0.0474954616712183,0.0,0.0448929828456912,0.7093751928416339,0.3738267464696485,0.5786682018595373,B
g16542,HiC_scaffold_2,4089132,4090383,18.20637272479371,0.4162990523861078,0.4860637447611865,82.35748023483592,18.280176139522474,65.51118155619201,B
g16550,HiC_scaffold_2,4105197,4105767,8.327918248851894,26.800413473917125,5.883690190868364,283.2578852231537,203.45153626012143,91.96973524321304,B
g16551,HiC_scaffold_2,4106307,4107792,51.35206707693897,6.66052173521831,15.509052549470631,35.99281463472332,22.818669503551163,48.31670711080078,B
g16559,HiC_scaffold_2,4156985,4158188,0.9875924999272307,0.7830994263036076,3.99582652890429,2.5561872131415755,1.7116836299239024,1.5285048876987704,B
g16560,HiC_scaffold_2,4158829,4159805,347.73801106508574,393.9638702322405,305.47897170856095,1779.4896382749876,1954.3350034435337,1635.8079011064356,B
g16569,HiC_scaffold_2,4194823,4197232,3.8760770618343217,0.2502371272542882,1.627567638030774,0.9539199211742572,0.7366672819646862,0.7272254834507874,B
g16570,HiC_scaffold_2,4197285,4198977,0.0659187083646839,0.0,0.0632800024154689,0.319522982107032,0.1737567828254343,1.2238803221277847,B
g16571,HiC_scaffold_2,4199611,4201756,9.556905199077448,0.2638429260659701,0.5822283596149244,1.0560572985457295,1.0270119417477754,17.17741410700287,B
g16579,HiC_scaffold_2,4220114,4220781,10.351574660199557,3.277308724740572,2.5509526058172662,5.708547830624433,3.791699711050749,12.84109953333616,B
g16580,HiC_scaffold_2,4220860,4223831,6.42459716009736,2.9062659080519526,2.8709304852763204,5.37231287629943,3.8394895804817017,5.225190989889683,B
g16581,HiC_scaffold_2,4223884,4225042,2.0692853308558554,1.502784045653598,1.481453343832199,3.796709309590352,3.1883399992820096,4.261286017603251,B
g16582,HiC_scaffold_2,4225285,4228764,17.12680021741373,24.65183978192924,40.528542169668256,23.460488662025604,19.76855545440549,23.23433117822695,B
g16583,HiC_scaffold_2,4229038,4234164,5.764967887462426,10.923960706055578,12.883472860667652,18.691616484661253,12.575817057939943,17.590938015964575,B
g16584,HiC_scaffold_2,4234239,4235515,36.6953109640025,14.030734207745711,8.1064887520737,24.056297666086284,14.542482636357414,16.838415059887893,B
g16585,HiC_scaffold_2,4236280,4238230,53.6449705467046,10.268411122885698,11.1973680869858,15.261040865208033,11.890221844976056,22.263708708024005,B
g16586,HiC_scaffold_2,4238353,4240252,19.96368366701757,17.388889650177113,22.63921755572997,20.81894843345897,24.08121056603244,22.641788513884634,B
g16593,HiC_scaffold_2,4252260,4253600,4.036494221792917,0.0415476199037854,0.0376911296327777,2.626012027866806,1.5542615621741274,1.6688852468401003,B
g16594,HiC_scaffold_2,4253793,4256121,0.5527087764294321,0.0346443264168775,0.1516990486771514,5.1957675652410025,1.2979380155465663,2.120326134280008,B
g16596,HiC_scaffold_2,4260428,4262753,0.2123738920114952,0.2410436748056912,0.5818239138807917,7.545075141840887,1.4833735787903417,2.8075766680436973,B
g16597,HiC_scaffold_2,4263306,4267101,1.436421139495011,0.0104443819204772,0.0659016774291481,1.290258030423418,0.8931697349724999,1.7337362178289082,B
g16598,HiC_scaffold_2,4268869,4269907,116.80826082971689,287.7524202046294,853.7569462488674,146.6290734054354,82.94830470453994,24.699695730802176,B
g16599,HiC_scaffold_2,4270299,4270881,3.564288830808037,4.276939319375733,1.3454277311209204,3.71568993625497,2.696789768750266,1.6412507113445045,B
g16600,HiC_scaffold_2,4271025,4275671,2.958178946613529,3.725097422997151,3.625591589941677,5.5939389083948985,4.767915708247575,6.506859711940715,B
g16601,HiC_scaffold_2,4275810,4276848,1.4136513723677206,12.64241754949796,9.090205787578348,43.080297104324686,33.12295254263165,33.64395680859147,B
g16602,HiC_scaffold_2,4277008,4278244,5.2059071641866055,43.44427694551415,34.725004875455454,233.57225791754388,160.2914578815509,159.23029482793976,B
g16632,HiC_scaffold_2,4343682,4345146,16.234018802800236,81.19362654714912,64.89450531451085,56.16890997058101,66.24274249341872,36.83513356980744,B
g16633,HiC_scaffold_2,4345314,4347090,67.91472339977136,0.3394263736236376,17.2063237613804,10.108069736256972,3.0883100566086696,19.425670873556484,B
g16634,HiC_scaffold_2,4348010,4349307,60.93862641613806,42.05022971654464,68.63285188908057,67.47042203835669,73.392063978752,150.52580913999645,B
g16635,HiC_scaffold_2,4349732,4352279,19.3142414039834,31.177789433603305,24.21085465395,41.90577756620725,28.21741405112446,23.42249965013873,B
g16658,HiC_scaffold_2,4400640,4401393,17.046039908676526,2.7683128702020614,4.472526086715092,6.426568731220518,4.85675855834071,6.062386089367363,B
g16659,HiC_scaffold_2,4402314,4402938,8.040506341187598,0.1905597566740928,0.0563382832494127,0.4443923613935957,0.2135374903117028,0.5105918412875101,B
g16660,HiC_scaffold_2,4404317,4405940,15.753255562195717,8.879438423278941,16.921007225153453,40.44718388037834,31.833835990778507,54.62603473503998,B
g16661,HiC_scaffold_2,4406078,4408254,0.3141973102007734,2.3540142113563123,1.9611630096346468,11.03456660513988,8.182890594306658,8.34316837555165,B
g16662,HiC_scaffold_2,4408331,4409459,1.635087149195872,3.600357233454094,8.631191868611966,12.638062550782838,11.214442128483975,8.613367808459815,B
g16663,HiC_scaffold_2,4409691,4410340,2.5103154893422026,8.733844850640367,31.41703707091776,19.92124055264477,18.298433397502983,15.014376319151546,B
g16819,HiC_scaffold_2,4780138,4781845,17.351970020652708,43.06775814576712,113.38201175003364,35.2620016850894,31.0219272565342,32.56084304760146,B
g16820,HiC_scaffold_2,4782350,4784366,86.62397444276746,81.18881522515292,148.8472907760817,100.33829095207788,57.71227071481702,31.1543529605564,B
g16899,HiC_scaffold_2,4985624,4986896,0.2644226298678822,0.0322449390804086,0.0282683472245833,0.1641411174756186,0.0,0.1669047724011932,B
g16909,HiC_scaffold_2,5012540,5013177,0.877053613892898,1.566661518985724,10.00689918423672,25.038494192530635,19.51926464967113,14.289154898774848,B
g16910,HiC_scaffold_2,5014275,5016560,5.374016667212652,11.183408920172344,8.682138565390058,21.48026687970883,13.855736546093643,12.509196464977885,B
g16911,HiC_scaffold_2,5016939,5017484,13.855935637380112,22.503691830025005,16.70199272375475,22.73911901439014,17.033477170315837,22.058404782726303,B
g16912,HiC_scaffold_2,5018983,5019625,1795.6431485967073,94.75163757635428,180.20191963985727,55.12971847837085,46.93825867155453,94.15366781359045,B
g16980,HiC_scaffold_2,5211720,5214108,0.766268439154858,0.0165981697605575,0.0,0.3509895177303908,0.5518238687287846,2.757972814900225,B
g16982,HiC_scaffold_2,5224617,5227008,1.4188549220613076,0.4705104505280928,0.0598189467823687,2.031633560936332,1.3769784764973063,1.132331288197117,B
g16983,HiC_scaffold_2,5227393,5228179,1.1462935675425123,1.6242246045231203,2.622720250864844,0.521309692231261,0.2758495192751963,0.9463550417808644,B
g17007,HiC_scaffold_2,5281798,5282420,0.3349383019610966,0.0,0.1281304980491956,0.0,0.0,0.0,B
g17008,HiC_scaffold_2,5282717,5285025,7.348839489398159,0.7789773448991768,1.7870731053080489,0.9722454973318292,0.9773081903009616,0.5656623328245118,B
g17052,HiC_scaffold_2,5402243,5404028,0.4583622954579611,0.4057220914884675,11.53293542208685,2.3594851504543115,1.3872744375733956,1.9745280550786628,B
g17053,HiC_scaffold_2,5404418,5406004,0.136339237331915,0.0,0.1277033416718795,2.927339503671308,0.7316789675142691,1.4901911344194645,B
g17054,HiC_scaffold_2,5406252,5407260,9.977968544699722,30.77894026066621,18.608908193997404,35.77142557381697,23.736262435479585,26.909438758409472,B
g17055,HiC_scaffold_2,5407285,5408284,2.8045121489088665,17.475901176698397,14.077634701787098,36.62992990061178,24.599464904100763,33.25477893074328,B
g17056,HiC_scaffold_2,5408907,5409108,0.193633696768619,0.0,0.0,0.3720089546864623,0.0,0.0,B
g17057,HiC_scaffold_2,5409877,5412187,11.514739250595706,2.617377110884284,4.725262480777091,3.4335666832807243,3.4850356745063404,3.3317604170882467,B
g17201,HiC_scaffold_2,5778617,5779656,0.0,0.0409044678928909,0.0,0.0,0.0,0.0,B
g17345,HiC_scaffold_3,132645,133180,0.5671645240632117,1.8226569494520228,0.9931820370999032,3.528092020060054,2.426751322592824,1.0274386241358713,B
g17346,HiC_scaffold_3,133438,136102,3.1851560005409487,16.584252998145438,26.64130548681162,21.553085185738464,15.601955545185264,17.014909449663634,B
g17347,HiC_scaffold_3,136175,136820,112.11010938774191,50.4346285233074,16.582550269440077,29.46193910933157,29.014263932001388,15.79976401576918,B
g17348,HiC_scaffold_3,137041,138442,9.802775483304552,6.099314635515712,4.62028109540907,13.164756673936996,7.053756812316692,7.567486572149625,B
g17349,HiC_scaffold_3,138539,140270,1.1859722367463266,1.6805246914118732,1.2333779840341883,2.12137122664098,1.4437132387010037,2.452950554527071,B
g17382,HiC_scaffold_3,204241,205792,20.873613894646947,10.688221900673817,4.527804386105881,17.811432455622505,12.314444710321338,10.299966791373745,B
g17383,HiC_scaffold_3,205902,206769,35.47810403205399,41.87085303829894,14.921556781219106,33.33339228754642,24.730251972175218,23.50829940062543,B
g17384,HiC_scaffold_3,206886,209037,2.174544829680844,1.2150648556622894,1.44128761738262,2.492974575216175,1.4961308408300262,2.1219696477944714,B
g17385,HiC_scaffold_3,209209,210437,39.41517047235435,3.541707119867484,6.538345467779687,4.700783466860754,6.7952991220350185,7.570415940302029,B
g17386,HiC_scaffold_3,210742,211264,119.99697433535096,35.86049518779802,51.71107795456318,25.692391556346664,20.17953299038215,29.485618967762964,B
g17387,HiC_scaffold_3,211610,214957,12.90280240648911,3.721884587714949,7.150553759019873,14.643351496551391,9.37578166519707,11.90540408796246,B
g17388,HiC_scaffold_3,215359,217828,21.696097819254643,16.89759493111832,33.49680510026667,17.220066335274808,14.35775848282882,15.894899773260144,B
g17389,HiC_scaffold_3,217914,219809,9.154219870633348,10.277532028683876,7.480781887958688,14.324024290836933,9.391046312113511,10.2852644932012,B
g17390,HiC_scaffold_3,219896,221387,3.2477733251765084,4.5830671907569736,7.874426961202827,6.7221070139875785,4.306479769492507,7.120934654475459,B
g17397,HiC_scaffold_3,235793,236413,6.62638823651302,2.3815656291344283,3.0150834354365648,0.7029366191972324,0.3466865031634668,0.1957761297773265,B
g17398,HiC_scaffold_3,236710,237409,7.247478530302299,10.087117741062656,9.739053629256649,20.78433353280016,13.683882870128595,14.13411967038039,B
g17399,HiC_scaffold_3,238215,238808,0.0720747649083192,0.0,0.9173708113981772,0.8943668537646474,0.5013996983567637,2.3577726112559088,B
g17400,HiC_scaffold_3,239193,239892,5.299859981792722,8.172913053541563,11.282027128517065,17.182064357037383,10.514567190107297,14.322155728427918,B
g17401,HiC_scaffold_3,240003,241056,1.4724003183448349,22.417371669285004,2.773431126915161,1.90274761766324,2.928646516970534,1.9158046337718984,B
g17402,HiC_scaffold_3,244551,245301,0.0991417373804846,2.600613118339687,2.2702493192068047,4.929670314456585,3.7664357740898,2.051951075001216,B
g17403,HiC_scaffold_3,245480,246069,16.444743300539606,0.150137990106861,0.335946859057274,22.90742413859821,6.137401414667679,28.34168050877417,B
g17404,HiC_scaffold_3,247272,248322,43.90656878272732,6.492193889479834,3.2181367887666417,5.792560712020535,3.704514971335674,3.589150910578132,B
g17405,HiC_scaffold_3,248611,249427,7.988161507194628,6.359009451952237,3.178428850400109,7.68843132667807,4.834245217114851,4.290799421219393,B
g17412,HiC_scaffold_3,264337,264640,1.0046009843983386,0.2661781910841289,1.6375659639506672,0.689067661481805,0.0872489317845483,0.7006695395852078,B
g17413,HiC_scaffold_3,265184,265856,0.7920046413076831,0.2407330515134159,1.0385835473317533,2.3115493926140607,1.4447327530420948,1.3677977023070924,B
g17415,HiC_scaffold_3,268615,269896,24.909610071825377,130.26674365494193,86.14261706444057,28.799958613679507,30.603612088779705,13.5851953564847,B
g17442,HiC_scaffold_3,342119,343855,82.50557453959976,123.88717439189452,169.79950750539996,109.05330566319186,102.0783530667072,135.0484398958058,B
g17443,HiC_scaffold_3,344377,345748,4.864182799033081,18.661015121266804,29.77292241236632,40.13980450115719,28.53790148633132,25.205816757433283,B
g17444,HiC_scaffold_3,345872,346812,29.073805409699155,183.97034790166285,133.27272494429738,257.1373718893615,200.9863195445556,211.1296244011753,B
g17445,HiC_scaffold_3,346941,347788,6.5079287386088165,0.6127388914747652,12.423961607374116,13.216001536473527,7.004902503878668,21.623737454348344,B
g17446,HiC_scaffold_3,347919,348477,6.096388397206626,12.172648062559798,10.859854793887983,14.357275990991653,11.639685132259718,13.984396083925906,B
g17447,HiC_scaffold_3,348649,350213,1.383609537603166,1.0935311026063854,1.2929532075873371,2.3370144036739298,1.224252215355015,3.3768411068553803,B
g17451,HiC_scaffold_3,361783,362200,6473.52855117161,10154.31976509572,9200.681739329992,5971.622986506085,6024.809652275427,5652.577107401813,B
g17452,HiC_scaffold_3,362419,364414,6.37513458545574,31.16054640270097,17.563819193396142,21.056458473794287,14.604152438505462,16.22643163049088,B
g17453,HiC_scaffold_3,364533,364884,2.8995665619370152,48.52923491992783,57.02833237346981,47.08269124605846,38.56258176592229,35.695952792157286,B
g17454,HiC_scaffold_3,365028,368067,0.7927013699208334,0.5555035529384795,0.822693783979643,0.4788202602534027,0.4454686362498394,1.1345275097191911,B
g17455,HiC_scaffold_3,368197,370318,31.631788366150225,44.35179182446455,53.16512165593416,53.8354275455467,65.84240131702381,75.20960844935551,B
g17456,HiC_scaffold_3,370560,371718,37.89424210206132,17.36251402918778,2.281164951145687,17.046097661420042,9.638859135674654,10.403972705093024,B
g17457,HiC_scaffold_3,371805,375786,14.555435867073792,1.8346934940828168,3.535625948359149,3.3055741089871384,1.6336149451134254,5.047560926007403,B
g17458,HiC_scaffold_3,376526,378126,11.79902251825478,4.905511087019487,2.339696444584874,8.576811375243564,5.560520657246439,4.7227609625124245,B
g17459,HiC_scaffold_3,378197,379893,22.173332398929144,13.186082706738182,9.094363673746493,15.20461043327118,10.88979348245396,11.123189312660584,B
g17460,HiC_scaffold_3,380089,383723,38.85179953952294,21.2848209754736,21.611409639972223,23.10156432972325,23.520630232301087,31.5211162870754,B
g17461,HiC_scaffold_3,384048,385928,5.746946577436043,13.460860741279308,16.269452793516173,31.577251268279788,22.486021793196564,29.81671174861844,B
g17462,HiC_scaffold_3,386067,390039,5.070562435118157,12.202666819702308,29.24493619847272,12.84566657338093,14.796386398130997,5.504156164689871,B
g17463,HiC_scaffold_3,390229,392575,9.784766357084798,7.96773771862436,13.304040418039175,14.22254560790308,9.72033657824857,11.085390715875665,B
g17464,HiC_scaffold_3,392839,395530,10.71058207895841,79.866390087018,16.920757150424095,13.660998233077173,14.970083334614907,7.868578139057053,B
g17465,HiC_scaffold_3,395731,396060,2.176726444299196,0.0,0.4071552305170005,3.1458389009210075,1.7545645441743414,5.692758954085698,B
g17466,HiC_scaffold_3,396474,397750,46.789789074331466,127.50656653073736,99.15850851793206,154.80528455530194,117.53632955963684,140.6873058325535,B
g17471,HiC_scaffold_3,421346,424118,7.238679431651741,6.672630005787899,5.382147521954929,5.08473280122108,4.594369254591468,4.997416955759457,B
g17474,HiC_scaffold_3,429425,429926,4.596230884700199,4.736582159593172,18.99956041467899,7.21175296254175,13.030443458406769,36.84963982550424,B
g17475,HiC_scaffold_3,430029,431992,5.971838116113313,5.72813594737468,5.616671367526953,5.477378080719938,4.632892986433183,5.079319469003666,B
g17476,HiC_scaffold_3,433520,435001,206.6950778228297,487.8618927796144,557.9000962194358,251.01209609528823,281.59768750510807,219.59698782234244,B
g17477,HiC_scaffold_3,436083,439627,3.504085282273308,4.182371773514184,3.4365513091532707,4.335780269156781,3.968655885814198,4.055650909386287,B
g17483,HiC_scaffold_3,450778,454998,1.5657166642147975,3.882165675017622,4.70856404760549,4.834763601131591,4.1242699454905,5.595246532293941,B
g17484,HiC_scaffold_3,455132,455838,31.99138846373312,25.21420526144233,30.24277999969812,37.37887093285826,32.9982067191192,30.01356463493053,B
g17485,HiC_scaffold_3,456088,457438,41.35656793237405,45.29175095623017,62.42339123260358,41.49233081337644,41.90452220178579,72.46570391947657,B
g17486,HiC_scaffold_3,457679,457892,23.83894125668516,34.96341542699895,72.74783435997114,47.91795520807735,48.39613333531401,25.1560794837635,B
g17487,HiC_scaffold_3,458885,459800,3.423854161042045,5.2347859591986605,23.195183638511388,15.459232360697968,10.257084156774397,11.657646679487597,B
g17488,HiC_scaffold_3,459959,460907,2.682703373068562,14.088069505666295,24.691854600528963,9.997310751638516,16.246418475863415,2.4627759098626383,B
g17489,HiC_scaffold_3,461076,464598,8.113390473928137,13.612554714631637,25.952082810706,24.74864692694912,22.75368506091772,25.877104314325507,B
g17490,HiC_scaffold_3,464729,465272,178.2925076815157,296.7719390120336,93.23198449215816,157.97539265158844,121.44769480405373,75.13183332918871,B
g17491,HiC_scaffold_3,465490,467649,3.125177969442186,3.9094251374642592,2.194745853131407,6.218051116619616,3.37717771455263,2.8537698594104794,B
g17502,HiC_scaffold_3,491420,494848,8.650478912590305,10.397762408056591,4.872949932137724,9.636502802206474,6.466970302862903,6.295259900978666,B
g17503,HiC_scaffold_3,494901,496584,67.89691179725368,12.48313001367923,19.10519554993016,18.64393755694637,15.924882148937275,17.873423362189,B
g17504,HiC_scaffold_3,496772,497651,30.30278723726796,10.668557148699833,5.789739698913476,8.067943658902184,5.436321820430272,7.377925714591841,B
g17505,HiC_scaffold_3,497685,500302,10.369826455694948,5.550984622879374,5.312715760046251,5.699138215209372,4.925933315096879,7.173881770102701,B
g17512,HiC_scaffold_3,511256,511970,23.323571577233743,16.53418316416881,12.584541853328512,46.64816525746468,36.44706341548892,37.977281806111776,B
g17513,HiC_scaffold_3,512072,513082,9.995040582035632,9.86031125696766,6.609239205692269,19.515907220872062,13.143500017538855,16.01512328266216,B
g17514,HiC_scaffold_3,513194,514960,2.983777111218593,9.683643204208364,25.664313250113203,45.20729765101798,35.177951613254976,43.262381348813264,B
g17515,HiC_scaffold_3,516929,518123,598.8219961955022,806.8116125513332,652.3356338481299,820.0265103951692,802.417387750893,1403.4313217382255,B
g17516,HiC_scaffold_3,520372,520941,43.586119722932175,45.31961132934707,19.391060324583165,59.51237535749902,51.85499123225179,39.550868121700425,B
g17517,HiC_scaffold_3,521004,522207,5.668536529574307,15.86955678875081,13.552117518511515,31.25892543069651,21.059796423765533,21.79179503366587,B
g17518,HiC_scaffold_3,522345,523690,1.786163066596125,6.810904363718157,86.83376668410963,29.95163557678811,20.826268960167024,54.31523125495754,B
g17519,HiC_scaffold_3,523767,524796,18.541893987796968,44.32377059114927,34.584069455850674,60.63983985073283,47.721187792407214,48.72007154728715,B
g17520,HiC_scaffold_3,525394,526585,9.255450238337303,0.2720294716339485,6.285523717838581,10.120969849338064,5.702721608776,48.86270111209737,B
g17521,HiC_scaffold_3,527253,528207,4.676463213489146,0.0,0.1867737845956782,2.495379952583824,1.43560061727973,3.1139309797706067,B
g17522,HiC_scaffold_3,528655,529576,98.5858916989672,0.4808864157227652,0.9655878986724352,5.3671345496175045,1.893522265709624,1.902156557690496,B
g17523,HiC_scaffold_3,530077,530797,20.0557593478067,20.432504568476737,14.921655738148743,38.4579187968569,27.93083284910622,32.36090628985636,B
g17524,HiC_scaffold_3,531082,532804,7.336290384900973,3.529590999245463,6.2084553506681015,18.813824021278624,24.18650033944564,36.539157821537046,B
g17525,HiC_scaffold_3,532927,534731,4.529054436423236,0.0705274544274222,0.3374255108768852,2.6779074214200658,1.90698504324717,1.7942368918808644,B
g17526,HiC_scaffold_3,535896,536799,88.22164193887704,35.47854700491653,27.131315767404324,32.574897510922085,26.42637577151386,32.85837064078973,B
g17527,HiC_scaffold_3,536938,541267,1.0502996158996376,0.0,0.0828762133921606,0.3112984029313737,0.0986934327778095,0.1102908186138418,B
g17532,HiC_scaffold_3,550419,553543,0.7220415818415977,0.039838753899401,3.714090745913863,0.4417733802366591,0.1769634616648307,0.1911445292234478,B
g17533,HiC_scaffold_3,553569,554361,1.6069070044561655,0.0,2.0475929009126084,1.7271248154936525,0.5726958210230173,1.1200528462508672,B
g17534,HiC_scaffold_3,554531,555279,1.13677372279911,0.2887074902086113,2.40394776309156,2.97941334832306,0.7354589956779473,2.745295739150664,B
g17535,HiC_scaffold_3,555494,556277,18.850856733702194,19.428126780728977,42.80801876795804,18.536722844646945,14.317504232134244,17.088570818247295,B
g17536,HiC_scaffold_3,556504,559231,44.76566599912498,47.50195387395911,82.21900563329896,41.32792172493768,33.601662600122815,36.37054396956377,B
g17537,HiC_scaffold_3,560072,560400,1.514398498869137,11.698109269427151,51.10515172712041,75.5972326922914,59.00061485971284,92.68407653863402,B
g17538,HiC_scaffold_3,560415,564723,18.56210468801816,115.29149542495573,154.19384879989167,82.88745700786382,67.70199740715339,87.46473588479797,B
g17539,HiC_scaffold_3,564909,565881,39.6861965740052,4.434212552100858,35.80923970804629,54.034450630438506,32.51386246783164,156.24757829168462,B
g17540,HiC_scaffold_3,566029,567134,3.353012443958177,7.217078235895514,17.283535531957583,22.489870294180967,17.627516113983475,19.45821271195896,B
g17541,HiC_scaffold_3,567735,568170,3778.629063774121,5490.018846403735,5078.370241694312,2549.410470035453,3025.9480213259585,2456.3639523451266,B
g17542,HiC_scaffold_3,569107,569629,1.281320514046656,0.3096596045954009,0.0936389001814323,1.006223789277653,1.0576399887212986,0.2768396835132508,B
g17543,HiC_scaffold_3,571204,573223,127.97323289914736,58.85468464475828,41.00763053566823,31.29887157616069,50.79492118438037,51.66387466772541,B
g17544,HiC_scaffold_3,573687,577443,10.795147982581028,4.757791233603118,2.1458390981939286,3.309303447693632,2.6014711862087934,3.4063140327178782,B
g17545,HiC_scaffold_3,577531,578620,451.0667251486005,24.74510489067999,23.108464717543647,28.074246475609844,23.940035679205074,34.26447385346977,B
g17548,HiC_scaffold_3,584863,586222,270.69366390614834,39.68639632852884,148.6773331596176,92.96573494735102,95.16858125485146,280.6184039561025,B
g17550,HiC_scaffold_3,589270,592118,11.4643192347377,18.046914268776863,6.579789216596856,15.173620935289604,9.780556240237267,12.971510615057763,B
g17551,HiC_scaffold_3,592462,596644,5.515536239237723,25.235666793402785,9.569329106719524,31.50494755033656,29.07936219077548,34.33840422769515,B
g17552,HiC_scaffold_3,597011,598693,60.76142029434264,1.4821475597209044,1.893544270296085,7.472999140394467,7.273334502404085,8.312151795765082,B
g17553,HiC_scaffold_3,599224,599834,28.60959774876785,74.87260382826307,63.67970900551258,61.05620495549555,69.30867242817227,49.422235256778606,B
g17554,HiC_scaffold_3,600285,602526,34.00898481263787,37.34325390685032,22.000971319022952,231.9582128365732,234.6452515397417,318.52172055532446,B
g17561,HiC_scaffold_3,619110,619944,9.098075630958672,2.5684709247449087,5.290383013862071,4.104133805366434,5.910411804805468,9.739235415685588,B
g17562,HiC_scaffold_3,622728,624073,0.0,0.0,0.0716137224746259,1.35092405816718,1.3057857841874911,2.352106326164508,B
g17581,HiC_scaffold_3,662886,663810,0.0402360947161057,0.0872857055178475,0.5776453707692586,0.2461597766034824,0.3753997069286486,0.7468201631141754,B
g17587,HiC_scaffold_3,672990,673595,2.685207214594813,0.0755351059121174,0.0,10.636068571953771,6.308661015210979,8.013690292861641,B
g17588,HiC_scaffold_3,673856,674186,0.0,0.1242895833644841,0.0,0.0,0.0,0.0,B
g17590,HiC_scaffold_3,676241,676562,0.9428407375074328,1.7544698136055112,0.7716203086526723,96.08397697004897,58.31960065403853,83.79582899691212,B
g17594,HiC_scaffold_3,683868,685748,19.19966347873159,104.9255377851778,47.70790111551223,171.82576596559585,298.3118004613702,139.86709273768287,B
g17595,HiC_scaffold_3,686068,687454,272.0287090872489,134.39236186565788,115.7713478875064,177.12498246442107,164.50772104533326,246.9843099438886,B
g17596,HiC_scaffold_3,688227,689984,6.149826686533276,3.637264851670396,4.156275670830511,9.793207454148014,7.358324206317086,14.313473843362358,B
g17597,HiC_scaffold_3,690270,690945,37.51013748138188,10.622386535385289,2.431409703781092,11.916679072380992,12.439157935115382,12.897270690433292,B
g17598,HiC_scaffold_3,691039,692116,10.275058077348652,8.139501133461742,10.247042085753645,10.96633031094587,4.631084253078769,6.65287314537815,B
g17599,HiC_scaffold_3,692336,697742,40.89396090262936,11.78682379399296,19.43817855189117,17.836708143702314,14.832907270207864,33.7350880192278,B
g17600,HiC_scaffold_3,698823,700230,11.84064747189496,22.405768634899623,30.67389229483078,11.192665473501734,13.518265341523923,21.542201377952548,B
g17617,HiC_scaffold_3,751200,755002,0.0104934099682985,0.0,0.0,0.0,0.0,0.0,B
g17625,HiC_scaffold_3,774503,775073,3.5516682420250225,0.7770112085625733,5.548240970640207,3.2142701829397664,3.217361243368134,3.911114286688191,B
g17626,HiC_scaffold_3,775493,779017,15.744654094242762,14.34314800734134,63.07264642059271,117.7674793000171,121.23705076557783,167.34074194353946,B
g17627,HiC_scaffold_3,779105,779522,3.7988758840987327,44.0445755944913,43.89826570590496,8.253306947505259,5.168810728758037,7.635307061215954,B
g17628,HiC_scaffold_3,780425,782507,0.0,0.0,0.0345411504992027,0.4302774990549288,0.3251150781852214,0.7650031404289976,B
g17629,HiC_scaffold_3,783111,783603,38.19811971759189,1.483750663521596,8.43179743098116,63.985728776486376,49.74618098637217,135.271737464041,B
g17630,HiC_scaffold_3,783907,785230,8.645744760521136,9.974361038876571,16.442878066686003,46.88592376080524,32.73230021477293,53.71522230624535,B
g17631,HiC_scaffold_3,785345,785895,7.542161605844239,2.6813786095596885,14.208420213662812,74.01127741900325,45.05607983825253,114.64722515943744,B
g17632,HiC_scaffold_3,786136,786514,45.57649892835529,246.05814610903144,222.1011541072544,294.2561119204387,232.86951841999533,218.3247970386821,B
g17633,HiC_scaffold_3,786622,787625,1.2860679716939611,1.002255593736168,1.6735366656226007,4.709158118318492,3.182841620258453,3.595054548940068,B
g17634,HiC_scaffold_3,787745,789138,7.951763940683206,13.502093927962292,13.1540386046615,62.2090806764832,58.28313516529674,59.07332889337809,B
g17635,HiC_scaffold_3,789221,790253,2.852181547189381,1.3960298344925308,13.08307561261942,6.713236462640003,2.0228755319940883,4.011987387892431,B
g17636,HiC_scaffold_3,790873,792450,3.550644100395953,4.095166164280473,15.136291233732065,17.81470952560492,9.785788481078196,20.140725139488623,B
g17637,HiC_scaffold_3,792555,793917,48.35972900070503,24.184106797622785,24.93553632979275,17.637348567339973,14.121252768615989,12.783865960740677,B
g17638,HiC_scaffold_3,794177,794864,1.942773507840836,2.081965045489768,4.222420009698919,10.594490442055555,5.83143170140129,5.034098913500536,B
g17639,HiC_scaffold_3,794944,798394,0.672664389819315,6.829518470510433,15.7828612248939,12.60288105110373,9.889013065758745,11.483268629912322,B
g17640,HiC_scaffold_3,798729,800666,3.876603304458533,15.793604319413271,41.22089662908238,30.074620341824744,16.341540666873122,3.293077040715777,B
g17641,HiC_scaffold_3,800801,802722,3.505009850319329,7.541354049506144,10.07781784610112,24.72599606037383,18.176453204538653,25.20982777503601,B
g17642,HiC_scaffold_3,802782,805747,18.415963248071225,10.318025762363936,13.608072572041486,23.37500972438466,19.221315540706367,17.730646152323196,B
g17643,HiC_scaffold_3,806153,808130,60.07346544904141,94.86934180311,49.81239729507067,105.8247894816277,74.44825617605483,76.3877957696237,B
g17644,HiC_scaffold_3,808343,808984,2.640477534367521,4.885541161188286,6.718286274718519,11.683259004039291,2.83157083001246,4.540685275379603,B
g17645,HiC_scaffold_3,809016,812196,5.490361539998437,1.535351861822448,4.607732880824258,8.260547518140495,2.4616813392894725,2.587731487508756,B
g17646,HiC_scaffold_3,812387,815050,2.260247542031194,1.0096293396893556,3.00365916437792,7.930846119062627,2.365284241639684,2.8946320639356333,B
g17647,HiC_scaffold_3,816224,818729,13.137824887074348,5.872106192523078,7.0735333534790765,11.840148869508267,10.224368216736238,10.931414972666708,B
g17648,HiC_scaffold_3,818847,820270,12.617099368256532,16.07234598281471,14.897256339564644,45.95121251753281,44.0614778075131,40.51297612357308,B
g17649,HiC_scaffold_3,820329,821826,42.51511265047933,11.588573564299413,21.38471165615304,16.996806140505026,13.084353577135172,11.347581632587858,B
g17650,HiC_scaffold_3,822065,824273,3.016461219206406,0.1640755117093039,1.228786273161668,1.4760424634050808,0.7628207139166892,0.9847222294366712,B
g17651,HiC_scaffold_3,824359,824977,5.850406193777795,7.485059712986498,6.913206031541213,18.63250817234292,11.93474650474084,11.680594827266455,B
g17652,HiC_scaffold_3,824995,826955,0.1943768188203681,0.0,0.0448979422064285,0.2924862714360898,0.104009966275834,0.0,B
g17653,HiC_scaffold_3,828056,828686,22.19462243384792,7.086050721701014,87.68794828134969,21.04730498443577,8.498733095847648,17.31365704886542,B
g17654,HiC_scaffold_3,829410,833100,6.676961036798787,1.608543913605481,20.805108981752767,16.648713502067235,11.456849524768042,18.52514473903871,B
g17655,HiC_scaffold_3,833532,835115,16.442013301354876,3.893361741080668,27.83794684418384,2.729575964688021,26.74194222344828,13.728298945744848,B
g17656,HiC_scaffold_3,836856,839493,7.262187433211877,8.116500276998515,25.773288794977685,4.160696398834638,21.04225153705594,8.647029940773123,B
g17658,HiC_scaffold_3,841852,848554,0.0058072773874205,0.0,0.0,13.576491678696744,6.635216804590156,30.129364428635053,B
g17660,HiC_scaffold_3,850201,854044,0.0,0.0226730583251961,0.0,0.0,0.0,0.0,B
g17665,HiC_scaffold_3,871475,873101,68.85298070730977,29.81229409558473,40.18604488646605,27.806050578672583,32.04760337399348,57.43238370013847,B
g17666,HiC_scaffold_3,873512,874810,27.29167587477665,0.0321463336481843,0.3175340387317014,1.6627696156855156,1.026721661122314,0.9468862810193184,B
g17667,HiC_scaffold_3,875524,877060,81.03115073311564,3.5561649213179027,3.1326311149332806,2.1585665049598584,6.330894683697986,4.566038333961655,B
g17668,HiC_scaffold_3,878804,882565,1.5760104922010312,0.0701871213178803,0.2618883363748411,1.8098352013449013,0.8313817279855177,2.664017099900152,B
g17669,HiC_scaffold_3,882873,884952,1.528963836717271,0.038793646896821,0.5653490419387204,3.025209779748777,1.7047290929261067,11.237876848014578,B
g17670,HiC_scaffold_3,886084,887533,184.3789879887966,21.73517715731643,94.66561877857728,18.24654607992037,19.91316465609261,46.0826417280186,B
g17671,HiC_scaffold_3,887851,889455,12.169591509630674,0.4077479601083783,5.103349325909203,3.754880097579525,8.410736511643238,1.5292593825853174,B
g17672,HiC_scaffold_3,890562,895343,15.71942859417615,12.16641502087315,20.133423051376283,10.872551764884264,9.524542650287827,11.995764099681171,B
g17673,HiC_scaffold_3,895560,896722,7.263228644085186,0.7846965082768472,0.7737712584433543,4.329323558593827,3.8075434090887903,4.218000911308713,B
g17674,HiC_scaffold_3,896765,897362,4.082891971596383,0.2014881428587979,0.7776154003644293,1.8006789005675614,1.0877519332495833,1.9556294547685424,B
g17675,HiC_scaffold_3,900845,905606,20.36079707334321,3.2021899399090907,4.335583652872283,6.110450928547236,5.3310283793870505,7.603046508915566,B
g17676,HiC_scaffold_3,906570,910119,39.84392365799389,9.52504584724199,22.649770323634307,28.88766858157509,27.48862130473788,59.56488071994513,B
g17677,HiC_scaffold_3,910394,913867,14.432772836706764,11.071926753726736,21.92483484529492,111.32438627531415,58.86257639845078,115.40822435995877,B
g17678,HiC_scaffold_3,914108,914657,301.9012503875872,48.43824310628315,27.637634502487145,52.77330196622008,38.595969761091865,22.55096042692295,B
g17679,HiC_scaffold_3,915181,918191,30.03462888848702,27.742715787848173,131.76548543662275,42.3366389650548,47.454656217153925,83.73475236652493,B
g17692,HiC_scaffold_3,947683,949175,4.075244103164093,3.1367764935192293,3.888084854714912,3.138584890644653,2.467815566772664,3.768452880270946,B
g17693,HiC_scaffold_3,949212,950879,7.183076175131935,5.263316115487667,4.745194408348327,12.58487304447652,9.24626850893032,9.459226531474956,B
g17694,HiC_scaffold_3,952799,956100,19.933088034367376,1.14654134783111,0.1985813480655539,3.3797059378761287,3.970519734643008,3.910927230394309,B
g17695,HiC_scaffold_3,956215,956968,3.1984435111032603,0.2650216202697543,0.3766898495978458,4.388426376715808,4.785127595575307,3.2441939438008243,B
g17696,HiC_scaffold_3,958845,959331,2.7168718929625064,0.168788323087571,0.2170067206644047,3.288933956548738,3.442688942661942,2.9491293840937054,B
g17697,HiC_scaffold_3,960107,962019,15.305562133729342,8.228982836290776,3.470945416873566,38.32328995169384,56.87541535765504,36.43012343237827,B
g17698,HiC_scaffold_3,962064,964101,0.3154059425613419,2.486944047747759,0.7503760645611235,4.441451832494435,6.202929460530837,6.983722314844673,B
g17699,HiC_scaffold_3,964964,967001,1.2145670884791675,5.577269412229109,1.4180053429465769,1.5037136213997429,3.0094063066644225,3.5193247201269378,B
g17700,HiC_scaffold_3,967242,969285,0.0181978225735103,0.0,0.0172075813742699,0.4827521891594449,1.0943556608835865,0.4416860994673597,B
g17702,HiC_scaffold_3,976458,978507,3.3348888322793444,3.3716391609706515,2.8389079304266502,4.524212267835878,3.4175513497262697,3.2655468495243496,B
g17703,HiC_scaffold_3,979843,983888,136.48014524981613,2.700942663391655,12.545650636037982,22.10746408257185,13.750286640409222,100.58775812351628,B
g17704,HiC_scaffold_3,984252,985783,3.957537859685354,12.776055103074023,5.497694268587015,15.184995400147349,9.751984573730242,10.030427707398673,B
g17705,HiC_scaffold_3,985893,987362,4.551144870276042,16.783756157685595,26.842130821235365,63.0899602158744,44.38971380814176,55.37219831800597,B
g17706,HiC_scaffold_3,987566,989838,1.0487245303052015,1.2156721906883188,4.4382795069288505,1.7606052890444053,1.3021797627521885,1.7263196394694855,B
g17707,HiC_scaffold_3,989891,991380,10.239525405006583,5.933930000136306,7.6225182271650365,18.37064054399597,14.95912235609791,11.221128076436576,B
g17708,HiC_scaffold_3,991501,992563,10.321198453867424,8.346330264833695,15.789299451703348,16.829833898128122,24.51402499326468,8.644365924507595,B
g17709,HiC_scaffold_3,992897,997560,25.15620185870929,0.4481183540728778,0.5161759654003795,3.248826988428533,2.22648069558844,3.862154518176641,B
g17710,HiC_scaffold_3,999061,999928,20.511948689157062,3.029607428400704,2.9047049338047346,17.838036624979907,12.58423543241003,15.08817685643506,B
g17715,HiC_scaffold_3,1010331,1012834,0.9939783892342504,0.4418214889736005,0.5337399923598853,0.8043112446657807,0.3683547385082513,0.2334706154167652,B
g17716,HiC_scaffold_3,1013582,1016555,15.617219674708242,0.4294115503381004,0.2292582973022728,1.794943719979475,4.815752225642244,4.427648161296816,B
g17717,HiC_scaffold_3,1018421,1019510,18.58577235144721,6.941433524798041,9.510455606283864,21.34777204921852,18.8854045950195,25.247581963279657,B
g17718,HiC_scaffold_3,1019622,1021876,1.1177097368893965,0.2733847576862777,0.6423319989252148,1.2167981137354795,0.7431222795952598,2.866675011271289,B
g17719,HiC_scaffold_3,1021963,1023796,87.07341943442316,40.26389389029536,29.2927803579052,38.61198067055845,32.7438943157197,105.11681841565644,B
g17720,HiC_scaffold_3,1024051,1026058,17.538297929116624,12.279715806695732,9.154626988674416,11.25508863299859,9.310567157511263,13.595432967037134,B
g17721,HiC_scaffold_3,1026826,1028169,4.009276609538095,6.14493181084588,3.9450121123232815,15.964344512402992,11.325151712995986,12.314988889453968,B
g17722,HiC_scaffold_3,1028215,1029602,0.4582851419490972,0.3964838630653678,0.6491675131751828,5.838374990855873,3.779062351979283,3.183913589290565,B
g17723,HiC_scaffold_3,1030072,1030858,0.4323537255185338,0.0,2.172392471930435,21.11707380050532,14.60190916243018,29.033770402358908,B
g17724,HiC_scaffold_3,1031143,1032344,3.3761052263870868,2.6581232272994315,1.753330287864966,18.51028406867799,9.722991548497363,22.713037683084607,B
g17725,HiC_scaffold_3,1032504,1035505,2.6023290235143506,3.6060750469468017,2.145492427579833,4.900290850073283,3.028745858624536,9.646988493783963,B
g17726,HiC_scaffold_3,1035516,1036041,1.1496410132323067,0.8383583288314853,0.1369803339796952,1.2226598143503058,1.3193778973394874,1.011261294205189,B
g17727,HiC_scaffold_3,1036097,1038632,0.0439978124469606,0.0,0.0280522392178712,0.5905950240922581,0.7513542758598406,0.2301559707315783,B
g17728,HiC_scaffold_3,1038655,1039104,0.2065452862093429,0.0,0.0,0.363565187864797,1.275018356473375,0.0,B
g17729,HiC_scaffold_3,1039151,1042307,5.46872904276364,4.285946706914801,3.097622583617275,1.4548559480107606,4.598185586773645,2.188079344194144,B
g17732,HiC_scaffold_3,1051312,1052437,20.014652836416584,12.091522132938136,24.346236138284787,10.680057278241843,11.72285031844666,13.686287304143754,B
g17733,HiC_scaffold_3,1052561,1054718,5.365956289843611,4.070798092023273,2.8500532254596034,10.406393174244856,5.942840698127034,10.33872491261885,B
g17734,HiC_scaffold_3,1054818,1056980,8.303728854923236,5.886692104618791,5.56209932492885,11.906079422524256,9.412366080782842,10.50589245845165,B
g17735,HiC_scaffold_3,1057124,1058558,127.30251793141667,96.2396558554743,172.71762429813535,168.75415921793558,191.20003399275464,251.37938753884708,B
g17736,HiC_scaffold_3,1059180,1061841,262.4105483685874,170.98560397457726,263.72347994371586,624.6946068235704,610.8023961288575,550.6329094424548,B
g17737,HiC_scaffold_3,1062197,1063112,21.238861783917898,0.3495625151364234,6.239242046571833,41.08488522972013,10.47308743626499,18.49984299779737,B
g17738,HiC_scaffold_3,1064482,1065451,23.076774456238745,4.25728106684199,31.098887072831733,17.30015038515041,19.205474908870148,36.5028002176755,B
g17739,HiC_scaffold_3,1066694,1067916,32.746361819361155,0.4815223176581944,0.4872441133938697,14.894459387366805,4.756182351315102,6.810878043232329,B
g17740,HiC_scaffold_3,1068283,1068905,1.9495940405897776,0.0,0.0630830485432807,1.2135887762489412,0.0946282718637686,0.1865025236299795,B
g17741,HiC_scaffold_3,1069077,1070168,16.10920664642707,50.52242357319536,25.546926256563072,86.74928279869893,65.5166049996558,91.32275974946567,B
g17746,HiC_scaffold_3,1081586,1082718,10.828794554413378,14.53863416443861,15.422012412405715,98.79582677599596,48.563121471119445,65.5179079640252,B
g17747,HiC_scaffold_3,1082783,1084076,1.2632921562992867,1.896702520647824,0.8608035759215111,8.878659871707526,5.955951188310625,9.538319223459744,B
g17748,HiC_scaffold_3,1084312,1085431,6.49275001187674,4.567522776710161,9.192650560990042,56.8578820339775,18.91277538461265,22.53011472389022,B
g17749,HiC_scaffold_3,1085475,1087670,0.9395549691740666,0.0415476199037854,0.2424695472607397,0.8222232453145557,0.6052808130693823,0.8064220648883925,B
g17750,HiC_scaffold_3,1089215,1093604,8.531193864341029,2.6432727419555224,3.0618784216887134,8.855183523174167,6.282924233440568,8.207042448635898,B
g17770,HiC_scaffold_3,1131032,1135481,2.931705053616983,0.1904980019477283,0.4016149620729978,1.6555171690318042,0.9719004512130164,2.723339962290115,B
g17771,HiC_scaffold_3,1137161,1139394,37.99087444066102,3.612495088069821,11.34327496307084,43.47966640588908,22.970896557468865,38.214091979759736,B
g17772,HiC_scaffold_3,1139496,1143004,5.157302611033563,91.3704039088594,54.87316859772481,40.20391707903572,84.5997406395937,11.82400614159155,B
g17795,HiC_scaffold_3,1190557,1192073,928.587289812736,99.29548495617884,33.90032500522568,65.38936843266116,135.82733803170694,629.1644666901373,B
g17796,HiC_scaffold_3,1193987,1195190,10.457039069838766,78.21547973588761,61.37472046170334,117.5679097786066,91.77015458699972,81.91761439200593,B
g17797,HiC_scaffold_3,1198226,1198742,87.96312708131657,3.3511450773068194,79.89031538240138,10.003218870519609,12.783398892883858,3.3951282744824542,B
g17798,HiC_scaffold_3,1198989,1200284,14.030867743663832,22.11158217675263,16.264068732586036,44.98507775260728,32.52804998490792,43.14041151890132,B
g17823,HiC_scaffold_3,1252392,1253458,4.342808313612801,20.636604098541586,15.897576365305166,148.85109857542363,102.4506891633594,95.45221198515034,B
g17824,HiC_scaffold_3,1253686,1256635,34.593329526880105,22.47135002692788,38.92254984149677,34.61463883243671,37.01890607087206,47.3976484863351,B
g17825,HiC_scaffold_3,1258775,1259654,103.78181350619286,143.30282854336212,359.41694765833296,210.6714934719766,206.07411327256565,237.1652519197309,B
g17826,HiC_scaffold_3,1259788,1262053,6.542465839775908,3.978716999225182,2.0196250425134625,9.978958735629822,7.71191382649243,5.952681263699892,B
g17880,HiC_scaffold_3,1390152,1392668,2.2699057306572814,3.879422736370417,6.301775355417608,26.5539891143996,17.3299735748512,27.69485325712667,B
g17881,HiC_scaffold_3,1392750,1393146,1.166206595978477,2.9444597215226,2.245723370397254,2.7578391889864253,1.9042129979089943,1.741797536044544,B
g17882,HiC_scaffold_3,1393162,1395364,0.2395381504899123,1.1285382763444465,1.7108783389069102,2.761462716598627,2.079660971977761,2.771435061657176,B
g17883,HiC_scaffold_3,1396123,1396459,1.7115907383730142,5.138192242994588,1.2698647574518491,26.94528310084517,26.989241517452708,17.690060598074957,B
g17886,HiC_scaffold_3,1407817,1409797,561.8452713383606,1341.4416418992632,398.20126493279497,459.2899228143946,507.9281371815705,409.5779544493324,B
g17892,HiC_scaffold_3,1428404,1430342,19.10544319973148,12.154076968931278,12.297714653754484,22.732284017086165,17.65332591649142,20.57769560420826,B
g17893,HiC_scaffold_3,1430564,1431425,25.486192893050315,3.60791113898458,20.347812510032945,69.97033961991845,58.90133969650726,146.86118193887864,B
g17894,HiC_scaffold_3,1431877,1432549,22.24123747035302,6.99333813826459,13.7045540855682,8.272156874492804,5.495778246234343,17.935655499403957,B
g17895,HiC_scaffold_3,1433348,1434197,137.3251956302394,0.5184194612915545,7.512131061910802,5.04097993574778,6.217518918016268,31.96727278052965,B
g17896,HiC_scaffold_3,1434347,1434794,13.83583059247319,15.489371965648663,10.266477336169654,75.97952771797883,47.039758335847154,31.661007573679985,B
g17897,HiC_scaffold_3,1434989,1437312,10.77537499552804,60.30515016595379,12.334674301438913,21.027034133838264,10.13578998584465,11.547726573217338,B
g17898,HiC_scaffold_3,1438065,1438440,4.865659648275651,0.8529325369328731,2.563256346711074,2.987091073888797,1.3564897975709755,1.8401648819133285,B
g17899,HiC_scaffold_3,1438843,1439296,1489.8859864563588,254.201138411608,66.01882846014853,171.37336962979674,98.64852319808212,93.8369695410788,B
g17900,HiC_scaffold_3,1439680,1443685,33.26574776668136,22.806948478863006,36.47914830794586,27.64931918425075,28.63596639853215,44.71947484678059,B
g17910,HiC_scaffold_3,1461804,1463494,149.11934632192362,9.06298917268954,24.979022051289,104.3359445904206,76.42334970301673,177.6338801583462,B
g17911,HiC_scaffold_3,1466062,1467828,1.4750473294464472,0.3425535605399287,1.913805772001901,1.0195602158940429,0.5423929022822553,0.7805252591702867,B
g17912,HiC_scaffold_3,1467943,1469157,11.353269595187268,79.75469368291562,72.43211296846613,80.53147061208604,55.03577731032949,50.66497475139624,B
g17913,HiC_scaffold_3,1469921,1471528,2.040476454669762,1.0874496730475174,2.5048644781083103,10.187057075584818,6.883410803630862,8.60613096867571,B
g17924,HiC_scaffold_3,1494043,1495411,8.758591787269047,104.1171372353866,47.19848872538272,54.81085366945713,48.12853298441217,22.50286273514336,B
g17925,HiC_scaffold_3,1495759,1497610,49.34549560476548,211.5417698514932,80.69838530475809,98.68613268540742,70.16970274417326,59.20933241015716,B
g17926,HiC_scaffold_3,1498338,1498686,3.936130581112456,0.1138977855983083,0.9253205206406816,6.751170709740266,2.8781136346454934,2.2893053897426583,B
g17927,HiC_scaffold_3,1501313,1501661,8.324628155715661,0.3456563830077656,0.2043460529232861,6.921400312168511,2.087835225690609,3.964090944101377,B
g17928,HiC_scaffold_3,1502143,1503902,6.221635912626603,5.312233418243201,5.070592881494738,11.265557766282416,8.24177469795032,9.423924164671469,B
g17929,HiC_scaffold_3,1504009,1504885,2.3742126012423466,6.59888677542286,3.644469215351874,56.72866097426706,34.01000312440684,39.30052303323082,B
g17930,HiC_scaffold_3,1505132,1506413,6.158844130364768,8.01728130737914,8.506399192098014,25.49254737684556,15.834290015170115,23.44843041476741,B
g17931,HiC_scaffold_3,1506739,1507213,0.3995257397764346,0.0,0.3000524321405213,1.5612440621034642,1.657871487357045,1.3436890537615065,B
g17932,HiC_scaffold_3,1508264,1508685,13.769287392115698,14.143910757627992,36.80927984857762,76.2024096134069,52.73672742894999,37.58022283527992,B
g17933,HiC_scaffold_3,1508847,1510146,2.983678282046536,3.008601827768781,11.351037814582757,39.966504526347705,30.28578238346472,115.81562525870578,B
g17934,HiC_scaffold_3,1510569,1513519,4.221265260000368,0.5628607073422697,1.0808923816767884,16.966490572282247,12.5749916714618,48.79370032956311,B
g17935,HiC_scaffold_3,1514514,1516718,4.236451257137717,5.452392805954654,3.679396048270611,9.6144804451098,5.69657981022001,5.649807701856874,B
g17936,HiC_scaffold_3,1516871,1520993,6.857697555046575,7.136902170812353,1.96558636144162,5.1405510496967874,4.675135934039682,4.518777127565952,B
g17937,HiC_scaffold_3,1521925,1522318,0.6799387958142871,0.0,2.06762922596884,2.7393649378923017,9.95719208784356,16.351041759263072,B
g17965,HiC_scaffold_3,1594206,1594527,4.449999225754523,1.8736514219112523,1.441220860353556,28.412604566138008,24.94045645689541,21.16414908354572,B
g17966,HiC_scaffold_3,1594662,1595946,1.6915987397358538,16.962000857845428,24.755916061864976,0.7534901238463083,1.208272730761023,0.5374313323345001,B
g17968,HiC_scaffold_3,1597299,1598130,0.0447390511644786,0.0,0.0,0.0,0.0,0.0,B
g17969,HiC_scaffold_3,1599438,1600881,90.2265025954598,32.73792596523651,67.20082639567752,1.5212504894990526,3.7918678104933465,2.9784966066150167,B
g17970,HiC_scaffold_3,1601054,1602242,12.208298152298545,8.277498356882042,6.503811975357684,16.505370667518203,11.062058358077886,11.706686071396508,B
g17971,HiC_scaffold_3,1602309,1603889,1.3641963794412528,0.3283877837267221,5.551108467544641,13.143290571684332,7.062990433559892,43.42463068604403,B
g17972,HiC_scaffold_3,1604197,1605363,95.00757960779742,127.135702460623,107.04332982011084,282.9408921411632,202.84626158520587,459.125682164308,B
g17973,HiC_scaffold_3,1606605,1608828,3.2850162529342444,8.497547172483383,38.24755090953192,23.230221879197625,16.34451676218253,23.044084573383927,B
g17974,HiC_scaffold_3,1608967,1609285,23.3165380259003,53.55019429783,78.01449632885065,32.60600712581324,32.83590857097001,25.3724499940744,B
g17975,HiC_scaffold_3,1609464,1612630,25.92623773296204,26.09128070986138,20.087325176326544,32.165789076605776,24.917140713370145,21.50264054994312,B
g17976,HiC_scaffold_3,1613163,1613472,2.977835537052856,1.1678487503563335,2.306565572870902,25.199633622825367,12.037538536570215,26.9705345884936,B
g17982,HiC_scaffold_3,1631221,1632094,90.78874068478537,30.07446612250344,61.934539701846205,33.34179927727416,20.160915706936912,31.253704390176672,B
g17983,HiC_scaffold_3,1634544,1634921,26.855549638398955,25.46988685134371,53.66622015349616,316.5423887335781,213.78165472519308,181.43962650598587,B
g17984,HiC_scaffold_3,1635143,1636534,96.88292762562642,341.7668057226362,164.47269845195652,53.65733716176409,244.82145171962964,43.490164758006514,B
g17985,HiC_scaffold_3,1636745,1639529,2.0087537517939635,7.198040088993693,6.428070929677196,0.4174507068506041,16.35957555881071,0.8198593256633666,B
g17986,HiC_scaffold_3,1639559,1641156,56.890025730663965,0.4362037954375747,0.6506902988445911,1.4914008488326826,1.5949202824708024,0.8630197987573902,B
g17987,HiC_scaffold_3,1641255,1643262,187.5974682056651,97.5617771460247,10.27428233278319,66.99552860405211,55.80391167250025,34.90424370449237,B
g17988,HiC_scaffold_3,1643484,1644777,2.385617615862544,0.7517102104780344,1.0177734053991758,2.242315331129388,0.6878934769747007,0.9849243747270298,B
g17989,HiC_scaffold_3,1644849,1646653,20.915357660365054,7.55112085080801,2.326318893381984,15.176028546293605,10.070282818471386,11.100066891101928,B
g17990,HiC_scaffold_3,1646824,1648229,11.097411686675326,81.34869736552928,57.446086152869256,214.09346479283275,158.8616244477277,194.3471633765928,B
g17991,HiC_scaffold_3,1648348,1651165,2.3341628766281364,0.98166024728654,0.9357395407849508,3.337003377216999,3.0718803033240083,5.77596881156983,B
g18009,HiC_scaffold_3,1682853,1685584,28.12247583378334,107.03343695661847,76.38822203862411,68.75024042252791,73.43965489999991,72.71998467214614,B
g18010,HiC_scaffold_3,1685911,1686931,17.001933224439806,109.81208271592438,79.63258739468591,341.2658547324605,257.4799869837804,266.9718499242686,B
g18011,HiC_scaffold_3,1687069,1689760,6.652310821813484,8.462483927062028,4.845160523236431,15.956017805779648,16.487445954983762,18.4365349904992,B
g18012,HiC_scaffold_3,1690363,1694365,29.34225709644309,22.234620379375965,17.663752763292806,43.38959733936739,48.104008177198935,60.02868003141978,B
g18013,HiC_scaffold_3,1694438,1696958,10.669524821618246,13.107437442422231,71.89731502987237,37.42728077671471,32.59680634470881,25.53156746216071,B
g18014,HiC_scaffold_3,1697171,1702219,1.1778444062159406,3.312503847193302,3.358639455654948,25.150437720881715,15.75438012495708,16.550789413129316,B
g18015,HiC_scaffold_3,1702967,1704363,0.1855914729191091,0.1568206899632495,0.5287305356210005,4.137593005161345,1.5450789409557588,1.521298997941974,B
g18016,HiC_scaffold_3,1704736,1705696,0.9088746877445696,0.9183910191615918,1.8935200444921263,28.05639369797185,22.92510510882453,13.482005144850971,B
g18017,HiC_scaffold_3,1705853,1706733,18.804876087283176,18.808487485687685,20.91511690638164,90.26085787488526,54.09745920354331,56.09570224730243,B
g18018,HiC_scaffold_3,1708940,1711880,1.003544300282546,0.4393914977884101,0.8721287740248675,3.090520668043968,1.9748781273867968,2.671417068882425,B
g18019,HiC_scaffold_3,1712618,1715185,3.8055081290953137,2.631210485635752,2.1993697142560915,7.93659263454624,6.569267235359733,13.33333420824863,B
g18020,HiC_scaffold_3,1716089,1718424,50.61665917834179,34.14905258187505,38.46356549598197,101.11249301933552,98.5423539941942,151.76298024519457,B
g18021,HiC_scaffold_3,1718526,1720690,32.79267444922329,21.129233647137333,16.565249963910397,31.99480286347104,22.870729214325145,28.726356354212616,B
g18022,HiC_scaffold_3,1720866,1721827,1.8920030571826465,2.24514428139881,4.90571466131914,20.62815705979029,14.79530161111905,16.303707370485498,B
g18023,HiC_scaffold_3,1721988,1723715,7.629445417645938,12.108762689145188,7.992172677629282,26.99398960995721,20.9746855388193,26.6556397599038,B
g18024,HiC_scaffold_3,1723840,1725519,103.89615606907606,60.787172227573535,9.720510608740092,84.83628253864075,69.11624465904589,46.103709434353874,B
g18039,HiC_scaffold_3,1781066,1783987,3.186722910322849,7.577763623574491,6.403149381425797,22.91315701505203,14.037670328544694,18.65380089192717,B
g18040,HiC_scaffold_3,1784130,1785852,7.321698012112403,9.322011994218272,11.96571090867203,17.695761074651596,14.453880237037923,19.07957708081312,B
g18041,HiC_scaffold_3,1786017,1787025,2.9470354754043804,2.865123741006145,2.7374454056762203,7.686030468741546,4.658612395250779,12.104029458263346,B
g18042,HiC_scaffold_3,1787366,1789319,2.029469208088023,12.265419425036956,9.092752122846422,42.49564883660696,43.73411212536072,31.432188086636867,B
g18043,HiC_scaffold_3,1789405,1790435,22.79005897507269,16.05260762297511,26.028314283184383,40.14018331514092,24.373764235272844,25.878381975177632,B
g18044,HiC_scaffold_3,1790523,1790943,7.757637723062677,5.923310658448176,1.8036996093918047,9.998961718888353,9.063849658134163,2.240135778302634,B
g18045,HiC_scaffold_3,1791066,1791690,211.74524275327224,138.39897800004897,106.40109041826985,206.1440535164675,148.99153985135894,164.51684790613484,B
g18046,HiC_scaffold_3,1791913,1796320,0.7557006731178341,0.4777000491397671,2.4781631385435703,6.743513367824463,4.5413463898167645,5.388052055011032,B
g18047,HiC_scaffold_3,1796443,1797736,3.001846626753383,21.49855930220795,39.37705204003419,45.55111485941438,33.96618835681174,30.5471903720466,B
g18048,HiC_scaffold_3,1799115,1801146,81.31653391319398,17.009625930114765,60.67838290548565,76.6652852092736,55.654005433102434,86.5850215795902,B
g18049,HiC_scaffold_3,1801466,1807186,6.388513197340768,1.9023037565379315,3.166004786264429,4.667647337927637,2.925196877441884,4.089196322669961,B
g18050,HiC_scaffold_3,1807325,1808465,34.00079482804792,76.91067935861194,22.567492203743072,29.972705457251465,34.10720069235019,6.658219413551423,B
g18051,HiC_scaffold_3,1808724,1812717,2.597269596542467,8.026161996013755,7.945820534603016,11.15506450459613,7.882051702804015,11.196178207813766,B
g18052,HiC_scaffold_3,1812833,1816725,190.86967916441984,114.76937301714628,32.36539843315464,238.17936604314664,165.15738547588433,96.4711567961124,B
g18053,HiC_scaffold_3,1816983,1820568,1.1335126793107495,3.82568473391824,6.61731177678816,15.901733504685922,8.217132587415986,15.34566743059641,B
g18054,HiC_scaffold_3,1820759,1821794,6.483730792804074,7.100437553480663,12.945616079543068,80.25815794997158,51.032430861830406,74.80993148860034,B
g18055,HiC_scaffold_3,1821886,1825196,1.186974665944324,0.0487083617673871,0.7671144128497662,2.2035670286408267,0.9766983090248244,1.6474915576822258,B
g18056,HiC_scaffold_3,1825301,1826405,127.83468202844388,49.5284927675615,133.3536505844344,79.41454763059357,160.1968429638747,88.56143749522874,B
g18057,HiC_scaffold_3,1829870,1830454,2.779166712388608,14.620776308417156,21.63186635027276,73.69908507344498,70.03821445901139,134.4002663042695,B
g18064,HiC_scaffold_3,1841264,1844729,3.596959894960841,8.536490739909329,8.533747678150833,12.236978036306189,6.322937593203507,7.848122914546279,B
g18065,HiC_scaffold_3,1844878,1847207,23.52883460621642,24.34202724686733,24.292226421067323,64.89548548276301,53.414878964255735,58.04264493526671,B
g18066,HiC_scaffold_3,1847474,1850151,9.129239353539454,13.943950012963484,14.997480089945082,27.901065211508385,22.70113742932213,31.99482761979523,B
g18067,HiC_scaffold_3,1850495,1851559,19.525820388994788,31.08807047218665,31.47776337028253,222.92740619721,147.68816332513003,203.33739364387924,B
g18068,HiC_scaffold_3,1851785,1852825,12.3533392990958,58.02049409365828,24.92130727440486,123.73568159516104,135.4721661365163,91.30112428250766,B
g18069,HiC_scaffold_3,1853951,1854560,54.3064842721992,30.42120340488964,37.57859659050767,74.39156929962812,61.46974841316892,84.87177960872981,B
g18070,HiC_scaffold_3,1855182,1857018,13.729828346315262,0.435740764530956,2.462931843498653,8.724569479700357,9.046672384641562,10.42383185941484,B
g18071,HiC_scaffold_3,1857071,1858934,3.708881066485736,2.167786025217299,1.998371476878596,15.103123585534412,11.289942290664944,8.280953839959889,B
g18072,HiC_scaffold_3,1859027,1859615,30.49860465238256,33.4623799714035,25.90227587423777,63.26323383995419,56.45846912695064,57.24375768969432,B
g18073,HiC_scaffold_3,1859683,1860355,8.696026903590104,4.597781415880703,2.4556633163708206,12.655469695774077,12.488084933319872,10.992025635809805,B
g18074,HiC_scaffold_3,1860477,1863012,5.056053299290399,3.54931915684773,3.021470392472508,6.380596245849722,6.975039086610581,7.077679528638584,B
g18075,HiC_scaffold_3,1863321,1864062,18.14681507238905,6.897514152683766,4.666907616521785,7.554204493435645,8.517718733743003,4.583300829988354,B
g18076,HiC_scaffold_3,1864419,1865593,0.4150925322480892,0.2351679790551366,0.4545832286799615,3.3198832898116497,3.366097027549351,2.4894471423267257,B
g18077,HiC_scaffold_3,1865658,1866441,133.49884241168286,0.0506212380436926,0.6408661935265736,4.094807800105258,2.488076261111116,6.774944705444728,B
g18078,HiC_scaffold_3,1868204,1869856,6.85247251793454,10.024205788726045,7.283023094654514,21.632993169188577,15.028272917647762,15.06196713080766,B
g18084,HiC_scaffold_3,1891313,1892441,3.796667864589578,2.9028641520430343,0.262388926333178,10.640378470695438,8.108230713327814,8.318208121714695,B
g18085,HiC_scaffold_3,1893115,1894786,31.92806078858032,84.28686422852532,50.14995713565735,35.508295572810056,58.78861207117458,39.66023311484292,B
g18086,HiC_scaffold_3,1895588,1896632,75.4970373714248,36.47886143908127,19.40532845166008,93.93096376827494,50.47813511070903,27.301406019927903,B
g18087,HiC_scaffold_3,1896924,1898174,3.693385363399012,0.0,0.3357443703207595,2.6368295460422058,0.7919707373002436,1.3082952719555565,B
g18088,HiC_scaffold_3,1898319,1899450,0.4709899840647382,0.0700909449835743,0.0310831907582967,0.5868176556960412,0.5002807921787793,0.0937192148764188,B
g18089,HiC_scaffold_3,1899981,1901133,4.418307325003138,1.3574214207700794,1.482901676961249,11.033545053887488,7.643720501373716,6.906191432959548,B
g18093,HiC_scaffold_3,1911151,1914477,25.90916007451472,28.9677075174852,37.682457767554126,35.927489167414166,30.80827230349273,36.031154916365,B
g18094,HiC_scaffold_3,1914558,1916158,5.29058096930802,0.4406822738301575,1.0741183262921952,3.657740398152136,3.097652619113457,3.631986130446622,B
g18095,HiC_scaffold_3,1916352,1916814,72.5162667680899,501.5662965200207,190.1010497047661,673.3317694457204,485.7216095685319,518.8996185473956,B
g18096,HiC_scaffold_3,1917967,1918294,20.1007344242098,3.6785449934771375,7.709116261972822,36.80589672688214,25.33097573325269,41.55163214567692,B
g18097,HiC_scaffold_3,1918864,1919705,1.899915195978505,2.4571395381260723,3.3750464635761466,37.35870577015389,28.582137926940025,31.67213520517474,B
g18098,HiC_scaffold_3,1919814,1921228,0.835741308764153,0.219760195908695,0.2583557726332554,1.2948520357575222,1.0566738326463907,0.6750363759782401,B
g18099,HiC_scaffold_3,1921345,1922374,21.212363243402145,12.272344831062355,7.494740666791326,18.400471894649066,11.15157441891963,12.587905881150892,B
g18100,HiC_scaffold_3,1922755,1923155,734.5343977403173,1199.655897899073,1298.4478501239437,2095.738213332739,1782.9359313961393,1470.7177953228656,B
g18101,HiC_scaffold_3,1923528,1925766,8.198403253578993,2.0464528255629144,4.03560880582951,18.98290725607212,12.769347703589954,58.66299256511012,B
g18102,HiC_scaffold_3,1925805,1927102,53.54239265198108,13.174109517062083,3.913925316507015,26.63980766402695,17.288130441281382,27.39804318575575,B
g18103,HiC_scaffold_3,1927236,1927995,157.23308134153513,34.36444965044393,8.085015999816935,75.11893347291613,45.90333510880379,39.57400670349658,B
g18104,HiC_scaffold_3,1929055,1929949,63.707647879028926,1.2063292977786535,4.494690399372114,0.2561708618953672,0.0899044086052195,0.4151482274163682,B
g18107,HiC_scaffold_3,1947373,1948329,1.02626180446106,0.0880809541960251,0.0781224194391857,1.0887610926221427,0.7520995475351457,0.8851980840338278,B
g18108,HiC_scaffold_3,1948954,1949797,0.0882043926872638,0.0,0.0417023591312379,3.783357099460898,1.1592854604124998,20.783039053505224,B
g18109,HiC_scaffold_3,1950918,1951782,0.1311072639882591,0.0458754969770964,0.0,0.4417761391482606,0.1223908626422136,0.2457209149239791,B
g18110,HiC_scaffold_3,1952027,1952435,17.810142121309376,17.867747307647058,15.774695380458311,19.8452330366968,16.68607933962229,31.099850705271663,B
g18111,HiC_scaffold_3,1952630,1953419,755.3419649570053,4.973846566013554,17.26766842794788,60.01808394863811,25.76780551835963,282.76783805382195,B
g18112,HiC_scaffold_3,1953769,1955934,16.61441775466138,5.62429196458602,9.097465071037783,11.341120992882978,8.366433367950286,10.38010937116015,B
g18113,HiC_scaffold_3,1956019,1956823,22.11340697068131,10.156939984361756,16.86885707273139,29.98180567296263,23.61096493909936,18.219636887641897,B
g18114,HiC_scaffold_3,1956930,1957953,0.5899917223332953,0.0,0.2108934760684457,1.197021410970471,0.8994562475685763,0.7781605696409852,B
g18115,HiC_scaffold_3,1958104,1959086,0.9858367320517456,0.0875700237768632,0.1943370677810136,8.400602454730192,7.658099796369882,3.4583746691666524,B
g18117,HiC_scaffold_3,1962207,1963677,0.7547798514308588,0.0,0.1206666269266943,1.8367579555917075,0.6230494503802764,1.3359721453628617,B
g18118,HiC_scaffold_3,1966544,1967264,2.411567073341,0.3968469506248472,0.0998814935268611,4.286537303501351,4.47588002641821,5.823478042571967,B
g18122,HiC_scaffold_3,1971475,1973049,0.1224576795707566,0.0,0.0231588199918534,0.8220766709051017,0.2849605942026988,0.6646779618740204,B
g18124,HiC_scaffold_3,1978070,1979225,0.0658861684572936,0.0,0.0304373062750074,0.0,0.0,0.0,B
g18137,HiC_scaffold_3,2009619,2011392,14.150097014121894,0.7286018068234213,0.6228134414965012,2.290814304739896,2.442057381843507,3.352780808708914,B
g18138,HiC_scaffold_3,2011993,2012974,5.8972783778940325,5.918006405269409,6.467124037368715,25.56353064607132,9.454867735904234,13.197191657883014,B
g18139,HiC_scaffold_3,2013533,2014357,4.410488872461139,3.6912415148359776,2.595774331315898,9.656182322784929,7.279406726380039,10.577008267668615,B
g18146,HiC_scaffold_3,2022613,2023248,8.753112976209861,5.07195458043598,4.937867698072287,11.748739975918204,11.37148217702444,8.06226872032716,B
g18148,HiC_scaffold_3,2029073,2029676,0.0616553093162217,0.0,0.0,0.0852642070992147,0.0,0.0,B
g18149,HiC_scaffold_3,2032142,2032700,0.1998825350412996,0.0,0.0,0.3238936694611342,0.1459494688064123,0.4757277593707206,B
g18152,HiC_scaffold_3,2041970,2043754,3.8933775082180713,5.145240001032894,2.8832452257453776,3.8130108505237046,3.071041082696164,2.5602317222322,B
g18153,HiC_scaffold_3,2043845,2045021,22.88548968832496,19.74125841821309,8.05339174851527,12.433584390527368,13.969863455786523,9.161813925149383,B
g18154,HiC_scaffold_3,2045379,2045697,567.2510071624167,1502.4615045214246,769.7026824189446,440.42694970934247,766.0804027826908,93.79609520583118,B
g18155,HiC_scaffold_3,2046417,2046735,782.373827499743,2780.607245029841,1709.6066338237397,1766.5082510208083,3174.7518596246337,388.0499400964084,B
g18156,HiC_scaffold_3,2047505,2054162,11.07506132740009,12.758362991249989,18.57598834779312,16.235538523340704,17.457901753453612,12.233926140098903,B
g18157,HiC_scaffold_3,2054273,2055410,116.55175297372564,8.12255289264579,15.261419784295608,24.10665828172532,19.042954569703912,22.262299652556425,B
g18158,HiC_scaffold_3,2055672,2057655,30.63952408054086,0.0806479327659675,63.14343442657919,26.40361171752216,74.41874276095609,579.9597846076708,B
g18159,HiC_scaffold_3,2059018,2061001,751.5716699445591,1.5006802327341195,137.9836644557208,92.10098849042184,150.66741565614265,874.0563124052273,B
g18160,HiC_scaffold_3,2062017,2064000,12.37388735219573,126.88313175082364,419.37991454053656,67.01170689403838,111.95057761619084,34.98760748940929,B
g18161,HiC_scaffold_3,2064799,2065087,0.0,0.1376264909312892,1.5924328179281575,0.0865437498749756,49.206235959934105,48.47463983351943,B
g18162,HiC_scaffold_3,2067033,2071653,7.324940872156736,5.594189857036676,7.211379415793884,5.721349131633959,5.147400892750391,6.07683161891288,B
g18163,HiC_scaffold_3,2072011,2072456,8.59924504861743,14.218525481129303,5.856248457894544,39.68830276508879,36.49465706384084,21.09834748510775,B
g18164,HiC_scaffold_3,2072646,2076440,9.286320952804552,24.62325425586583,13.967799185280942,21.441689241662417,22.677657423840984,21.78187678861903,B
g18165,HiC_scaffold_3,2076706,2077323,305.3042112340083,60.64750696330808,57.94850423126029,214.11164958603405,198.66789550837365,314.0305705335503,B
g18166,HiC_scaffold_3,2078173,2079814,82.3093174229155,3.928484350634377,1.2990666024832629,3.316326632908838,8.481925158320777,3.0723983340555936,B
g18167,HiC_scaffold_3,2079871,2083810,7.29899601209237,8.95127449149862,40.042509449959766,25.829003423456854,26.24437817012389,47.84444107759095,B
g18168,HiC_scaffold_3,2085341,2087360,80.61377751726232,29.76739007752687,315.52186232878927,52.81297232782387,67.87165251417181,87.46723955542306,B
g18169,HiC_scaffold_3,2087439,2088057,7.20868692373149,39.52627401710323,91.0334483890248,27.28804726244747,88.86060931341346,2.317211739310851,B
g18170,HiC_scaffold_3,2088086,2088395,3.299320662694832,37.85649036465088,106.42042699855512,30.817490102339093,132.0477841043561,2.749260480327284,B
g18171,HiC_scaffold_3,2088504,2088958,1.2575621660190073,1.321850783370356,2.8594585814881555,4.793836648468183,3.23463257114585,7.192560612599074,B
g18172,HiC_scaffold_3,2090308,2091357,0.1140434095634408,0.121584139227642,0.1094782863874985,8.716923678872433,1.3885891971031796,1.7922456124381625,B
g18173,HiC_scaffold_3,2092232,2093192,0.0405420552609296,0.0,0.0740754441846912,0.0,0.0286475923246145,0.0,B
g18174,HiC_scaffold_3,2093427,2095466,0.3614710591665674,0.1242521297436091,0.3907439136701892,0.1204711951344299,0.0419929682826887,0.1661386081900151,B
g18175,HiC_scaffold_3,2095932,2097621,6.113089543997829,0.2169223187379402,0.2318054883103539,3.8785929690926295,2.7638336108959827,2.1055687303805337,B
g18176,HiC_scaffold_3,2098333,2099152,132.92217664487424,110.50074914347516,47.369453717472815,45.559341156340345,60.968632473060026,36.81218272930424,B
g18177,HiC_scaffold_3,2099213,2099807,50.33827317814564,66.67677270336561,40.25222265093389,38.32755104390877,65.087364687176,36.90920699911717,B
g18178,HiC_scaffold_3,2100120,2101081,23.174620429681745,8.211637121895059,15.022203557144188,27.421112979214723,24.77750759771469,32.54452907793286,B
g18179,HiC_scaffold_3,2101216,2102559,110.07623920290357,0.5944982638615193,16.44537153276,25.7098984996453,32.94142685789571,83.86756896707473,B
g18180,HiC_scaffold_3,2102889,2109165,74.79168691552854,29.49255036863953,5.243719551953267,34.558339099198164,23.314647946843767,21.09428538948336,B
g18181,HiC_scaffold_3,2109699,2110683,1.01776053873571,0.0402809241750115,0.0,0.3721145182694587,0.1934769266459209,0.9164072035814012,B
g18182,HiC_scaffold_3,2112358,2113618,0.0899021238776633,0.0,0.0,0.0816100267949626,0.2392486608309665,1.0107200131127376,B
g18183,HiC_scaffold_3,2113950,2115165,0.0320332288481419,0.0,0.0,0.0,0.1749437637421045,0.0,B
g18184,HiC_scaffold_3,2116144,2117356,0.0,0.0,0.1476769302197306,0.0205648514554397,0.0,0.0438557914476436,B
g18188,HiC_scaffold_3,2125699,2126596,1.820416328414572,0.4084523928075596,0.1193642854927241,0.0555732440668739,0.029472047191436,0.0,B
g18191,HiC_scaffold_3,2134926,2135820,3.5952480386130627,0.4526164346918612,0.2779556689032932,0.0,0.0,0.0,B
g18192,HiC_scaffold_3,2140612,2141497,27.609785113470583,1.9246844765229287,0.8477859859105665,0.0,0.0,0.0,B
g18197,HiC_scaffold_3,2154634,2157799,0.1079217218926945,0.0380058203117542,0.056044215349839,1.828759381192758,1.4749794944693182,1.7606343883725415,B
g18226,HiC_scaffold_3,2227926,2228370,0.0,0.0,0.161969989503018,1.26672804455723,1.1600793871499704,1.314764396955878,B
g18227,HiC_scaffold_3,2228993,2230097,0.0,0.0,0.0651401044740398,0.0945595568066063,0.0,0.0481460319153479,B
g18235,HiC_scaffold_3,2248560,2249776,0.1388539739222473,0.0370088042840441,0.0,0.9498884397260932,0.5786701129006047,0.7926250938687334,B
g18242,HiC_scaffold_3,2261433,2262501,0.0,0.0,0.2349242647618478,1.737353452515748,1.939909874247472,1.391498214850399,B
g18243,HiC_scaffold_3,2264318,2265215,0.6333618750970904,0.0441877696635577,0.0,0.0277866220334369,0.0,0.0,B
g18244,HiC_scaffold_3,2265409,2268010,0.6172116236584082,0.0506948143369878,0.4754199243187512,0.57515040459088,0.6962567923049501,0.9071299764622084,B
g18245,HiC_scaffold_3,2268173,2269163,0.0552062029084998,0.0,0.0,0.0,0.0,0.0,B
g18265,HiC_scaffold_3,2324437,2325334,0.961055040176056,0.0441877696635577,0.0,0.0,0.0,0.0,B
g18266,HiC_scaffold_3,2325528,2329902,0.6188013276414313,0.0290722949602797,1.406937819799644,2.745137475171109,2.495011659349197,2.6775170973202727,B
g18267,HiC_scaffold_3,2330459,2331356,1.3101132407744398,0.405377402568834,0.0391918492169827,0.1684645671536213,0.0,0.0,B
g18272,HiC_scaffold_3,2341750,2342164,0.0,0.0957401676043751,0.0,0.1204086954782269,0.0,0.0,B
g18274,HiC_scaffold_3,2348029,2354089,0.2686927856960554,0.5323563821682581,1.1939207315478708,0.0,0.0,0.0,B
g18275,HiC_scaffold_3,2355221,2355569,0.3305140736168579,1.6143841294405197,1.7403994193394683,0.7342139869289994,1.926718445333794,0.9155439912741564,B
g18276,HiC_scaffold_3,2358243,2359032,2.5710099370703947,12.887616961364602,2.3970829098806767,46.87476717919305,34.177738958357985,30.854647055457463,B
g18284,HiC_scaffold_3,2381436,2382689,0.5023004921991693,0.0,0.0386744650689038,0.4164624315934171,0.0,0.0,B
g18285,HiC_scaffold_3,2382774,2383411,8.982854704051675,40.64643003135711,14.04128200204286,189.6888297994148,112.19329577156152,113.46669684062388,B
g18286,HiC_scaffold_3,2383516,2385004,5.1719389030288685,2.9801615734509017,12.727301433466264,31.209232429743672,20.24702972509972,26.858725044168324,B
g18287,HiC_scaffold_3,2385896,2386934,113.97867870413884,49.8159010408712,21.90399982847028,210.85961077835984,93.29350727735692,313.5296903494375,B
g18288,HiC_scaffold_3,2387313,2387956,65.54101159177412,20.16209296796232,40.534555206349374,28.92647512304879,37.51448404856743,56.38419506043552,B
g18289,HiC_scaffold_3,2388579,2389620,79.17263963265334,5.4263573070626,8.100295503530553,47.41365825942889,31.067946491164697,64.04092097158116,B
g18290,HiC_scaffold_3,2389837,2391896,3.4086446447899528,16.690067052406725,29.7037409888023,63.72547231636048,51.42335516622994,82.79761208318666,B
g18291,HiC_scaffold_3,2392090,2392755,17.665785828405113,126.97826048669808,63.06320767403736,239.18899313751825,192.7263311798081,158.51989588832657,B
g18292,HiC_scaffold_3,2392967,2395024,15.902892356645694,8.915236376416033,21.624757483025725,10.233069117361996,9.079681257157535,10.865746497653708,B
g18293,HiC_scaffold_3,2395188,2395841,15.207646235959665,4.309194207737528,31.00493379673351,4.097111512462149,4.049627826796414,2.933444182152813,B
g18294,HiC_scaffold_3,2396887,2398541,0.3914397187745203,0.0,0.3690087512395844,0.2662650366216116,0.0710642480271415,0.6230971389448805,B
g18295,HiC_scaffold_3,2399154,2399808,14.736380212985065,11.167457325076704,8.590685948395203,20.097742943574094,18.32566967494546,25.251030175720903,B
g18296,HiC_scaffold_3,2399939,2402965,27.24979336704242,29.25561804696104,33.50166308267204,45.34155468836504,36.25380371371197,52.53288322263229,B
g18297,HiC_scaffold_3,2403238,2404066,1.227059953752514,0.0,0.0424578366517313,0.0959772352059184,0.0996437993899636,0.6411982843692323,B
g18307,HiC_scaffold_3,2430556,2431033,1.1983439099113449,0.0,0.0,1.1202776056891743,0.5099667683040303,0.6672941352611063,B
g18308,HiC_scaffold_3,2431600,2433004,0.2180458118272843,0.0,0.1263389897309406,3.8826553872916927,2.2229015895369004,3.0986494371027744,B
g18309,HiC_scaffold_3,2433074,2433854,0.0,0.0,0.0450706265995302,1.931473189475536,1.35596433900103,2.1774653384032616,B
g18310,HiC_scaffold_3,2434383,2435154,0.3443238978238705,0.0,0.0,8.454510872415261,2.3661589468373925,3.9901122960862905,B
g18311,HiC_scaffold_3,2435572,2436313,0.4680147292696496,0.546071649952124,0.626499856973771,1.8964717557113429,1.665566896529738,2.0760368331487102,B
g18312,HiC_scaffold_3,2436944,2438348,23.270963418227943,5.328580757016177,22.758467623882,14.14497384861023,12.8615032956386,16.372602095560175,B
g18313,HiC_scaffold_3,2439196,2439916,3.111876279068209,2.295383704663935,2.872050150772304,2.293775844441401,3.622234872801452,4.053426326108598,B
g18314,HiC_scaffold_3,2440302,2441131,10.469341113417986,5.266558708105196,4.063674223055865,38.81211075129222,25.88494441599277,23.769948175772896,B
g18315,HiC_scaffold_3,2441448,2443773,5.448512261635174,3.163072385356416,4.101283067223643,3.709562359790002,1.8886721243343088,4.269652358134001,B
g18316,HiC_scaffold_3,2443889,2446827,4.007236948392468,1.6332154959305591,3.278211579847423,3.2554983548264365,2.2459419257910165,3.7418275073203766,B
g18317,HiC_scaffold_3,2446963,2451078,14.601643558825511,26.04224981638295,22.948427446107857,30.86095375445378,38.63462503507654,41.98297812458687,B
g18318,HiC_scaffold_3,2451325,2454846,11.55243571419908,8.964821004117898,12.746812855335907,5.889016724461406,5.349883384854499,5.169472796318304,B
g18319,HiC_scaffold_3,2455105,2455507,3.684845514378556,0.7004786196111557,10.70324110126339,4.329007933293276,8.947287327519241,7.790298120955434,B
g18320,HiC_scaffold_3,2457638,2459809,24.57237691033773,3.025784466163816,6.285397027129124,2.41358482108033,1.4271509773134583,3.115454049765419,B
g18321,HiC_scaffold_3,2459903,2461345,27.070771523541588,13.221177314879004,10.543436150284895,6.401537258643796,5.580902370527255,4.32841531406547,B
g18322,HiC_scaffold_3,2463760,2465160,2.315025166945582,0.0713934943608003,0.4972203290727048,0.4027231087271002,0.354394271514265,0.4615249491470905,B
g18323,HiC_scaffold_3,2466621,2467077,58.40664409214095,36.416078273443,50.0830894153444,33.18302704493725,49.0493267276131,133.8019074136077,B
g18324,HiC_scaffold_3,2468986,2469388,11.31612128878358,9.596673410593686,36.77253720561379,12.406233852541348,20.51711511853597,23.633795919038867,B
g18327,HiC_scaffold_3,2477482,2477998,76.3600914141571,125.17965263916074,478.7113411302744,80.51120715299798,163.4455553393299,146.8352989234864,B
g18328,HiC_scaffold_3,2479886,2480441,131.87934508295496,70.50461620445745,112.57007432257376,40.78324881424309,66.12907870729619,111.856115740862,B
g18329,HiC_scaffold_3,2481111,2482740,3.083181474217,0.2189857977249243,0.4252575020731629,2.295406823428788,1.963308871513921,1.9543358122057664,B
g18330,HiC_scaffold_3,2483384,2485062,14.408961435236916,3.4102471778224013,3.209175713314254,15.712754764454438,5.17565583090265,22.18844356623586,B
g18331,HiC_scaffold_3,2485109,2485755,0.1344399759947924,0.8381538592625476,0.7355307592086098,8.513638482671025,7.158398538330761,1.3748847370340729,B
g18356,HiC_scaffold_3,2557236,2560680,0.0,0.0115088354785747,0.0,0.0,0.0,0.0,B
g18360,HiC_scaffold_3,2566015,2566714,0.3822831856294919,0.6336142902441585,0.3063512563289658,4.847853452469279,4.864423129084056,5.696039112287659,B
g18361,HiC_scaffold_3,2568485,2569025,0.626088530971772,0.0759547453894069,0.0,0.2394784271823822,33.644513426532946,33.044983976032896,B
g18364,HiC_scaffold_3,2574006,2574639,0.1817044196187465,0.0,0.0,0.0393753553933538,6.405917824461794,7.467482519033376,B
g18366,HiC_scaffold_3,2579031,2580303,1.3819390334338877,0.0,0.0,1.1476651900696635,0.5953334387379696,0.7507059021687446,B
g18367,HiC_scaffold_3,2581631,2583380,0.0,0.0,0.0245107959575119,0.0,0.0,0.0,B
g18371,HiC_scaffold_3,2586681,2588396,21.848508059845287,117.3751487551423,83.27299145175857,265.67152316878395,152.3807767692414,116.81600825313976,B
g18372,HiC_scaffold_3,2588576,2590670,30.2900102164565,0.5163403335521743,0.8677063007595058,2.8375905340368632,0.9556048543989684,1.1666084239169154,B
g18373,HiC_scaffold_3,2591076,2591823,3665.8633630959766,116.22149308625868,477.1860260484418,152.1807391493955,126.791551480083,117.1888331378475,B
g18374,HiC_scaffold_3,2592455,2593040,86.93407011113456,0.0,0.7307295853433466,1.0466264131818734,0.2277733229991496,0.9075421871072212,B
g18375,HiC_scaffold_3,2593265,2594752,18.09377856781112,1.7412984793201989,2.6387558041857258,9.035401454878366,5.030892800020526,7.132172429720645,B
g18376,HiC_scaffold_3,2594828,2596306,13.021540703571729,0.5685455530897043,0.7960531190087048,3.454393709999908,2.366233823048152,4.422053830405854,B
g18377,HiC_scaffold_3,2596390,2597594,11.915181046638196,0.5935340982309036,0.8472384893133418,4.421165245741609,4.866554250132255,8.7163938288382,B
g18378,HiC_scaffold_3,2597808,2602254,0.8137392596977384,0.00891507633563,0.0159946977996633,1.437724357754815,1.6313278087702154,1.779037213967554,B
g18379,HiC_scaffold_3,2603006,2604495,78.82772362006548,11.341903598323343,12.685265144331588,22.457170928010115,20.120900614869548,17.17036169933649,B
g18380,HiC_scaffold_3,2604553,2606057,15.75960810852379,1.9837649007019271,2.060819088319883,14.644885086462065,17.305921359215098,13.814235935923072,B
g18381,HiC_scaffold_3,2606394,2607891,17.95567963875312,2.550987475366072,3.08211755871228,11.36412355316218,8.698423173399062,14.27790922598939,B
g18382,HiC_scaffold_3,2608126,2608780,23.386269785238056,0.9739161107882536,0.8210295386528145,1.2149453153265282,2.5211634929737143,3.408295316465458,B
g18383,HiC_scaffold_3,2609592,2611293,172.74252640681675,92.79676093991876,29.29007514318792,159.8282074326782,70.20098314948835,69.1848815936402,B
g18408,HiC_scaffold_3,2662524,2664090,0.5063452954029317,0.0,0.1367429937253813,0.0,0.0,0.0,B
g18421,HiC_scaffold_3,2683992,2686086,0.0390248843939354,0.0,0.0,0.0,0.0,0.0,B
g18433,HiC_scaffold_3,2706419,2708852,0.0,0.0,0.0268154757800408,0.0,0.0,0.0,B
g18858,HiC_scaffold_3,4024912,4025479,0.0,0.0699055192031945,0.0,0.0,0.0,0.0,B
g18864,HiC_scaffold_3,4040355,4044154,0.0099539896968358,0.0,0.0,0.0,0.0,0.0,B
g18879,HiC_scaffold_3,4085511,4086288,10.204344693283469,4.266417588893881,4.6192688697152375,15.45720954424981,14.21818671220216,12.159115495777453,B
g18880,HiC_scaffold_3,4086413,4087097,5.950877125191391,3.761094944472666,4.264932720692279,7.309174167397632,6.084154706602371,6.282223076043705,B
g18881,HiC_scaffold_3,4087604,4090464,0.8885272563058031,4.036956682728915,4.554985742145101,5.707337260867891,4.216018919860893,3.943034630237915,B
g18887,HiC_scaffold_3,4110384,4110954,7.042205903951425,13.243692817249242,12.930112711783114,4.23647457046412,1.7403441827165356,1.7679668778058395,B
g18896,HiC_scaffold_3,4129348,4129951,195.6848732405801,190.2863287490694,101.540446304916,13.326199413814358,7.848599845397647,8.097787763464865,B
g18897,HiC_scaffold_3,4130031,4131339,33.447794355521445,50.76619662266359,42.00233142513925,5.777855884063968,2.243756563527424,3.690858376932537,B
g18901,HiC_scaffold_3,4137599,4139936,0.2090469124211786,0.8761923098494128,4.341382866467844,0.2073270081239838,0.1728725849666901,0.4088651777690886,B
g18911,HiC_scaffold_3,4159555,4160057,0.0,1.2124971122964103,0.8173192533684376,5.779426890193882,3.1198358196307696,4.859579296007279,B
g18912,HiC_scaffold_3,4160977,4162771,0.0218566440433167,0.0,0.0,0.4103504234410691,0.4458138720609107,0.2185552781880954,B
g18916,HiC_scaffold_3,4170578,4170869,8.79341165451647,10.240502752157957,10.151111915962977,5.230525725216039,3.4162429853960443,2.9193178296258786,B
g18917,HiC_scaffold_3,4171038,4172604,2.8718859099503025,9.7950503991418,8.660126971618137,8.106037396103664,7.58202545685748,6.743576164279734,B
g18918,HiC_scaffold_3,4174329,4177698,3.909006949836586,6.597922768080771,4.746845294735511,3.338523347833484,2.769129539369488,2.608974854410424,B
g18924,HiC_scaffold_3,4193798,4196674,20.80589511717801,16.66377847500233,23.908344729563275,0.4325570903413529,0.3709017896868044,0.3774991812362633,B
g18925,HiC_scaffold_3,4196806,4197729,4.85228364423671,2.741113450144795,2.281127213661523,0.4663659924968683,0.9165954176608178,0.4859640891476476,B
g18926,HiC_scaffold_3,4197754,4198555,4.621153131890411,3.2306609317878365,3.061392431977426,1.2739834617382355,1.5738096088130509,1.920915480408306,B
g18927,HiC_scaffold_3,4199063,4199756,1.356447232878642,0.9019373091086362,1.279510060269066,1.3892491709925407,1.0194489082230744,0.4561101198090415,B
g18928,HiC_scaffold_3,4207169,4208110,11.334289808815267,16.398830763659276,16.469716262459457,0.425559266371147,0.4530704481775272,0.51170367494146,B
g18929,HiC_scaffold_3,4208665,4211161,7.9034180094258115,5.023775135816079,4.9450379565863045,0.0,0.0372606431722595,0.0,B
g18931,HiC_scaffold_3,4213895,4216347,0.572893534227317,1.5033809216984184,0.7685255840311045,0.0114595861903415,0.0991965332640885,0.0244382617170317,B
g18932,HiC_scaffold_3,4216573,4217148,0.6184572117282975,4.973645358761781,0.9362305961525816,0.0,0.0,0.0,B
g18933,HiC_scaffold_3,4217533,4217797,2.0243632329925365,37.51767465159044,6.734131289517383,0.0,0.1001379785254475,0.0,B
g18934,HiC_scaffold_3,4218473,4220199,0.5727939041921849,7.797581144151346,0.9290349370704808,0.0151333333114711,0.0321025213487773,0.0,B
g18935,HiC_scaffold_3,4220584,4220848,1.903334873449924,37.61170645536784,8.47436954893157,0.1003398368061874,0.0,0.2013379516460005,B
g18936,HiC_scaffold_3,4222174,4223566,0.0,0.028474446399577,0.0258314207397054,0.0,0.0,0.0,B
g18939,HiC_scaffold_3,4228583,4229894,0.0,1.3596707376241723,0.0639241558571911,0.0,0.04699809125461,0.1414663566753545,B
g18941,HiC_scaffold_3,4233398,4234142,0.0560756433147537,0.0618635935298337,0.0,0.2350046268406032,0.4897344676847671,1.04128482226449,B
g18942,HiC_scaffold_3,4234357,4235005,0.0,0.0,0.0616755942940939,0.0437273683578824,0.0,0.0,B
g18943,HiC_scaffold_3,4235132,4235794,0.1425654690494227,0.072594193018702,0.1960984690237611,0.0,0.0,0.0,B
g18944,HiC_scaffold_3,4236081,4238211,0.3365437596398201,3.878874274022581,15.45287520902586,0.0,0.0,0.0,B
g18945,HiC_scaffold_3,4238727,4238991,4.484404108480023,13.56079270526291,16.521900057934246,0.0,0.1041730629985984,0.2013379516460005,B
g18946,HiC_scaffold_3,4239669,4243311,0.1244804180279522,0.9591166199804976,0.3049845707232448,0.1338914502104855,0.0495712031080738,0.0788663928759149,B
g18947,HiC_scaffold_3,4243785,4244585,0.0,0.0,0.0525692071194005,24.205589676512567,20.762438652659583,26.38583923556146,B
g18948,HiC_scaffold_3,4250266,4251783,1.9236267928980229,0.968417310765753,1.189488075395439,6.652954852331321,6.511993988369165,6.755905847053089,B
g18949,HiC_scaffold_3,4252335,4252560,0.0,0.0,0.1598103896429778,0.0,0.1222297272516887,0.0,B
g18952,HiC_scaffold_3,4259276,4263386,9.828755607755989,1.4883550331354516,1.5628670550599455,2.558606289505972,3.794564882376037,3.823088191759221,B
g18953,HiC_scaffold_3,4263604,4266486,5.1670206108155465,0.6945133964881445,0.2816566511119184,0.1042092572377315,0.1112841041497401,0.0598082116722186,B
g18954,HiC_scaffold_3,4266782,4267145,8.63517569941125,5.998908488317519,10.081217876760352,3.03442154423049,1.701446739159019,2.921719926005549,B
g18955,HiC_scaffold_3,4267868,4269147,10.894474451239832,5.33146970667845,9.472397546549782,0.0,0.0,0.0,B
g18958,HiC_scaffold_3,4279785,4282842,9.131633543642376,4.84912507131479,5.249684990315185,1.1344076452285297,1.116046621310994,1.6494686552413955,B
g18959,HiC_scaffold_3,4283445,4285210,7.45431445958268,34.27959702989288,21.78891136966548,15.476541973072395,11.332855727879252,13.472917852053422,B
g18960,HiC_scaffold_3,4285336,4286176,4.625274260249198,9.15875151013494,3.939147007888872,3.109368426206059,1.7449621227430898,1.931643756447368,B
g18961,HiC_scaffold_3,4286653,4288681,7.114082682624505,26.348839771716246,24.94843781378225,12.84433818808622,10.592553271031107,7.222558201128525,B
g18974,HiC_scaffold_3,4313846,4315138,0.078776940546764,0.1684090237257253,0.5153074378065476,0.5257584896448266,0.6426717942209724,0.1100480729493667,B
g18977,HiC_scaffold_3,4320936,4322877,39.76882266186728,24.9530902966918,25.732403560253616,65.89302478486768,60.95111793676021,63.3774951904717,B
g18978,HiC_scaffold_3,4323096,4323687,18.90647772913101,43.95758553697139,30.16803159308673,1.4155632003169758,5.597528495138171,1.3469682956729745,B
g18979,HiC_scaffold_3,4323698,4324858,25.96832104977113,45.62448238103777,22.13220356415401,0.0718288183400373,0.02539522221971,0.1018217406582417,B
g18980,HiC_scaffold_3,4325948,4327232,37.84708860154129,62.87732915703542,39.259410703118206,19.192178459189964,16.483376985104783,26.28766849735345,B
g18981,HiC_scaffold_3,4327448,4328729,37.420114086436215,53.23505019800616,37.24623488009408,16.139316190522432,22.10298540667125,29.12421694300957,B
g18982,HiC_scaffold_3,4329141,4329345,0.7546042679860734,0.5896491239544236,4.684340135109793,0.0,0.0,0.0,B
g18983,HiC_scaffold_3,4329407,4329810,4.197726300031064,5.748542875588037,50.71579799323112,0.0,0.0,0.6309311430073195,B
g19000,HiC_scaffold_3,4376281,4379175,60.84078603011883,34.13552540022995,21.925524370043465,91.71267391111284,61.492057992566856,2372.15740665716,B
g19014,HiC_scaffold_3,4411235,4411607,1.641690957766027,0.0,0.1302802089480797,0.0,0.0,0.0,B
g19016,HiC_scaffold_3,4416274,4417528,0.1496275750567936,0.1275317788476185,0.1701254220509654,1.0783940487627095,1.3283014274540037,1.1427168056026171,B
g19017,HiC_scaffold_3,4417776,4419321,0.146636473897548,0.1035112302103,0.0455082054985547,0.0504233228463818,0.0,0.0,B
g19020,HiC_scaffold_3,4427635,4428040,0.8304829263998671,0.1012729938525426,0.3531533376707247,0.5039312359764576,0.4674469963424057,0.9179321683900012,B
g19021,HiC_scaffold_3,4428603,4430589,0.0187201165748649,0.0406102678240136,0.0354029091114134,1.227727723795144,0.5255809539319989,0.8818057284719183,B
g19022,HiC_scaffold_3,4430729,4431329,0.9439723007154656,1.943343416204916,2.1999870963188606,0.5972251686882413,0.4089744551380769,0.3538381174905299,B
g19023,HiC_scaffold_3,4431725,4432580,0.933524441168916,2.44612310745321,2.7923753251145103,2.3560605716816605,1.5103145873609587,1.4280397779827163,B
g19024,HiC_scaffold_3,4432640,4433213,0.997574249612062,4.492090881573076,5.897109298787042,2.933719524500643,1.5965400170298336,2.225230800595712,B
g19025,HiC_scaffold_3,4433731,4434172,1.0393046914781303,8.991792524024884,10.412621591631105,0.6288000759854959,0.3045638463841595,0.3615865254050622,B
g19034,HiC_scaffold_3,4447551,4448832,3.0731167694145887,3.1465845925334053,4.444912587748787,0.0,0.0,0.0,B
g19035,HiC_scaffold_3,4449011,4449440,0.264048196004326,0.0923926092965298,0.0,1.0351158969109728,0.1873532431073806,0.4948784860007412,B
g19036,HiC_scaffold_3,4450616,4451066,3.20917721169444,7.733532041293242,7.837520496652971,2.6727967496988447,0.966001570225601,2.1226842533388925,B
g19037,HiC_scaffold_3,4451561,4451858,0.1251789613389957,0.5384675106899451,0.8366746397291054,1.3638184081994935,1.1966041333648687,0.892747755168362,B
g19038,HiC_scaffold_3,4452660,4453365,0.3858127084440075,3.0285732966298187,2.3269994687597206,8.59817839207972,5.341073113190994,10.376092676343683,B
g19039,HiC_scaffold_3,4453453,4454725,0.0305977775554185,0.0,0.0,0.0796096830257959,0.0424041784295189,0.0835742440794719,B
g19041,HiC_scaffold_3,4457609,4463985,0.0063940156153265,0.0,0.0,0.0166360303612308,0.0178974030270425,0.0,B
g19042,HiC_scaffold_3,4464108,4467334,0.0,0.0,0.0155622349480449,0.0117263023093552,0.0842768020449695,0.0235295348537158,B
g19044,HiC_scaffold_3,4473650,4476116,31.44345706248068,24.82174944019366,40.49641627697925,1.17646069952199,0.8914891822116631,1.5538217871028783,B
g19045,HiC_scaffold_3,4476533,4476983,0.4208337792311778,2.3238169520805494,1.031636431150143,2.797484900230729,1.7391895513433415,3.185748638029776,B
g19046,HiC_scaffold_3,4478226,4479713,0.0343213166230091,0.0,0.0,0.0453389037749792,0.0242519300102557,0.0,B
g19047,HiC_scaffold_3,4480313,4482212,3.843297063165305,8.104138506184526,5.720621973220073,10.575092874647172,8.523044507668237,6.339480003787173,B
g19048,HiC_scaffold_3,4482879,4483632,12.414796768714254,18.257592088811435,7.258746840486456,22.59683251284583,13.554265854472815,13.115538033114708,B
g19049,HiC_scaffold_3,4483839,4484334,1.6048871840933328,6.803024935584101,6.912127300350187,18.897275816243493,13.816372401572458,13.983220356673936,B
g19050,HiC_scaffold_3,4484393,4485545,33.57994598976741,113.59589426834862,79.85461408150124,95.12598630084202,72.04892497087279,72.31340479847393,B
g19051,HiC_scaffold_3,4485896,4486232,28.044258254523108,19.610111222115503,37.106535648646464,9.92293158479023,11.55499706841712,10.429739262361936,B
g19056,HiC_scaffold_3,4497414,4497942,0.650216801748464,0.6886809282277351,0.8777161838930452,0.0,0.0,0.0,B
g19057,HiC_scaffold_3,4498160,4498667,0.3001914184148881,0.0781783617124483,0.0,0.0,0.0,0.0,B
g19083,HiC_scaffold_3,4577820,4578797,0.7074627354343097,0.3930994159696157,0.7363498642978237,0.0,0.0,0.0,B
g19088,HiC_scaffold_3,4586919,4587405,5.702671546036047,16.586546893997742,4.838525854533408,1.6284856014770956,2.4394511664007137,1.6392557111737551,B
g19089,HiC_scaffold_3,4587865,4592427,2.4618777124571447,0.496905894351407,0.1961962987059582,0.4861760066266715,0.0377252244603977,0.436837182087074,B
g19090,HiC_scaffold_3,4594215,4595043,1.5847297125860254,1.401258111472758,1.0397170209185953,2.5096008640829446,1.0900558379408536,2.145959971836894,B
g19091,HiC_scaffold_3,4595177,4597163,7.3591496930280895,5.53541053647977,3.799082240591024,2.1179165853073645,2.880248835815145,1.9900013584063665,B
g19092,HiC_scaffold_3,4597295,4598314,7.445836880802428,3.053590817819873,2.5763009229226137,1.0174125292707976,1.3513505739955929,0.8904837404833654,B
g19095,HiC_scaffold_3,4603574,4605276,24.98818044357496,19.08393035282728,33.81227996453018,0.0342077956625591,0.0,0.0,B
g19096,HiC_scaffold_3,4605791,4606241,1.00690378742983,1.9561694339401323,1.8182089516889093,3.102249201214483,2.0869407366377533,1.5355374445534975,B
g19097,HiC_scaffold_3,4607481,4608968,0.0,0.0,0.0310009600949149,0.0,0.0242519300102557,0.0,B
g19098,HiC_scaffold_3,4609596,4611494,3.719525510734425,5.742916799647649,5.218599834736619,10.245829532207145,7.645183900661202,6.893613098299174,B
g19099,HiC_scaffold_3,4613422,4615448,3.5704625362222213,9.915853617064652,8.971405520314043,22.93002910018032,19.98334871767284,19.872288459100584,B
g19100,HiC_scaffold_3,4615872,4617707,21.58590273317983,2.372003923031988,1.3656707405243484,16.56234914378977,10.073951443202418,11.28315322944914,B
g19101,HiC_scaffold_3,4617843,4619590,6.144803063618653,19.85037279244274,13.270809586903583,29.37759815064356,15.78334722486344,21.32078525754792,B
g19102,HiC_scaffold_3,4619648,4620104,11.025722118635802,16.5530439551064,12.805354068945736,29.460453895732293,18.05794326781527,18.627137847447088,B
g19103,HiC_scaffold_3,4620189,4620423,5.051882320965449,4.130105853247112,8.638844166238952,10.0402025939727,7.226757068620201,6.127764502381442,B
g19104,HiC_scaffold_3,4620707,4622805,4.873292391310267,7.307442870958031,5.853954743020584,14.400897801760689,11.963531023666848,12.45028068588685,B
g19105,HiC_scaffold_3,4623065,4623682,4.564255451222424,6.341338963375829,3.662693888982173,16.872250642108096,10.220530052932885,15.298095317154225,B
g19108,HiC_scaffold_3,4635170,4635535,0.1214972271819664,0.0,0.0,0.0,0.0,0.0,B
g19117,HiC_scaffold_3,4655741,4658345,9.70962654587915,3.2945022563285287,5.854042923739295,5.5519085309800005,5.097772548475475,4.524167403522725,B
g19118,HiC_scaffold_3,4659005,4660616,12.210198489484652,14.043408892141253,14.98050078826388,97.51523174126194,90.54789086614744,85.12199503677763,B
g19119,HiC_scaffold_3,4661123,4661822,0.2202278550345622,4.388460598550498,4.946174956967963,8.968786670947408,6.289404677238556,6.909159936610746,B
g19120,HiC_scaffold_3,4661862,4663591,2.5833089419462585,9.5696002960518,10.088364036810969,11.148978584873175,8.015781991258935,8.16291258194317,B
g19125,HiC_scaffold_3,4679976,4688726,0.3031154166229149,0.0200926736169633,0.0220951596390433,0.0,0.0,0.0,B
g19126,HiC_scaffold_3,4689349,4691041,1.2935065880632974,0.2211184214829088,0.1091802637893854,0.0,0.0,0.0,B
g19127,HiC_scaffold_3,4691574,4692846,4.412953697632172,0.1257270838639258,0.253784426183171,0.0,0.0623500621007503,0.0,B
g19128,HiC_scaffold_3,4696330,4697470,5.200628096654686,0.4556236679060987,1.1564804911817927,5.944999233817589,3.486295009122081,6.28059146318129,B
g19130,HiC_scaffold_3,4700804,4701956,0.0378982176530904,0.0,0.0,0.0,0.0,0.0,B
g19140,HiC_scaffold_3,4745655,4746105,0.1652362289674743,0.0,0.0,0.2804180372729008,0.3619546826399026,0.0,B
g19157,HiC_scaffold_3,4780336,4780549,1.611805029686333,0.1860865229493488,0.4989085219011133,1.5359156499417357,0.6405783138837466,0.4976358311043647,B
g19158,HiC_scaffold_3,4781084,4782365,68.43797759446414,30.37025541303004,34.57806764050091,43.04423500455309,59.23487037323927,56.27658845677503,B
g19159,HiC_scaffold_3,4784222,4785065,0.9757122412680777,0.6790510775345757,0.3689360644218084,2.685527180969089,2.1316661645917643,1.7900436594487628,B
g19160,HiC_scaffold_3,4787539,4788469,0.6508642510535181,0.8642598416567463,0.8033135503685007,4.188010619396379,3.4172986382525714,5.820374388704797,B
g19185,HiC_scaffold_3,4846956,4848156,0.1913933154063409,0.1548113530073389,0.3208424928205671,0.3268228449143517,0.3838578194907109,0.2048258059971349,B
g19186,HiC_scaffold_3,4848216,4849606,0.6387154446079044,0.3605620187093881,0.3167633250454593,0.0617628777061645,0.0641660833269857,0.4722940066734706,B
g19188,HiC_scaffold_3,4855060,4857922,5.277284662655516,1.7692599230394634,2.7578137269608725,0.3652711289920231,0.2193696796276643,0.3280075249043152,B
g19189,HiC_scaffold_3,4860840,4862145,0.1776092082529837,0.1236045852850437,0.0820457962352287,0.0,0.0,0.0,B
g19190,HiC_scaffold_3,4863619,4865674,0.3349738025202864,0.4709605366335245,0.6069466343211387,0.0,0.0,0.0,B
g19191,HiC_scaffold_3,4866538,4868488,0.3148794159711924,1.6522780905504812,1.5349435389246369,1.42693144004848,0.9664811470663842,1.2792211418960369,B
g19192,HiC_scaffold_3,4868797,4870780,5.314859324888738,10.001942900943137,10.436441981392528,9.97294883630121,8.300278381609376,4.495330564402666,B
g19211,HiC_scaffold_3,4910571,4912318,1.5134025838226384,1.7835535872716235,2.460420530738032,1.107369471818521,0.8848126372182643,0.8233414873719221,B
g19213,HiC_scaffold_3,4923272,4924091,5.880599419759534,3.5006474399620515,3.5233762066429297,0.0354614684294959,0.0,0.1423111626092212,B
g19214,HiC_scaffold_3,4926670,4928194,0.4262326959670627,0.0,0.0,6.60506903593707,5.471576664039232,5.376171249419608,B
g19219,HiC_scaffold_3,4954826,4957290,1.6483420382835658,8.44171783944741,11.168757907190564,16.71056266272442,14.47747214009856,13.827744834476569,B
g19220,HiC_scaffold_3,4957807,4958482,7.252278775038744,4.777334137507518,8.212681873868936,12.189068556032836,11.461031033854349,15.411156515226253,B
g19221,HiC_scaffold_3,4958720,4960721,6.425766223197019,3.373945615159012,3.252249164274401,17.358060465907208,15.016049806776053,15.02807887765771,B
g19240,HiC_scaffold_3,5000630,5001068,6.909860199540773,4.144656128486492,4.389137579984716,12.641501786117344,9.042746647669851,10.902076599728158,B
g19241,HiC_scaffold_3,5001307,5001991,4.523254655413712,2.999705888134917,5.1386703065252775,3.61471533604786,4.055679097233533,4.189961620542929,B
g19242,HiC_scaffold_3,5002523,5002931,0.4598847527480866,5.632088731730298,6.619283593170252,6.41911746817762,5.998186337820865,5.9836470771145285,B
g19243,HiC_scaffold_3,5003125,5003575,0.3343440613411946,2.339140653436866,3.645331780289335,9.371787908039332,6.667321009275933,6.843281432713591,B
g19245,HiC_scaffold_3,5018324,5019626,0.0,0.0,0.0270008362117001,1.781710795827264,0.7862971751026901,1.8335213278775784,B
g19248,HiC_scaffold_3,5024849,5027576,0.0,0.0,0.0131856757131169,0.0,0.0,0.0,B
g19249,HiC_scaffold_3,5028293,5028686,4.746768576000914,3.1428020725612864,3.2034962985164306,0.3105869154391648,0.0823564683199942,0.6604139066992504,B
g19250,HiC_scaffold_3,5030229,5031975,2.5382177202811365,3.811270846613144,5.890131289222078,0.0883407506543409,0.0157512535118155,0.0607081512171991,B
g19253,HiC_scaffold_3,5035920,5038091,0.9355614410173878,5.490085487807971,6.817710003695576,8.681647993515526,6.5964141650916215,6.041777449907547,B
g19258,HiC_scaffold_3,5052941,5053511,8.718674519625468,16.358996246878846,16.246772653842445,5.299660507130847,2.0298356419968515,2.142059666974075,B
g19262,HiC_scaffold_3,5062370,5064343,84.0614725672976,113.788458629368,84.91063916327252,7.081298202367998,3.480047058089567,3.274138406362214,B
g19270,HiC_scaffold_3,5081868,5082370,0.0,0.2297777546965558,1.015283136776508,2.623254566941182,1.994673026238216,2.719623649899671,B
g19285,HiC_scaffold_3,5112716,5114822,5.831396485592746,15.234066086483685,13.92326075574082,3.4058537272114657,2.7167645318235856,1.2099973688601773,B
g19286,HiC_scaffold_3,5115026,5116107,3.821362080049064,13.97380255136385,26.258372150366363,1.0465776993744766,0.442001409223241,0.4026759032920011,B
g19287,HiC_scaffold_3,5116171,5116597,11.6276361104755,15.957404111259722,9.515042971329352,6.319463236324301,5.099162299330078,3.487089391015279,B
g19288,HiC_scaffold_3,5117172,5118273,2.6122288281519723,10.88534465054412,12.507797340777232,1.985262265785731,1.8529164467402564,1.3009508277365711,B
g19289,HiC_scaffold_3,5135494,5136160,4.826053673453571,1.0220945423572592,0.2147554080430083,0.3087946959809396,0.0809881606041262,0.159619276980613,B
g19290,HiC_scaffold_3,5136655,5138752,9.62468860420542,13.562970803889218,11.035394275507397,4.419739630900576,3.446689272748998,2.8349024226441406,B
g19292,HiC_scaffold_3,5144703,5145003,0.501516092011792,0.0,0.1198577922322333,0.5037090557893279,0.7227257405010145,1.2381750725136391,B
g19308,HiC_scaffold_3,5173151,5173781,0.0,0.0699055192031945,0.0,0.7583398010568654,0.4290196622240255,1.2159467686592258,B
g19309,HiC_scaffold_3,5174255,5174732,0.0,0.0830952398075709,0.0,0.0,0.0,0.0,B
g19314,HiC_scaffold_3,5182435,5182957,0.0,0.1571477490815317,0.0,0.2447379956429998,0.0506444948864332,0.0,B
g19318,HiC_scaffold_3,5198870,5202869,0.0097325263942216,0.0102564547412552,0.0,0.0186981245041207,0.0,0.0,B
g19320,HiC_scaffold_4,2163,4087,0.0426758476430837,0.0434609971361966,0.0394269053395504,0.1947395105851226,0.0591426699148553,0.2327882351911381,B
g19331,HiC_scaffold_4,26091,32553,0.0316471969178407,0.0,0.0354594350345996,0.9227920069004504,1.015736286387634,2.4957184577634424,B
g19333,HiC_scaffold_4,33310,34395,0.036993185589733,0.0,0.1431137817698308,1.5998135369151545,0.9092061367733162,1.7951337209312594,B
g19355,HiC_scaffold_4,77166,79330,0.014631307169493,0.0155987522188946,0.0559720003284561,1.721636262560355,2.0427575965384825,4.8457089633147294,B
g19356,HiC_scaffold_4,79480,81625,0.0181446960608356,0.0191214743637667,0.0331526463483932,1.4664553660447566,1.5077652089226403,4.255376879011767,B
g19366,HiC_scaffold_4,110230,110500,0.4259959171061723,0.0,0.0,0.7558968539646864,0.2937380703413127,0.0,B
g19368,HiC_scaffold_4,115083,117249,0.0751289754363879,0.0,0.0526461752118155,0.3254372877002945,0.1197582591912377,0.0518821075983837,B
g19373,HiC_scaffold_4,130189,132355,0.1105677658231877,0.0,0.0350974501412103,0.3611662691249594,0.17188659868552,0.1294026760785766,B
g19401,HiC_scaffold_4,186301,186648,0.774544823285036,1.25300438840315,9.149899382119491,0.7140877344559232,0.0954919744153818,0.3691195780176677,B
g19403,HiC_scaffold_4,189670,194198,0.2508049868360553,0.0194064644004162,0.0166335882411325,0.0,0.0,0.0,B
g19405,HiC_scaffold_4,195258,196749,0.5068803360719714,0.374947961637266,1.7909631863165982,1.080444559695111,0.9504423407389262,3.4165183541839017,B
g19406,HiC_scaffold_4,197470,197944,2.710894113913306,1.9436536029184377,1.5744290146005682,3.618853563755073,2.217849389483824,1.4551726250498724,B
g19407,HiC_scaffold_4,198932,200423,1.146615339023945,0.2411040447605893,1.2877501765708896,2.490053227906059,2.622971720139917,9.647050288948986,B
g19408,HiC_scaffold_4,200594,201113,858.7746573086663,11.850755724052208,56.05544913345542,29.08333206063118,80.17151362167947,19.42593699451092,B
g19409,HiC_scaffold_4,201126,202074,314.8600780842387,7.289588654820099,46.88848607824758,26.41435287240628,87.26820933422812,23.673281511323967,B
g19410,HiC_scaffold_4,203933,205223,3.242268145358615,0.2490146003658107,0.1666215326325453,1.9626530719249773,1.7257219026953186,2.015393523902933,B
g19411,HiC_scaffold_4,206610,208071,0.8636026219984332,0.4630921053002937,6.219363084733811,2.561457435749793,9.292351389428074,0.6901855805866159,B
g19412,HiC_scaffold_4,210220,211762,94.12359818083851,51.84763101742736,28.84446090571869,20.19664365743721,47.90230759855339,4.127792497444473,B
g19413,HiC_scaffold_4,216664,223482,41.8384975175976,13.78279166252218,7.745446741165615,4.221885393161001,9.938286334005843,0.977106093552776,B
g19421,HiC_scaffold_4,245056,246157,0.0,0.0,0.0319301441849532,0.0,0.0,0.0,B
g19446,HiC_scaffold_4,310485,312048,2.6090597179083885,25.007451436897792,9.882173392931245,0.0488412775718614,0.1021649521978379,0.034007178013144,B
g19447,HiC_scaffold_4,312170,313293,5.238938869102467,2.2358442618346173,4.365394025878134,1.0657677889466424,0.2673512513623203,0.5920185380708551,B
g19448,HiC_scaffold_4,313606,314722,1.6334051492567725,0.220513776936988,0.1274416244037698,0.0921403528330222,0.0483316442314946,0.047628332647441,B
g19449,HiC_scaffold_4,314741,322122,0.956272341266102,0.1708736941239952,0.4321447543971248,0.5250595026171865,0.3379366737925724,0.4783186240047847,B
g19450,HiC_scaffold_4,322301,323039,4.947136799105079,9.354106422076375,8.831459861288305,3.93725130385246,3.333127428522733,4.2430756614908205,B
g19451,HiC_scaffold_4,323270,324974,1.0874937863597405,0.0,0.0,0.132562509758672,0.0322789772671713,0.2488179155521823,B
g19452,HiC_scaffold_4,325353,327033,146.0903430559426,469.81255570587183,234.9666107952821,14.36685850373476,30.13746152331597,35.86503705887269,B
g19453,HiC_scaffold_4,328871,329982,34.506437486080344,68.5135652917202,59.78069445892096,30.46829882401129,21.91298767740697,31.779251855831028,B
g19454,HiC_scaffold_4,330044,330863,23.77668215032623,23.89266557099857,13.732594455241117,7.137318294999215,6.3791701040798365,4.92597625430984,B
g19455,HiC_scaffold_4,331011,331375,82.31441859452349,317.77792050342737,70.80054330790855,127.77141210459288,90.81339484228968,64.69213731635593,B
g19456,HiC_scaffold_4,331595,332981,37.94241608618744,59.267868341111885,100.66436527653764,21.975817895454767,13.230803625467136,23.54705535883465,B
g19457,HiC_scaffold_4,333357,334715,3.702792292188225,1.4093574023889812,0.9582956792683748,1.3249847923969271,0.8778604984014011,1.214403676392226,B
g19458,HiC_scaffold_4,334741,336832,7.7559525780416765,1.9755245749680348,0.868951216542518,1.0974393041232182,0.5892178602232003,0.7612656714689607,B
g19459,HiC_scaffold_4,336919,338464,0.5143553101189656,0.0,0.0,0.0161324271611605,0.0,0.0,B
g19460,HiC_scaffold_4,338964,339576,8.058671734956434,0.0,0.0,0.3258117642352023,0.0,0.0868516654159218,B
g19461,HiC_scaffold_4,339647,340736,0.4502156619477551,0.0,0.0322819915037957,0.8554645549906181,0.025254075878448,0.5357625213999553,B
g19462,HiC_scaffold_4,346541,348167,2.78984852892538,3.63171322756763,4.175912269046394,4.3116707782177865,3.537640577832003,4.014523833457316,B
g19463,HiC_scaffold_4,348203,348720,22.746939255968503,37.52885859687159,21.552369902450053,26.361119723586427,23.547058742998058,26.41784606300052,B
g19464,HiC_scaffold_4,349942,350584,0.2976906887645493,0.0,0.0,0.1189079701632701,0.1680315107861312,0.4134830058081965,B
g19465,HiC_scaffold_4,353326,353941,1.99962917694384,0.3911818578429346,0.0584672157230406,0.3318571553991306,0.2631127559138932,0.3447038439844868,B
g19469,HiC_scaffold_4,360240,363207,0.0764041411327049,0.0198978059177767,0.0352962738430055,0.0500493975180581,0.0138060685901756,0.0,B
g19470,HiC_scaffold_4,365274,365733,7.606164538438563,0.265070924637845,0.3133537051823093,0.1663157229734627,0.1198330659330282,0.6941379280248503,B
g19471,HiC_scaffold_4,371423,372059,3.200464978741799,26.61623685164649,10.41869754648084,7.569440854345284,6.636826064426112,6.759277708611707,B
g19472,HiC_scaffold_4,372209,373571,23.228122861783064,82.70834548622537,28.229906702136603,24.22612347818473,28.80553894015628,46.5925314771204,B
g19473,HiC_scaffold_4,373766,375296,61.862852263968655,1.9468020704286904,4.608733137399715,1.0558960248905078,1.215903486961147,0.5550401842988706,B
g19474,HiC_scaffold_4,377050,377673,27.30885257219392,41.56968204194689,25.0970949225757,37.61827892793809,30.04834440814432,27.06901808407724,B
g19475,HiC_scaffold_4,377819,379619,9.30545960543715,10.348040405102909,13.418164933444457,4.664221369275468,4.12449445121975,5.070990780822355,B
g19476,HiC_scaffold_4,380128,380464,0.6742659290824754,0.1179655636553908,2.6610712744331293,3.333807002108032,2.247421456764505,3.160191544391216,B
g19477,HiC_scaffold_4,382314,385583,0.0599182905629381,0.0,0.0,0.6669696613809264,0.3209382467273939,1.3530330309823997,B
g19479,HiC_scaffold_4,391293,400150,0.1172571816911461,0.0,0.0090454364460655,0.423698954292508,0.2307739873497158,0.3073195421479352,B
g19482,HiC_scaffold_4,411468,415094,56.08515815961543,53.215260975286895,42.48787572663765,15.675606849512516,12.579307516656796,11.752146959811617,B
g19483,HiC_scaffold_4,415879,416731,13.349245149961646,24.71606367733194,38.274013945310905,7.841095879483925,7.032150011765598,28.91236280072542,B
g19484,HiC_scaffold_4,416868,419094,54.23272197369622,9.861084769298513,11.53015007098576,5.127468016613012,5.442219388196737,8.369325874731878,B
g19485,HiC_scaffold_4,420155,420953,7.087361147816287,4.231015782907365,10.513360675937028,1.0601360314591175,2.543362802060128,3.660334594422381,B
g19486,HiC_scaffold_4,423409,424210,1.7942083135221665,1.155342331023152,2.1715937278362167,0.2587045998453762,0.5440274268444847,1.1265476918998951,B
g19488,HiC_scaffold_4,427911,428712,2.9081604189208696,0.2013782569250713,0.9316845854190628,0.1303292767971203,0.0686683860964543,0.2646602547446434,B
g19489,HiC_scaffold_4,431023,431824,5.164340384932433,0.3037891495849459,2.1725952870397585,0.3422853927639484,0.2336897739286525,0.4641230064893263,B
g19490,HiC_scaffold_4,433565,434366,11.42884407560624,0.6006912423805363,3.0175034322924903,0.9199743464810995,0.4410248476998031,0.3977644306659254,B
g19491,HiC_scaffold_4,434801,436936,28.245671641210585,20.14609309839802,28.64331108392916,12.428858485732952,11.554830287798966,12.380084863631854,B
g19492,HiC_scaffold_4,437421,438651,0.7249464529233368,0.3578358720622193,1.1894466337788292,0.5813862483520724,0.4754448505516542,0.7768438377612685,B
g19493,HiC_scaffold_4,439008,441255,4.5213462028225,3.0242342306650105,3.456385050736441,2.1972506747800296,1.759353002035164,2.97751912852144,B
g19494,HiC_scaffold_4,441755,443117,5.661478401008513,2.1899739846711466,5.659970007665292,5.026207920228496,3.5920627951982387,4.832833336751419,B
g19495,HiC_scaffold_4,443324,445316,4.911449528198324,5.785110110834097,8.10770245278528,7.778850173247197,5.469093353460547,8.580208887444758,B
g19496,HiC_scaffold_4,445457,446363,0.3712423677615299,15.926943580816296,29.146236137788936,22.728845188221715,19.10838797958499,4.044328980464792,B
g19497,HiC_scaffold_4,446793,447744,20.55097217779908,2.5311751407530143,2.9188132250693464,3.851545912597212,4.022444913904384,0.837400913971174,B
g19498,HiC_scaffold_4,449827,451285,6.208669396808712,12.492152838023529,21.862935785362662,7.782438676167894,9.458194767658174,3.0205535222021256,B
g19499,HiC_scaffold_4,452951,455647,2.6480405880984605,7.753632076691167,7.233755870436378,46.04379779523809,26.877418787473943,59.4280187103779,B
g19500,HiC_scaffold_4,456024,458717,69.8998696122452,0.3740744245681353,0.4235243741505335,0.6164664118451266,0.4077251396394682,1.2898041270851524,B
g19501,HiC_scaffold_4,459078,459936,65.40871751142883,0.0,0.0440539959243528,0.0956628030636835,0.0331283537978924,0.1998241324606923,B
g19502,HiC_scaffold_4,460550,461413,0.5655051006881204,0.0,0.0,0.8045467824184205,0.1388974173314645,3.819158324832423,B
g19503,HiC_scaffold_4,462901,463773,1.1757525372157245,0.0,0.0,0.1573522724999556,0.0347243543328661,0.8045689620288037,B
g19504,HiC_scaffold_4,464401,464710,9.040737956066543,0.0,0.0,0.0857272392130533,0.0,0.0,B
g19505,HiC_scaffold_4,464799,465261,13.641281479110672,0.0,0.0,0.0539493505714133,0.0,0.0,B
g19506,HiC_scaffold_4,465794,466750,0.0449011491759441,0.0957401676043751,0.0849156733034627,0.8335513110012753,0.2286425525587854,1.089438037159369,B
g19507,HiC_scaffold_4,467958,468899,0.1842783222685587,2.372937805121139,0.1742507496784811,0.5174411435662624,0.5032636377558595,0.3940387807629356,B
g19509,HiC_scaffold_4,472135,474797,10.391745056051072,12.334172014286017,12.976636588612712,53.07603763235832,32.53369341419749,47.25857858113494,B
g19510,HiC_scaffold_4,474870,475983,0.6487654849247373,3.2363217299506823,7.022184323772338,6.098623940853615,5.31481198297573,7.05881651278443,B
g19511,HiC_scaffold_4,476105,476879,1.566343318465574,2.1281133525449083,2.7160580728445165,7.177831930842414,3.715205631300985,5.486663336917411,B
g19512,HiC_scaffold_4,476974,478556,0.3616946465995803,0.0,0.0841743428356709,1.2799071176927683,0.4074457820733665,0.583801129767551,B
g19513,HiC_scaffold_4,478674,479623,61.460245306706,0.394635152698586,0.5326933757025615,1.5193531850999165,1.10480395332108,2.039516428262351,B
g19514,HiC_scaffold_4,481227,481829,3.7933390342924818,53.7101455439358,53.54938399910869,130.10812302147025,98.18614147161546,68.4643159896192,B
g19515,HiC_scaffold_4,481881,483849,12.614970441917777,4.828833187399017,12.20566941033024,6.33079872282288,10.864813841336144,9.00375229774246,B
g19516,HiC_scaffold_4,484223,488835,0.7525477449901844,0.0720369416944703,0.1549396259734292,0.759629616828794,0.3314351551284898,0.4891189204973898,B
g19517,HiC_scaffold_4,489594,491364,27.846705137755915,45.47536993050716,11.399332763958933,7.429806490947641,8.488758854623157,7.494906409422722,B
g19530,HiC_scaffold_4,522291,523514,45.533151306137896,93.87866489081458,239.9384519946996,248.31666191569343,209.1396855159592,960.374800110158,B
g19531,HiC_scaffold_4,523900,525095,2.8656981391108203,5.155137976491248,10.571332068925573,6.288232436535234,4.826767324045498,13.07190058647454,B
g19532,HiC_scaffold_4,525180,526680,0.3764274392643124,0.0811117029391804,0.47194351232326,0.7114531459164212,3.033897672908326,1.4155591409246924,B
g19533,HiC_scaffold_4,527358,528243,19.994269824939035,160.999482049353,780.7328080874513,169.69252703222463,353.02675572205453,598.293885402043,B
g19534,HiC_scaffold_4,528420,529038,0.4352073920514976,0.9821337199381648,3.5050503794508603,0.5067657801674439,0.8779562079712246,0.4295405982667672,B
g19553,HiC_scaffold_4,564263,565735,16.080307109314543,16.98269414390661,28.832912795997792,10.159625569141566,14.095674703777798,9.641874615030993,B
g19554,HiC_scaffold_4,567320,570868,36.1775728557714,134.75303990755006,1682.045946183622,132.46623999990285,269.46458907095354,184.66133258045485,B
g19555,HiC_scaffold_4,571072,571990,81.52153470695129,25.05743542449516,18.76754360668661,18.97900203666992,9.729359157541088,7.167918256588696,B
g19556,HiC_scaffold_4,573040,575479,6.888455602118507,2.315300765074393,5.736571762166463,2.244707744703402,2.337622489337935,4.265334424217072,B
g19558,HiC_scaffold_4,577285,578686,2.45258382114348,0.0292759189937757,0.5070107175239109,0.8051282922715927,0.5835787457833809,6.061687955900484,B
g19559,HiC_scaffold_4,579566,579818,0.9059348162877874,0.0,0.0,0.0,0.0,0.0,B
g19560,HiC_scaffold_4,579986,582832,0.5538100642575774,0.0,0.0,0.0933626904592082,0.0,0.0571042882166393,B
g19561,HiC_scaffold_4,583192,584502,4.782087253794655,1.9993403083346792,1.260471385311564,1.8520631926690667,1.539277891256808,0.8526219698566986,B
g19562,HiC_scaffold_4,584567,585278,18.461497014407364,16.909008290030478,15.837537590288502,11.870121352937115,8.707686828917023,11.572726810496697,B
g19563,HiC_scaffold_4,585415,586354,0.6485452077192808,6.8661866386836685,5.313990935052805,10.710154942593036,7.94902185119574,9.51499453609584,B
g19564,HiC_scaffold_4,586438,589692,2.1151144313383456,13.787863973171913,7.525907335488355,17.55999996615524,13.902504699694372,11.764451157290104,B
g19577,HiC_scaffold_4,617472,622832,1.4501067129798484,2.2503646439240828,4.6270105136172806,11.690158293973203,8.310471489926513,10.135299378346255,B
g19578,HiC_scaffold_4,623236,623992,17.839023599232057,13.210391090201338,24.19443446421129,18.01952350706396,15.421904496140757,17.41231215605726,B
g19579,HiC_scaffold_4,625378,631484,0.2855297714226203,0.3526714859041435,0.8282846360179695,3.5603455497732632,2.739759082889897,2.887632682271297,B
g19585,HiC_scaffold_4,641926,642456,0.16054541048138,0.0,0.7501310803513035,2.872778141066416,2.168818504614662,10.639336902870598,B
g19586,HiC_scaffold_4,643639,644521,97.7718243839695,138.76473956367127,73.46208840646949,35.054116108024594,31.69078364333584,25.573012985225738,B
g19587,HiC_scaffold_4,644961,646287,5.078763056444694,0.5123196320421313,1.2593805787508137,0.0587511567101508,0.2424571381389631,0.2001931295089458,B
g19588,HiC_scaffold_4,646340,646940,1.6215475104314745,0.081056092818428,0.0,0.0,0.0,0.0,B
g19589,HiC_scaffold_4,649162,650326,0.0,4.793950090497112,19.539911719059017,2.968827362272558,3.839696482618996,0.5020407260619648,B
g19590,HiC_scaffold_4,652434,653583,3.4844247485251936,202.0043989340935,195.0817203499796,65.99475725962061,144.15795107722897,177.25206626451669,B
g19591,HiC_scaffold_4,654214,655774,0.9268222365151904,0.9067259238469314,0.6166788357891255,4.695683913962662,7.116700397189197,2.64843733876081,B
g19592,HiC_scaffold_4,656611,661171,0.0,0.0,0.0234802114225818,0.005809148446674,0.0,0.0464896631689603,B
g19593,HiC_scaffold_4,661795,662491,1.108388757009491,0.8601779313065733,4.181025489447114,3.219016633186857,11.180757321262671,5.79740598443603,B
g19594,HiC_scaffold_4,662697,664089,0.2670844218224262,0.028474446399577,0.3053664228877504,0.2361459413724355,0.3479725376151015,0.3048101541269952,B
g19595,HiC_scaffold_4,664815,666138,2.624387820319261,2.0117276890780094,2.2364225707312504,0.2119660373509332,9.677534466063303,0.6827624493903188,B
g19596,HiC_scaffold_4,666911,668237,1071.8020413070058,0.4257646631142063,0.3476828041699988,0.0763676597351526,0.3852294107774806,0.0,B
g19597,HiC_scaffold_4,669047,670457,2.056244197908169,1.4969809365825908,13.8950485576242,1.7490814340747338,3.118077305377183,0.263441504790136,B
g19609,HiC_scaffold_4,691559,691835,0.6861420313551811,0.0,0.1273735099551941,1.298315584104872,0.0957841533721671,0.9606742148007372,B
g19610,HiC_scaffold_4,692012,694858,0.955668589840723,0.0147167429172155,0.012901807559982,0.1201921845001048,0.0485747824027004,0.2095677785045814,B
g19611,HiC_scaffold_4,695224,696532,5.037775503220505,2.23216537164078,1.6564340289974324,0.9447942332912824,0.5844433099126455,0.3412977891024052,B
g19612,HiC_scaffold_4,696597,697308,11.890161903232874,20.65816881326032,29.698420748814264,8.37930101136857,6.759238457318625,9.930222181888148,B
g19613,HiC_scaffold_4,697445,698384,3.580263699108554,5.375773014575667,2.9579808163931283,7.001963853634525,5.5934319214228125,6.242672890731593,B
g19614,HiC_scaffold_4,698865,700111,1.0292877998841323,6.8248749666214135,0.8056559312998312,18.766315177385824,13.977582970653785,8.786513623281158,B
g19622,HiC_scaffold_4,720887,722243,0.846937134700483,1.993017179321892,1.951032638670271,0.1309752460572506,0.9889351312332744,0.0783970785170267,B
g19623,HiC_scaffold_4,722999,724325,830.3270854363589,0.2401738825247051,0.456756408695426,0.0187968325520309,0.0614176497692142,0.0,B
g19624,HiC_scaffold_4,725117,726524,1.0127685205412795,0.4002734969206604,0.8342261267565936,1.1604386670673223,2.441361166151877,0.0755553933682219,B
g19625,HiC_scaffold_4,730546,731578,49.41985815296733,475.3552497798755,575.8725895997402,16.6686063847079,32.0352450559893,4.624340593688183,B
g19626,HiC_scaffold_4,732795,733857,17.626784881772295,85.10226908526599,94.75832364415524,36.2400207448018,48.65037373257735,7.040718974778383,B
g19627,HiC_scaffold_4,734002,734986,1.4728746690614352,17.52317916684403,5.086214763584669,0.9767297727474042,2.416442332584,3.136136468962407,B
g19628,HiC_scaffold_4,735542,736526,70.43753890378797,521.8295494275159,344.42321758865955,24.973348297147844,241.4865787657212,111.61144271036412,B
g19629,HiC_scaffold_4,736929,737916,18.617171301379614,4.21876502653273,0.5763925140206977,2.9548254694529774,36.377476779084894,2.9027393405468973,B
g19630,HiC_scaffold_4,739156,740042,0.1088677032448842,0.0,0.10173451561846,0.3253957561968781,0.0771646852107984,0.2281254044401037,B
g19671,HiC_scaffold_4,830802,831201,69.87344716645075,17.469150877619477,39.98308517578218,120.33370020533262,81.27133980999564,468.50327494159023,B
g19672,HiC_scaffold_4,832323,833277,1831.123255912832,2.861378958543062,3.362769054506316,11.976970857484671,12.2575714807425,22.127914382588127,B
g19738,HiC_scaffold_4,1002758,1003781,23.50365671535296,95.25467736457884,52.97906514632815,36.96687063162396,26.176804806008363,23.56204394817168,B
g19739,HiC_scaffold_4,1004006,1004483,28.82482567165654,23.771886989327832,19.953529675073725,22.34722865192444,15.63518506212296,16.35520540077045,B
g19740,HiC_scaffold_4,1004675,1006805,0.5468160787689241,0.0564734372238039,0.033762758375277,0.1682324418840116,0.0124114677609005,0.0996727091522619,B
g19741,HiC_scaffold_4,1006842,1008855,1.03397167693071,0.2200180769402219,1.0804500112484017,1.010760575207795,0.5926627436548085,0.527637538678245,B
g19781,HiC_scaffold_4,1096890,1097829,0.039593345599235,0.0,0.0757320835115053,0.0547543310764924,0.4584021910520481,0.1128822492281466,B
g19869,HiC_scaffold_4,1343870,1345457,0.0,0.0258447148773029,0.2039168487882987,1.4341299190217789,1.2363025345695384,0.0334928917671985,B
g19870,HiC_scaffold_4,1345625,1346054,0.6066365049505177,1.5297179491013435,0.0838166379246387,1.0603805761380782,0.189836372013935,0.0,B
g19871,HiC_scaffold_4,1346129,1347332,0.1545226580119772,0.4432271925466641,0.3586766849842394,0.481734220268662,0.2461571081815949,0.0,B
g19872,HiC_scaffold_4,1349546,1350968,1.1413865096481464,0.0,0.0,0.0876392403797221,0.0193401467170393,0.037379197773941,B
g19963,HiC_scaffold_4,1590143,1590452,0.3778676995193438,0.0,0.1137705137463869,0.2470515108246583,0.1745570063506411,0.0,B
g19977,HiC_scaffold_4,1632438,1635729,4.133161441560091,2.056177236170618,1.237583610293107,2.74882333864564,2.043371052951964,2.0967071444053538,B
g19978,HiC_scaffold_4,1636012,1636333,0.1212472680700698,0.5068009872867622,0.2240332565088473,0.0,0.0,0.0,B
g20212,HiC_scaffold_4,2126695,2127607,0.0,0.0449732045068857,0.0,0.0580914844667401,0.0,0.0,B
g20215,HiC_scaffold_4,2185261,2187464,4.466465982748712,0.2085199571001255,0.4021428276505081,1.1764772765970406,0.4152492606506145,3.2226859870007383,B
g20216,HiC_scaffold_4,2187538,2189274,1.856685820210229,1.3620160234497776,3.432854826543496,4.239927140105329,3.0617641104592206,4.242195112370145,B
g20217,HiC_scaffold_4,2189669,2191004,40.27217997934864,387.886151113477,200.30213858232224,90.99374887844296,78.39496027063862,48.46801677716997,B
g20365,HiC_scaffold_4,2552885,2553419,195.16158093730377,132.37974032297078,975.1147431499304,119.10350009513888,907.6206911717107,700.5743109946643,B
g20366,HiC_scaffold_4,2554455,2554989,140.91107431783405,95.73795386318471,731.9932553059576,155.86390730073532,985.5726769816548,771.7307973651231,B
g20367,HiC_scaffold_4,2556064,2556436,577.6340455369623,1613.056564756905,775.7147962362568,743.9325699113756,1262.0405121399049,403.9834543877015,B
g20368,HiC_scaffold_4,2556685,2557519,6.27234332602904,55.83863546731263,79.60319720420884,50.430566833217085,58.23906784171926,53.83510105536256,B
g20369,HiC_scaffold_4,2557601,2559771,4.482809696922748,13.691469418686257,20.64797731463436,9.4665149150274,7.492813932999292,6.909334167875999,B
g20370,HiC_scaffold_4,2559883,2561248,70.58672851374001,0.4135999584538005,2.504183122024022,2.2975502259699336,0.7918628746144953,4.6653158208776295,B
g20427,HiC_scaffold_4,2750409,2752590,7.617817953530476,0.899987178749831,15.222214285273806,12.170398450490191,7.123967398468131,34.94150862638441,B
g20428,HiC_scaffold_4,2753229,2754104,13.438899172259454,7.192735305158964,8.654483758283938,24.76385787368056,23.05807748344348,24.16740912973667,B
g20429,HiC_scaffold_4,2754305,2756564,2.954969704537209,11.46253757323636,40.80688866653945,23.642098709734206,15.35596466377235,20.040767606597107,B
g20430,HiC_scaffold_4,2756977,2758352,176.4509809119769,112.88618417153276,42.44897879793997,84.72072530155785,76.48472673412445,67.61429697699216,B
g20431,HiC_scaffold_4,2758693,2760253,17.11991372045535,5.115647306784879,8.45316841752475,9.970967594072722,5.671225158537231,11.05689468586072,B
g20435,HiC_scaffold_4,2770629,2772542,4.32659780145784,11.31571982895105,12.521433928075478,21.634276426130786,18.981424537139866,26.09338590950152,B
g20445,HiC_scaffold_4,2795559,2797128,2.3107079991366573,2.599923518946284,6.112971449418072,24.78031826355849,18.010091734614505,28.70889004609044,B
g20455,HiC_scaffold_4,2829810,2870341,0.7788683105241073,0.8386995495720859,2.857076880219521,3.256408633672465,2.492946027306946,3.3862127222447294,B
g20456,HiC_scaffold_4,2870458,2874805,6.84338118146001,4.5069101370423255,8.785167091731783,8.478438125986324,7.107449363148937,7.585900270184178,B
g20457,HiC_scaffold_4,2874923,2875940,17.2860788337321,7.481328878808022,16.06603216562343,13.254267365436789,9.431260800178798,11.37663857647448,B
g20458,HiC_scaffold_4,2878873,2879369,14.637542067229145,12.939454439902498,15.207218687237644,85.60474452251248,60.43327168040606,62.13994588812445,B
g20470,HiC_scaffold_4,2911439,2911796,9.008106353089325,3292.8529537996574,7346.027821857182,32.794492936331146,68.8762447449862,60.54901923698428,B
g20471,HiC_scaffold_4,2912347,2914320,0.0,0.0,0.0466867048441348,0.3455535435721293,0.3202172959883118,0.4937085367834668,B
g20472,HiC_scaffold_4,2915061,2915436,0.906213408686847,5.693890895005097,10.050556266978903,6.290441013301628,11.036043496213647,14.30270677223259,B
g20473,HiC_scaffold_4,2915912,2916341,8.800252825992834,4645.369163251025,7868.135422015159,3161.463403631012,4903.79521980129,4859.377124208779,B
g20474,HiC_scaffold_4,2917599,2918178,10.451287242253724,865.4446938788815,1071.75822669669,211.2092638244457,723.0437390833324,75.6368647149244,B
g20475,HiC_scaffold_4,2918443,2919793,2.383434214507925,5.300977466788433,9.16203607635452,3.928344948834384,3.687618897073856,4.050571441360753,B
g20476,HiC_scaffold_4,2920003,2921371,1.7724411235268336,4.852287500527579,5.644528606135022,4.595320299322721,5.23166683067967,4.850264778834882,B
g20477,HiC_scaffold_4,2921466,2922657,1.3017947398968188,1.8972585275229368,3.383952099806227,2.658082291579743,2.649800467210597,5.216395064285888,B
g20478,HiC_scaffold_4,2923494,2924061,7.559964685371709,377.46603274785576,419.9315131264249,488.4760115971553,769.9442518544918,325.5813598699122,B
g20479,HiC_scaffold_4,2925006,2925573,6.93499237523289,472.56063970751705,536.0772496842934,431.2157404446175,664.9119663412986,273.61595257868066,B
g20480,HiC_scaffold_4,2926953,2927313,1.9960567487934104,215.60164173485745,401.3593412746509,202.62135164161387,322.65820589165264,118.70063977074898,B
g20481,HiC_scaffold_4,2928608,2929163,2.68157978902959,916.287173697579,3759.365890366724,878.3680867395658,1470.736860860302,810.4360301474337,B
g20482,HiC_scaffold_4,2930023,2930560,56.989399920235584,8656.86984043474,16294.381064496392,8270.280164347889,10275.349718059657,8952.46024907312,B
g20483,HiC_scaffold_4,2930965,2932060,34.46522175524405,20.01016528694461,9.8906012657299,37.28341552365119,20.54666244996579,24.9189217880692,B
g20484,HiC_scaffold_4,2932499,2933210,1.921644161971186,2.314740649434164,9.142008300064653,53.19561060459445,64.98267738502634,29.71242003260479,B
g20485,HiC_scaffold_4,2933371,2933977,39.95973977855336,47.126603134730175,37.432682577590384,60.03186046700316,46.22888950949213,49.8470148145816,B
g20486,HiC_scaffold_4,2934046,2935235,9.957920251691917,18.401996967445463,27.16945720083776,25.014114212515924,16.242569518324967,17.114243254571893,B
g20487,HiC_scaffold_4,2935367,2936799,4.683149756586944,4.368305620809982,10.956313260297067,4.595982098059265,3.1993209691861946,2.812186663238839,B
g20488,HiC_scaffold_4,2936944,2938220,10.215961699027272,1.6043224238223306,3.0911007637983188,6.397719783830746,4.530091685477894,4.725020451105028,B
g20489,HiC_scaffold_4,2938253,2942226,1.801650239845499,1.116670339995003,2.4768972359994432,3.5272666982841683,3.0087365852216443,3.752314483448637,B
g20490,HiC_scaffold_4,2942328,2943411,0.8024332937850096,0.9264293008346252,2.1462520459611887,5.165775896334378,4.487129757085699,6.618877601118056,B
g20491,HiC_scaffold_4,2943415,2944984,0.6349583846510558,0.7431523580133523,2.5635847429246983,4.77213149687933,4.075417322364903,4.940331307438845,B
g20492,HiC_scaffold_4,2945151,2946514,1.8302686592991937,0.1804865236976008,0.2355770386952113,4.807590388986572,4.204999403093963,3.8531709059300976,B
g20494,HiC_scaffold_4,2946572,2949346,1.576227053623198,0.0159717922547818,0.083387666734403,0.4744129422162889,0.2936403221074617,0.8063884365421385,B
g20495,HiC_scaffold_4,2949450,2950137,51.92769706983261,11.1000278388073,7.632897551466773,26.677774097553723,13.950868197045327,16.846053126098393,B
g20496,HiC_scaffold_4,2950313,2950999,14.239605224069887,7.846676671046142,34.09398915481461,58.279354843357964,34.84558819683308,72.37762519027065,B
g20497,HiC_scaffold_4,2951173,2952257,43.56329977428548,42.1118976555296,99.74523819760005,103.71623855382728,83.19503507584945,124.63584937638537,B
g20498,HiC_scaffold_4,2952911,2953259,2.7159016716590214,0.8170996302523608,6.743419746468442,2.659361217973783,1.0151175373779957,0.3054782714628974,B
g20500,HiC_scaffold_4,2959193,2960213,0.5552778239502739,0.0777184889964927,0.1041838383969971,7.508643416123467,4.078065123437526,5.775810935888588,B
g20503,HiC_scaffold_4,2963338,2964386,0.399211349758682,3.3369470537524912,6.218994607672244,8.393193908686593,7.626546049482252,6.694944698297949,B
g20504,HiC_scaffold_4,2964810,2970212,2.1703144515164112,1.6615698977020354,5.605499266911771,10.764514148947708,8.583458256354774,11.25801845369466,B
g20505,HiC_scaffold_4,2970485,2970809,0.0,0.1223346586055904,0.0,0.0817583855457824,0.0,0.0,B
g20523,HiC_scaffold_4,3014684,3019017,0.0647985211637154,0.0,0.0,2.496457471127376,0.3645200056936173,1.4103556676765745,B
g20524,HiC_scaffold_4,3021903,3023215,0.9304889324960666,6.177396806894336,11.121816236767245,10.78394821291938,11.13785908502927,10.093218127152465,B
g20525,HiC_scaffold_4,3023652,3037372,1.5367435973555912,1.611624183980198,8.334908925147877,4.798873548483199,3.7762180500078752,4.563859678086286,B
g20526,HiC_scaffold_4,3037610,3038742,9.972205240145517,48.1774205787499,97.38819777979332,55.04029810379839,47.50530810856417,36.28354613742057,B
g20527,HiC_scaffold_4,3039167,3040373,39.24252442760881,162.1154797872244,890.0615455492508,132.92356745885388,191.90437960715803,259.13589894025574,B
g20528,HiC_scaffold_4,3040870,3043625,4.528362703115971,1.432950238239055,4.548811396412156,3.1751426381494032,2.0338507705639954,2.715773643079588,B
g20529,HiC_scaffold_4,3043733,3044086,119.61112324926876,117.955705385133,48.74592996331201,809.0956825905762,372.1034900634529,275.17780261102166,B
g20560,HiC_scaffold_4,3122582,3123506,24.64946723572577,24.07930208891641,18.19243408856373,10.394734568347554,7.83581755559904,11.948787105017436,B
g20561,HiC_scaffold_4,3123584,3124830,3.771405068814009,4.373408842233999,5.999568332858669,6.592179407251432,5.201481510346215,6.64590391336028,B
g20562,HiC_scaffold_4,3125003,3127771,16.80522266561228,6.549174056751214,6.93081051086083,7.772410227428155,5.8268933242550105,7.578374152498945,B
g20563,HiC_scaffold_4,3129252,3129660,68.91254520113594,0.7873255746860194,6.78178097769252,8.374275483200243,3.4528984383003003,8.453600803460922,B
g20564,HiC_scaffold_4,3130529,3131741,2668.167133870701,45.36205724142194,98.45594446182604,14.667353717114878,32.51416836132479,41.30511093716771,B
g20565,HiC_scaffold_4,3132731,3133445,6.761765765051865,13.07801446728022,15.97263647226299,14.693860413209205,10.7570274099043,18.21844315070303,B
g20566,HiC_scaffold_4,3133560,3135480,8.418577130774477,6.582255777756529,4.999438188771347,13.05590644770238,6.898662964832832,12.775431468701967,B
g20567,HiC_scaffold_4,3135875,3137203,5.081310156642916,1.042981333261919,13.11836269139925,11.342264936040555,4.059956338660878,8.636455634817779,B
g20568,HiC_scaffold_4,3137228,3139837,56.387761768827794,22.00988865946493,7.150617389615709,79.89153797811448,57.79221433430262,87.51412854158288,B
g20569,HiC_scaffold_4,3140491,3143083,75.38222482623715,20.62996848303746,10.254908109853648,50.41212932431271,32.92066616105568,81.74040686925949,B
g20573,HiC_scaffold_4,3160307,3161672,0.0,0.0,0.0257546437711601,0.0,0.0,0.0,B
g20580,HiC_scaffold_4,3176224,3179788,6.63202264440943,0.0111213326005082,0.0,0.0,0.0077165231850813,0.0893965513365337,B
g20581,HiC_scaffold_4,3180080,3180785,5.845328587993734,0.0,0.2040132633740141,0.0,0.0,0.0,B
g20582,HiC_scaffold_4,3181269,3182210,0.228714010451727,0.4358276133576174,0.0858845729677579,1.8891592662839445,1.1712811679001869,1.2182018595180004,B
g20583,HiC_scaffold_4,3182253,3184575,8.589738941568271,2.903982453775055,3.538800762854318,3.214519739703926,2.141211859278309,2.926060236307447,B
g20584,HiC_scaffold_4,3184640,3186935,3.943572008285096,1.7731929229057206,3.038007313544181,2.432983332610764,1.9834038220755563,1.711306362057932,B
g20585,HiC_scaffold_4,3187230,3189441,1.391177055470925,0.891518243141471,1.1253426846149202,1.702381912441115,1.523022961145892,1.9914233451104133,B
g20586,HiC_scaffold_4,3189568,3189910,101.58196074501524,103.3938978082144,28.47951950995462,40.12448959788824,40.75188238336835,38.62947688077304,B
g20587,HiC_scaffold_4,3189937,3191328,29.57537003794092,42.308713496535546,19.27219787610032,46.60964844023016,41.110058287108586,41.448004192412014,B
g20588,HiC_scaffold_4,3191529,3192354,9.261275858668894,25.061083410151262,16.514176371427517,51.56418464684261,41.66965563833311,36.81662874533184,B
g20589,HiC_scaffold_4,3192629,3192933,560.7446470630939,1431.596375038092,828.9834166501629,1167.6826144658785,1573.9259464654328,1078.1003779049283,B
g20590,HiC_scaffold_4,3193403,3194038,99.0442866661702,32.57929314832326,5.794717680589347,34.824949763063024,35.47625754276489,13.382434209046586,B
g20591,HiC_scaffold_4,3194173,3196511,2.7213791207160103,0.5477321776210056,1.2673041160703231,1.2581638520416183,1.324886196645295,0.701337093074933,B
g20592,HiC_scaffold_4,3196521,3197529,4.693669428527985,0.4642663046883263,0.596524619867882,1.7152177577401495,0.5927308636723194,1.4509081545648137,B
g20593,HiC_scaffold_4,3197674,3199231,13.61080644694259,47.000894337222576,9.14688137385526,28.887158728770657,22.00522134508408,13.333226064421636,B
g20594,HiC_scaffold_4,3199427,3201800,6.758375156773631,6.713804383314532,4.44327563585748,8.315685050195128,3.824912341292562,6.575556667368978,B
g20595,HiC_scaffold_4,3201933,3204267,12.478517792489344,38.692751353324965,65.14068880899531,34.976376228278106,25.93451285525855,51.31818326690064,B
g20596,HiC_scaffold_4,3204952,3205310,6.577783247246986,1.3441998649748517,1.6566157866636284,5.442457348545743,1.0787622992469623,2.831738294737102,B
g20597,HiC_scaffold_4,3205398,3206387,26.29697913772885,38.41650755182349,19.535482659466155,50.13941717537303,29.683493312246803,23.60981060363008,B
g20598,HiC_scaffold_4,3206501,3207842,20.91431963782901,17.147508838259448,31.69792925888342,3.6980864307013377,4.846536430279322,8.710893343657995,B
g20599,HiC_scaffold_4,3214731,3218355,9.02230235669188,12.276452107877574,35.708505791475645,17.6704812110832,15.45640304250993,23.67176600849479,B
g20600,HiC_scaffold_4,3218970,3222486,14.588051353130458,3.987387730124222,3.981245842753772,11.237631504145908,6.305603140766446,9.978488872745292,B
g20601,HiC_scaffold_4,3222556,3223165,153.61826184184974,2.8954199618887624,3.841526816868128,1.5809293401644309,0.8856833327150759,0.7850065134105728,B
g20602,HiC_scaffold_4,3224080,3225329,10.653342917456207,9.088845699345448,4.965066964720012,24.005086706952824,17.149045545364842,13.364592649183017,B
g20603,HiC_scaffold_4,3225426,3228465,3.0265914931663773,2.1646048134778377,1.955414088345464,2.263899151219683,1.2371385916421067,1.344095859316548,B
g20604,HiC_scaffold_4,3228529,3229181,3660.442223441378,4920.693369443491,4145.381003914052,3515.2189494473805,4314.349859738658,4302.534504233156,B
g20605,HiC_scaffold_4,3229377,3229923,64.41447875559484,19.358147139319662,12.970152555745385,25.96650778791927,19.68802895974533,23.71314109105277,B
g20606,HiC_scaffold_4,3230450,3231023,275.92744995503693,15.926228362087848,81.53753581150161,859.8491709822179,442.9951268524227,1031.030277332193,B
g20611,HiC_scaffold_4,3239414,3241244,3.0302352260155767,32.499078352158925,53.83947340664984,18.09586816454821,45.60373548888546,21.0862454914724,B
g20612,HiC_scaffold_4,3241399,3244374,15.64732520592873,7.552504658470612,22.063111414961064,20.619270800923942,14.327546161844818,19.11775245945347,B
g20613,HiC_scaffold_4,3244537,3244849,130.92153126357235,191.65898822062053,225.5530931274333,139.51686623688266,150.8751945189652,114.30798777259838,B
g20614,HiC_scaffold_4,3244913,3246332,31.00905036596929,59.75001283391589,53.741262487635424,53.83678616339506,48.27468664274507,42.67800657012184,B
g20615,HiC_scaffold_4,3247216,3247495,15.355434608402476,16.363596689628736,17.741702511691557,33.2305528311978,11.193850739468214,13.51200172717732,B
g20616,HiC_scaffold_4,3247956,3248655,18.94467278042864,3.1641254337041445,11.505181940674673,11.266708684748393,5.918821055203331,8.88314227565386,B
g20617,HiC_scaffold_4,3248962,3250633,32.7848632013394,234.39951849092648,833.2351656651699,28.07903249703383,94.89249817356855,58.739197919024605,B
g20618,HiC_scaffold_4,3251386,3251659,0.1361837051929733,0.0,3.2545941602757376,0.9187220388013562,0.4997918712719342,0.582965755530307,B
g20619,HiC_scaffold_4,3253381,3255203,17.343456375160446,15.112507050791644,7.837081932556973,16.665821885101238,15.395693838262387,18.85433609180727,B
g20620,HiC_scaffold_4,3255454,3256096,363.795158786947,0.4364692709682494,1.158680071891838,1.417144134464908,0.420078776965328,0.8255173833740629,B
g20621,HiC_scaffold_4,3257029,3257689,412.9297870461139,2.8022413351166984,5.083515188433107,0.6538542184122471,0.4887324658684499,0.2416055419752006,B
g20622,HiC_scaffold_4,3258779,3259428,109.59051826109096,1.2929360801227796,1.326296427130985,0.0421736039999881,0.0465341601212013,0.0,B
g20623,HiC_scaffold_4,3259764,3260412,79.64777697381815,0.0,0.6609244696726764,0.0817583855457824,0.0,0.0,B
g20624,HiC_scaffold_4,3261042,3261687,1.7093914658482476,0.1250418479046373,0.8237791873250939,0.4396299245286292,0.0426382769482635,0.1648161836730051,B
g20625,HiC_scaffold_4,3261836,3267299,30.58897371484072,11.384778209838956,5.346557021970864,3.3075381805770663,2.2969807916548968,3.1771210288543124,B
g20626,HiC_scaffold_4,3267522,3268523,149.4199018820458,46.14453508217863,6.246991515210622,22.165098656107432,20.204428598965848,9.930128885248282,B
g20627,HiC_scaffold_4,3268960,3269865,163.99605017324333,85.60846060153497,134.2410154933303,40.094815472107776,57.04180433043544,36.68118447449961,B
g20631,HiC_scaffold_4,3280197,3281934,60.7351817535147,28.954990813577503,31.24168327324294,12.000003653647523,14.26316570711402,14.273340681589922,B
g20632,HiC_scaffold_4,3283772,3284258,15.280443251214969,15.219951487114797,64.71523628740148,58.49489283141056,42.30275520628396,39.29429656757466,B
g20633,HiC_scaffold_4,3285308,3301806,0.4622533917036979,0.4146250094179368,2.486709224528599,2.036785991871396,2.8009435467365336,2.6040666048468744,B
g20634,HiC_scaffold_4,3302497,3306111,2.7590508707543284,0.3966613134161033,3.0106597046347314,0.8688945265905583,1.1317495489998364,0.5899289178969466,B
g20736,HiC_scaffold_4,3596589,3599235,4.658658449675004,0.3332030908522781,0.967819198769828,4.280548676562512,3.325536498476616,2.046061300388147,B
g21248,HiC_scaffold_4,4834845,4836913,0.0,0.0,0.0483297549323521,0.0,0.0,0.0,B
g21250,HiC_scaffold_4,4839435,4840774,0.0,0.0,0.0630830485432807,0.0,0.0,0.0,B
g21583,HiC_scaffold_5,881774,882710,1.4522650780237931,0.3476134976902791,0.7256177041811408,0.6224962616334204,0.4869773733201704,0.5107574430203405,B
g21584,HiC_scaffold_5,882842,884372,3.9710368723687934,0.8220203311097964,0.9776259487120812,0.4643200879833513,0.4935513787404403,0.3817420906485415,B
g21585,HiC_scaffold_5,884506,886449,3.743107873278279,3.898309166140909,2.69015412036906,15.140082745678429,11.479612098441685,15.844825445180156,B
g21586,HiC_scaffold_5,886534,888754,0.1522918048309715,0.0,0.0161969989503018,0.5824622682447788,0.3520585746863026,0.1195748151931811,B
g21587,HiC_scaffold_5,888966,889983,0.555202712779222,0.1586076536843482,0.1382697689189127,23.78484213257288,18.69627179720976,13.046670989409131,B
g21588,HiC_scaffold_5,891859,893957,0.0,0.0214292385111179,0.0,2.380047236533529,1.1990768242696317,1.5528945595195671,B
g21592,HiC_scaffold_5,912371,914318,3.632564210377818,3.1949488264062977,1.9613705093785168,9.79470711243964,7.521248071292279,10.098998089425558,B
g21593,HiC_scaffold_5,914412,916632,0.1004814905883289,0.0,0.0475068766859913,0.3796659095489616,0.2658213863437358,0.2150670962969916,B
g21594,HiC_scaffold_5,916841,917858,0.0731133756493249,0.0779477470761284,0.0345674422297281,2.3284872557937497,2.2317225935322207,1.7748666753859306,B
g21595,HiC_scaffold_5,919338,920295,0.0406691463432522,0.0,0.0,0.3532976511049878,1.2034273818533396,0.1107590721266767,B
g21611,HiC_scaffold_5,1012562,1012850,0.0,0.6929211113302953,0.6186881614731845,46.685388473089,35.25701004042092,35.39565227295037,B
g21612,HiC_scaffold_5,1013173,1013509,0.2212985209385816,0.0,0.0,1.4606657315390246,2.543118276756772,1.5791731339698385,B
g21613,HiC_scaffold_5,1013738,1014953,2.708024914475928,0.1968705427583015,0.4695505425370382,1.288715217642754,1.6616879778064717,1.9663414053989787,B
g21614,HiC_scaffold_5,1016348,1017384,9.481119885806546,11.74434812338862,4.031656475130726,26.89004276865853,15.960830287885775,18.96528948848572,B
g21615,HiC_scaffold_5,1017504,1019064,29.982815321337224,19.19331751078561,45.15906841126598,77.30215648780307,50.41143986936692,57.7524838593623,B
g21616,HiC_scaffold_5,1019204,1021150,28.35206095337819,14.339970704019514,3.190984327875089,17.517250046004246,14.300299975503323,10.628057477032414,B
g21617,HiC_scaffold_5,1021334,1022005,97.97923495186522,174.7395223076782,153.19568770892684,528.1209044441991,350.6128782649122,317.57159347963847,B
g21618,HiC_scaffold_5,1022341,1028475,27.8987898124846,6.437744380296541,6.087229951313789,4.980958220405966,3.409588568591216,4.2185255187936495,B
g21619,HiC_scaffold_5,1028578,1028950,319.8024572777639,284.4461818446592,180.1763746893432,354.0594016768564,294.73932856712275,314.7642963146426,B
g21620,HiC_scaffold_5,1029320,1030037,38.26843118547764,130.14034902346555,140.99848071444433,79.32350871171694,95.25313988358984,55.450237218189926,B
g21621,HiC_scaffold_5,1030698,1031484,4648.441301514687,6733.390081783697,6161.226269585141,6383.24993940712,5669.449458976006,5395.7400455404495,B
g21622,HiC_scaffold_5,1031534,1032947,8.64377251620109,4.768070680578949,3.050805358118734,14.738004207629965,10.62584384937721,9.429098236278122,B
g21623,HiC_scaffold_5,1033078,1035775,8.209065079224061,3.819265594618068,4.061843397356599,8.03210163780143,4.564025306067432,5.753466973959086,B
g21624,HiC_scaffold_5,1035918,1036806,42.750170278656014,77.62056030747675,24.20195875153867,120.41865536407784,83.2744370368178,135.14797882514972,B
g21625,HiC_scaffold_5,1037167,1037800,7.741221867584086,10.499506941107692,10.074937412650277,57.922998529016816,39.162256156289246,37.92829458551775,B
g21626,HiC_scaffold_5,1038078,1039290,9.296299360862209,4.310663901535934,4.353285070352698,9.740360766642151,5.5831443763586215,6.819295424223933,B
g21627,HiC_scaffold_5,1039567,1041481,4.428461159473265,7.160191324804538,2.383742428652473,10.265160312417958,6.874816322664362,5.643545677410779,B
g21628,HiC_scaffold_5,1041495,1042929,0.8623643017032331,0.253947303132557,0.0327480306645446,1.269881377333535,0.4681329559140936,1.3050700129559942,B
g21629,HiC_scaffold_5,1043230,1044385,4.230184174663081,8.274196820259494,6.4558216138988005,11.099730800739884,7.861430748553705,8.504801339911971,B
g21630,HiC_scaffold_5,1044901,1045363,0.0804721894322115,0.0,0.0,0.7284431496853524,1.22010184275406,0.1150502580834289,B
g21631,HiC_scaffold_5,1045470,1048230,0.425155563565892,2.048889468694595,0.2854537800886211,2.212764716980801,2.132480472717905,1.4616175890709786,B
g21632,HiC_scaffold_5,1048902,1051536,0.8096055085200027,0.2304322850879976,0.081298226337869,0.9977813538992412,0.6327848338375979,0.3222860575297696,B
g21633,HiC_scaffold_5,1052168,1052957,1.4916524695912332,2.143135061627599,6.1593313866131005,13.987028911368093,4.514633855661343,8.07510286430488,B
g21634,HiC_scaffold_5,1053168,1055049,1.5305846774189584,7.934497427192998,3.613521599185402,26.179239167553533,17.524884823516395,17.10522152593094,B
g21635,HiC_scaffold_5,1055174,1057563,1.5983439086967892,0.253408063619892,0.4022161485987469,0.9704897267616188,0.739882194856795,0.8143208909839195,B
g21636,HiC_scaffold_5,1057756,1058721,1230.459042826839,1844.2231409215565,1839.333356255308,1774.656372355651,1803.9703541318268,1377.5544277879235,B
g21643,HiC_scaffold_5,1078827,1079242,48.41705148608356,34.535994040221965,39.71649088114968,92.22334510019688,73.85701017787764,85.70309834455014,B
g21644,HiC_scaffold_5,1079401,1081423,41.05791721914617,15.5290625720519,13.884724668483525,58.230414686689535,50.32978897956646,62.2183281942466,B
g21645,HiC_scaffold_5,1081531,1083142,92.17598105382004,0.02545969119198,0.0887815653362157,0.6837337185323822,0.449681026653326,1.4826100525586852,B
g21646,HiC_scaffold_5,1083783,1085026,19.169292652853137,34.09712189096281,24.195909285255063,131.97426789980474,103.22344151733093,130.11858056008478,B
g21647,HiC_scaffold_5,1085176,1086172,18.43729319584404,2.5528177153469604,3.075753090761354,3.724554618658341,3.2111724069198964,2.7192109733040994,B
g21648,HiC_scaffold_5,1086349,1089150,6.505775301535085,6.666102355202244,9.575779954677706,17.97151349716362,10.186343548307544,13.02423180687741,B
g21649,HiC_scaffold_5,1089349,1089568,14.432429688942662,5.149537687017382,4.385474342897792,24.99213275058793,13.73977937796138,15.991882863226484,B
g21650,HiC_scaffold_5,1090896,1092264,0.0298240406517183,0.0,0.0275535154556858,0.4130787500170556,0.2066594443001843,0.65026166213759,B
g21651,HiC_scaffold_5,1092704,1093106,92.37445508208624,171.338372178702,162.5353554923457,303.613319792953,236.96211341356133,177.11241785431685,B
g21652,HiC_scaffold_5,1093489,1094455,1060.7331055771635,1161.0063210711776,1200.6674292826456,2635.379952750404,2694.2802455172805,2622.6135579308943,B
g21653,HiC_scaffold_5,1094594,1097738,2.882170034204775,10.949855844054978,32.86062574085033,10.24350878387495,17.298771971621584,16.097349553486346,B
g21654,HiC_scaffold_5,1098177,1101303,16.206072859113217,16.179944799646005,34.60753255928843,11.91264010350545,16.345413968727293,30.896504683887045,B
g21655,HiC_scaffold_5,1101443,1103171,2.4664981916356536,1.2380477343710163,4.122730685464664,3.1672021172074025,3.158684666096181,1.873308023010184,B
g21656,HiC_scaffold_5,1104657,1106290,23.86720572623297,7.319207120235273,10.348502297411764,19.2398794261995,11.548564697131688,14.1685664208079,B
g21657,HiC_scaffold_5,1106939,1107209,32.369356570144475,2.819877618920095,3.560078259320936,15.683410537403503,7.673421280356664,12.972342049964665,B
g21658,HiC_scaffold_5,1108045,1109767,2.526428506247861,5.343268134570876,8.031398641493928,9.1710601536197,6.951908952173994,7.961205101981809,B
g21659,HiC_scaffold_5,1109882,1112396,12.901885900743608,16.635807308141835,15.74069398483694,29.56174905743964,22.86202405931269,27.874846934542667,B
g21660,HiC_scaffold_5,1112476,1114212,8.307566044871537,5.428811222438451,4.585588215221371,8.947688581217074,4.90269747472175,6.755815674554098,B
g21661,HiC_scaffold_5,1114276,1116397,1.3002613841661963,0.5870368158033608,0.7020122717110808,4.503162147504457,3.4243992889458577,5.787298592704282,B
g21662,HiC_scaffold_5,1116980,1119438,2.3950349583660824,1.5421175914712288,3.420499945275678,11.177592769293549,6.414169524435465,9.990922341715176,B
g21663,HiC_scaffold_5,1119562,1121388,4.048355504603981,4.076219857342428,8.898922447668074,20.816197457458067,13.958800182808304,20.15961657274829,B
g21664,HiC_scaffold_5,1121747,1123104,40.80169581191784,41.61912156936117,23.32609234563116,45.456134712828415,41.04345971993021,51.939606071037325,B
g21665,HiC_scaffold_5,1123160,1124888,7.622693076635052,4.527132397570521,9.956246353851416,7.291524965850474,5.895895419716668,15.39298159639156,B
g21666,HiC_scaffold_5,1125147,1130052,20.01156124702428,17.017747879448347,40.59704243305492,26.030752587579336,31.140593218623188,100.35348181992316,B
g21667,HiC_scaffold_5,1131540,1133040,17.36402855855586,12.088604563959873,5.788089342858218,15.793482242947286,10.736040402081354,18.65031718844888,B
g21668,HiC_scaffold_5,1133337,1134480,393.70762771306886,99.63754686834724,91.34480472768342,195.4087251796924,172.8976025197788,281.0456304522978,B
g21669,HiC_scaffold_5,1135068,1136661,49.33202242554104,11.951906227578265,15.205491947642953,21.61914478359304,20.45567052239333,32.725273028946674,B
g21670,HiC_scaffold_5,1137499,1138296,1.282537714353268,0.7600334820072459,2.819693610835456,6.849951480897166,3.492529360177865,5.80064859620692,B
g21671,HiC_scaffold_5,1138640,1139393,23.001845650883464,0.8913989841607057,24.3441453256368,15.703065609991535,22.24358821256395,41.51968057130735,B
g21672,HiC_scaffold_5,1140912,1142970,29.759432512926,13.844441612715588,13.957994602430723,3.636060986544246,6.509148314907069,5.1341206944856745,B
g21673,HiC_scaffold_5,1143618,1145319,23.5992071258963,2.470205729748485,1.8874123602381736,19.310578522497213,5.192867552154115,10.701918650173562,B
g21674,HiC_scaffold_5,1145783,1147270,105.51585033198134,213.61069130241327,76.90931786913833,164.40957684913622,129.9285347677333,88.22069655330944,B
g21675,HiC_scaffold_5,1147693,1148953,2.6196060319723147,0.2212969355869425,2.137020013327856,2.237971882856982,0.920795319715032,1.2223835968463064,B
g21676,HiC_scaffold_5,1149695,1151169,113.2974033177069,15.453361534977589,68.66014239909163,85.24649012607999,61.40189674868563,128.00538207682507,B
g21677,HiC_scaffold_5,1151330,1152410,5.498438476502233,7.64029923364742,5.152305102061863,41.68989523922722,24.26021630437306,26.99204584972071,B
g21678,HiC_scaffold_5,1152537,1153725,187.74456076149693,12.503720632459231,13.904832828945604,90.01378799122205,44.10331229438855,87.19266869373047,B
g21679,HiC_scaffold_5,1155404,1156003,13.434469762067453,9.551983362990065,12.310491600633217,66.1179191451824,51.92692051297976,72.29319631599306,B
g21680,HiC_scaffold_5,1156093,1157347,4.191407384212479,0.2245553469566862,8.68855181129676,31.808426940956885,17.836585631074804,24.22159552117132,B
g21681,HiC_scaffold_5,1157593,1158639,2.8954356752791086,0.0,0.1163972048663132,16.309813692557988,7.628830293258156,2.402795863481289,B
g21682,HiC_scaffold_5,1158690,1159221,3.72282376128007,0.0,0.0,4.553523049096476,2.079347388468491,0.8991505720891175,B
g21683,HiC_scaffold_5,1160127,1161684,7.599440428942207,0.5667273892653993,13.3633419951266,8.500659684636314,6.199243669104669,7.921491845605681,B
g21684,HiC_scaffold_5,1161968,1163138,407.15226454569705,96.10833405606706,123.56382109477792,144.72716765141928,93.30203201198869,142.22279266862816,B
g21685,HiC_scaffold_5,1163386,1164794,159.81504612911175,4.271700370345382,4.905100282122003,8.492220790203005,3.3416313570484286,4.390307501076765,B
g21686,HiC_scaffold_5,1165215,1167477,9.728198876188497,14.537890024062742,10.252919102446503,40.10385864281624,27.40009711136031,21.864218392517365,B
g21687,HiC_scaffold_5,1167572,1172551,3.289574165485277,0.5908802945940184,0.8387710001226131,5.661678836378443,3.43616452886028,3.4790785386897403,B
g21688,HiC_scaffold_5,1172598,1173006,16.73374767993453,1.484263494607151,2.3539678458201383,5.434010033546325,2.3278822414120275,2.212438008959987,B
g21689,HiC_scaffold_5,1173139,1176020,13.358181203127826,11.074222678521778,7.648694310025148,33.764697409559204,27.96140529514209,28.612915125675343,B
g21690,HiC_scaffold_5,1176282,1177035,224.47448576972064,316.3277769952383,127.41462349541986,158.9734504054155,156.9067764528839,87.11536109617259,B
g21691,HiC_scaffold_5,1177227,1177955,27.52886795500371,21.9568850606596,25.09536330719628,40.46267921986088,30.16032426743837,29.49181812039562,B
g21692,HiC_scaffold_5,1178085,1179577,53.92822334728953,26.31007787381168,27.76898024352473,41.9253163452166,31.21004360343734,33.55572646944118,B
g21693,HiC_scaffold_5,1179608,1180857,13.118332325344609,8.464749708726881,10.26983651032714,6.225371440618862,3.719339011491802,2.473483290235793,B
g21694,HiC_scaffold_5,1181010,1184008,6.519995651797832,5.04291323939458,6.091540299906006,10.150723240599088,5.345408105122914,8.348436817190438,B
g21695,HiC_scaffold_5,1184071,1184680,5.0593089232260215,4.6708167738070765,7.902337670705346,13.666049793628266,9.358827353178125,11.854741580594824,B
g21726,HiC_scaffold_5,1255935,1257274,17.70984574073916,31.714092534449662,15.091243205862115,46.87646959070964,34.3347050929967,40.46364145336433,B
g21727,HiC_scaffold_5,1257363,1260636,4.870895898394947,5.833263012276254,5.329281571309849,12.941463786033944,7.917951927427999,8.03169485958794,B
g21728,HiC_scaffold_5,1260725,1261400,32.63751097517996,20.845229984711324,21.1536628348776,17.165605136556973,11.463476961528556,12.553995713212345,B
g21729,HiC_scaffold_5,1261582,1262158,7.6788490137965475,8.310886955594858,16.082856848188143,11.25211265557007,7.555456797110432,12.255465183241387,B
g21730,HiC_scaffold_5,1262376,1263991,43.61327125685186,34.27674800293125,22.988365487385188,85.88770102863211,78.66926557567345,62.67556965380086,B
g21731,HiC_scaffold_5,1264468,1265176,19.89596984950228,6.439133110095833,6.698041615768769,17.92077876520965,13.750144051357772,14.245016060781936,B
g21732,HiC_scaffold_5,1265204,1266380,4.507884956784422,3.398354735396829,5.372741968041142,14.072192904452,10.15116088047483,12.209563117969006,B
g21733,HiC_scaffold_5,1266544,1267472,1.665839590814311,1.2986280848289309,3.855400663120435,9.086999771753655,3.3669235307333407,5.699871083871837,B
g21734,HiC_scaffold_5,1267560,1271988,6.148699430760365,11.611868812967344,45.06109412142937,21.58348343034079,18.810095330820825,29.46831288400559,B
g21735,HiC_scaffold_5,1272302,1272677,2.9355073971714907,0.8566102252583891,12.769216463462568,5.218331401005565,2.1688873963703177,7.499094710210939,B
g21736,HiC_scaffold_5,1272831,1274067,32.56736151236272,12.377875456728216,13.152110479119074,14.123912979470454,10.250914809585154,23.39867596316532,B
g21737,HiC_scaffold_5,1274173,1277690,3.150222111835804,0.5837114957231611,1.8426678308621245,1.7444411494443113,1.2536439557693224,3.084124526599186,B
g21738,HiC_scaffold_5,1277795,1280454,3.739547991969208,0.9434184333254418,0.941245614798553,1.858847375432822,1.2383489745199978,2.473659602828688,B
g21739,HiC_scaffold_5,1280551,1280952,24.67217939931537,76.71327095129178,28.55964374259516,160.8966900557556,120.07596675821108,85.31290117084421,B
g21743,HiC_scaffold_5,1283685,1285542,0.0,0.0,0.0189311194117574,0.0,0.0,0.0,B
g21744,HiC_scaffold_5,1294049,1294931,6.766027668068972,7.857771848959138,7.650405918847477,13.129694353701035,8.063916484040329,12.63971173387827,B
g21745,HiC_scaffold_5,1295066,1296567,5.459836934162888,1.943511598653709,3.145021315752983,17.482183334031735,11.567677438850732,15.520039911459456,B
g21746,HiC_scaffold_5,1297034,1299022,13.354200403664128,5.959087260900983,5.4943798832601205,8.74490676694748,7.019121285244461,10.213535121879008,B
g21747,HiC_scaffold_5,1299149,1299677,6.476888897065185,10.765157498944276,27.9418642390532,28.3762091862728,24.399810510272275,25.519778188902187,B
g21748,HiC_scaffold_5,1299804,1300563,0.9756221098483864,4.059218770242136,4.678879371345559,15.909709148810943,15.191746932444822,17.787520224775818,B
g21749,HiC_scaffold_5,1300706,1302270,4.532597567021949,12.368907018405787,5.148010404537513,3.280588330037046,3.5812320695637023,1.567235643292891,B
g21750,HiC_scaffold_5,1302337,1304365,1.155950291879415,0.6777478310797571,1.4735896518309222,0.3639899088504835,0.0912490796571183,0.1784926100635329,B
g21751,HiC_scaffold_5,1304502,1306286,0.5445083064969706,0.1764363440373963,1.719201305752795,0.8590774063800277,0.3392930289632236,1.0302880484889874,B
g21752,HiC_scaffold_5,1306325,1306919,13.942680349953957,10.59763092163049,5.698079748584561,15.98896514999306,13.59921565107959,15.277155195699825,B
g21753,HiC_scaffold_5,1307149,1307845,19.64310502769998,83.62126037647279,65.16185924316488,295.30670965812703,204.96087115164164,218.1855542777651,B
g21754,HiC_scaffold_5,1308119,1309811,75.53577798379182,179.6831316064834,62.26025318907206,45.82163704970112,90.41325079436048,32.09390766112996,B
g21755,HiC_scaffold_5,1310281,1311115,0.0,0.0475256947100855,0.8555527709102457,1.5224301588636169,3.663426656399796,1.8452797437061288,B
g21757,HiC_scaffold_5,1316577,1317691,0.7978429309618958,0.1932373890231727,0.2045267699846677,1.892723595090377,5.870696704788715,1.622476571536201,B
g21765,HiC_scaffold_5,1348318,1358605,2.465959614579199,1.604253161015618,5.603074219724627,2.89197666726914,2.690991864723816,4.469155771123742,B
g21766,HiC_scaffold_5,1359332,1360400,5.1900718565047175,6.1491476327991474,10.93327204982441,1.8264174228143488,3.4322671281253267,3.330744948449716,B
g21767,HiC_scaffold_5,1360604,1361134,32.514090440209706,52.21247194631511,60.34879032779469,121.40160795630382,105.02422099812242,78.69126139760942,B
g21773,HiC_scaffold_5,1384336,1384555,8.679090834116636,3.1271797469230136,0.0,11.823652859333125,9.465246611859412,6.544643290728494,B
g21774,HiC_scaffold_5,1384760,1387564,4.080569063092636,5.690148644217304,5.84331921402485,12.26662023722634,7.131687346986988,9.147190007287628,B
g21775,HiC_scaffold_5,1387741,1388737,20.01904032034717,1.782854372378386,2.852698856429716,1.6065304127680546,1.7712590265420565,1.972388621055345,B
g21776,HiC_scaffold_5,1388887,1390133,18.001507859642867,37.51474982379345,26.618362422474345,14.45226249096902,11.44560603364024,14.713607204031678,B
g21777,HiC_scaffold_5,1390805,1392416,114.19878872903332,0.0500633096824898,0.1542472799500585,0.2079302409694551,0.1004434170621007,0.2965604967245066,B
g21778,HiC_scaffold_5,1392523,1394538,44.42744183030531,11.00486942732586,8.90439519648055,13.588776941073302,13.577929382832329,16.678283435746607,B
g21779,HiC_scaffold_5,1394712,1395127,47.82280603785903,25.13193722718116,31.16853635328703,89.67023805021415,65.23241329145499,89.05177863015302,B
g21798,HiC_scaffold_5,1452068,1453489,0.0310369801040609,0.0,0.0,27.710304395375047,23.04252835249569,31.99780105536372,B
g21799,HiC_scaffold_5,1453899,1454781,9.980768422277608,6.771411337703567,9.435100213909966,6.389014813177472,4.555393348689886,7.581366671724909,B
g21800,HiC_scaffold_5,1454916,1456417,6.530772798144415,2.1707474755722016,3.176441532326103,15.079346669499184,9.734836210523962,12.344450274991813,B
g21801,HiC_scaffold_5,1456892,1458882,14.426420683184226,9.209582172540834,6.915759954483605,12.409026710322305,8.846525981549762,11.63407641933486,B
g21802,HiC_scaffold_5,1459008,1459536,3.102111611551756,8.409552141062408,18.946278865242974,4.946021938895745,4.849308408774579,5.179928347641642,B
g21803,HiC_scaffold_5,1459688,1460447,0.7857129100338224,4.845769438513432,5.485614511370207,15.889643546851453,14.600016423596715,17.693396290121974,B
g21804,HiC_scaffold_5,1460590,1462148,4.07175203263959,11.365168864949748,5.14240027221558,10.2207632210147,10.15943993629784,3.2170714718764484,B
g21805,HiC_scaffold_5,1462215,1464251,1.143292412832124,0.3822557222897491,0.914308478006681,1.8960276336394912,0.6370760559366787,1.1277473490101972,B
g21806,HiC_scaffold_5,1464384,1465517,0.4193481670266591,0.0397956118355535,1.2851643328428357,0.9479134899673768,0.7359018397046215,1.2261887717059048,B
g21807,HiC_scaffold_5,1465531,1466167,0.3237182917162906,0.0677545801507885,1.5802761426067462,1.5819789809485068,0.7394362085464903,1.6338938921200326,B
g21808,HiC_scaffold_5,1466206,1466614,6.792888165131174,5.1294470343004,2.874887037805125,16.00751492533418,13.002242295427576,14.695523417677196,B
g21809,HiC_scaffold_5,1467031,1467727,25.625749702308017,99.15451595493866,75.79571588976239,55.13609667499245,34.20107475057786,32.9444396929225,B
g21810,HiC_scaffold_5,1467991,1469683,80.61285964368521,196.01036550990125,76.97824586868725,69.25152747331452,146.15342572734275,48.52813693515711,B
g21811,HiC_scaffold_5,1470153,1471975,0.2853209031669341,0.2539342764243895,1.9281237160895688,2.545934857669784,8.327964956649115,2.0858985671901182,B
g21815,HiC_scaffold_5,1502114,1503534,0.0,0.034586762118858,0.0,0.0,0.0,0.0,B
g21819,HiC_scaffold_5,1510874,1511852,0.0,0.0,0.0359458985149627,0.0,0.056240672048323,0.0,B
g21822,HiC_scaffold_5,1521300,1521930,0.1809155791614682,0.0,0.0,0.4397388505092771,0.3242029049987897,0.2578988613752547,B
g21826,HiC_scaffold_5,1541087,1542050,27.13118977211551,48.38004726603327,32.217940176445794,59.536587191435736,51.47365280415153,32.46376448725947,B
g21827,HiC_scaffold_5,1542566,1542884,13.2183414022212,24.584046168759,14.86468784416854,23.717778025009704,32.14404219030008,21.86720605789159,B
g21828,HiC_scaffold_5,1542995,1545995,1.630601243361843,3.771914943611403,4.00840676827421,6.661832285886218,5.772733606975105,7.803706356755801,B
g21829,HiC_scaffold_5,1546047,1549865,9.101963847935275,4.986517907425311,15.023610250000864,2.821776011083564,2.3732511441786386,2.6261486932950087,B
g21830,HiC_scaffold_5,1549974,1551059,16.0297653702118,15.013615868673964,24.40832266639602,13.061740169184263,14.202830201881856,12.869810564277358,B
g21831,HiC_scaffold_5,1551131,1553561,5.648486559744425,10.187363687709926,37.46158921465971,5.084458951973953,5.308988137186351,4.554010469903373,B
g21832,HiC_scaffold_5,1553852,1554328,0.901087851241966,10.100285509722264,53.24449249143943,3.884978063400365,3.7557951179884337,2.9256366711447086,B
g21833,HiC_scaffold_5,1555024,1557463,12.283091371404026,6.46783503416416,8.416715817828473,6.527172653096996,7.223256912247033,6.592486625805205,B
g21834,HiC_scaffold_5,1558555,1560304,59.76837325663375,23.87501614507669,24.85047149026247,11.704110440691952,13.156740979996137,8.802117308207382,B
g21835,HiC_scaffold_5,1560803,1561160,8.684267706178053,1.1334428364552491,6.790589606623565,2.452684884949273,4.92077634265968,6.094879321383377,B
g21836,HiC_scaffold_5,1561687,1563510,0.538753087491934,1.5769864818236443,0.5444551480128211,2.566727545748224,1.5385203769455758,2.2266202422714354,B
g21837,HiC_scaffold_5,1563569,1565076,59.207257816454906,0.1391640725684274,0.3961625958273306,1.2733548171169873,1.4373578261416888,1.961492698198619,B
g21838,HiC_scaffold_5,1565967,1567318,27.500608328377425,44.58390982156739,29.095862225427325,64.96597525316818,92.80957590987906,49.2011893165264,B
g21860,HiC_scaffold_5,1666350,1667313,28.26163600597805,56.48133025186121,52.51772940226111,44.88841797284894,43.81288022283587,26.94937007360144,B
g21861,HiC_scaffold_5,1667809,1668127,20.435798282016485,26.37241517082077,19.78946104864889,12.94955337297514,14.52065337086723,11.521547326595106,B
g21862,HiC_scaffold_5,1668237,1671237,2.1168209156463904,3.570055108344832,4.878555158037296,4.331610716700183,3.873956916580858,4.529334574841356,B
g21863,HiC_scaffold_5,1671289,1675113,9.05566049460138,4.368166904425534,5.977759056921031,7.869420985565716,6.652204902696203,8.639848763880858,B
g21864,HiC_scaffold_5,1675222,1676307,21.94798139101509,12.973228240127144,19.79056754576407,12.725996918444991,16.421841658344395,16.963906467867425,B
g21865,HiC_scaffold_5,1676379,1678809,1.5919144253224888,2.203397522215007,10.964969037670244,5.74226307552137,5.043030812819862,3.706611125591669,B
g21866,HiC_scaffold_5,1678907,1681346,4.153750665800955,3.881060729194513,5.141062840584045,8.286444918534144,9.90510821207185,9.050651262118627,B
g21867,HiC_scaffold_5,1682445,1684194,57.001698980865086,24.75864239721418,25.500931729744973,16.959870403115914,20.301625681687447,15.115038576317062,B
g21868,HiC_scaffold_5,1684693,1685050,1.1748263190234265,0.2259159436932523,2.987917076357293,8.627909417341922,14.83041278632328,6.540676663847729,B
g21869,HiC_scaffold_5,1685571,1687394,0.6579604905802323,0.4316139212632799,0.0810811234448092,1.9068735619682724,1.300435249065285,1.865912419938535,B
g21870,HiC_scaffold_5,1687453,1688960,64.87452569302347,0.1687280165240399,0.9661708101494876,0.5508220957915118,0.6416623021357417,0.5180648838969203,B
g21871,HiC_scaffold_5,1689835,1690804,54.40585068988018,80.46767873194517,63.39818704191024,4.502005739058593,4.74313014926936,3.7029570435055454,B
g21872,HiC_scaffold_5,1691080,1692989,20.09388926194937,14.03780474664316,3.9876442055159096,25.04589427803796,17.18117755266219,20.87427888683425,B
g21873,HiC_scaffold_5,1694630,1696033,74.50330924840839,32.39862713547768,40.58634015004096,88.58691730770738,78.00348313822357,121.75075023167152,B
g21874,HiC_scaffold_5,1696355,1699978,4.284029838521751,2.6126524123020696,5.162029805316138,6.79474843896657,4.792349199897508,3.462111388868898,B
g21875,HiC_scaffold_5,1700025,1703196,33.59500165064715,137.5395774869773,51.65069737260933,170.41229096945926,67.14200675773174,51.636678144474665,B
g21876,HiC_scaffold_5,1704117,1704492,4.365305037285732,108.74279005328184,33.224690579858,30.37049727012808,26.326961150718542,9.907880631659983,B
g21880,HiC_scaffold_5,1713901,1714729,0.6433450144652404,0.1452758711192058,0.3001115555550051,13.867318678477933,12.851113912796311,14.813252865383618,B
g21881,HiC_scaffold_5,1716062,1718408,1.5706226198600206,0.0,3.094177055923806,4.487388757436786,5.269970622547175,3.870110947529231,B
g21882,HiC_scaffold_5,1721337,1723683,0.4511553528658121,0.1561729737205375,2.8755556362231043,1.1747768930851246,2.4335520966725,1.154447625494835,B
g21883,HiC_scaffold_5,1724461,1726684,0.0867564749076253,0.2711746466736754,10.067211869390782,3.951427171325742,2.4530256062535853,3.0327389394327784,B
g21884,HiC_scaffold_5,1727017,1728565,165.9127727958217,948.1242393487436,747.9707274041871,611.606161428743,354.35692275586683,208.6024250570369,B
g21885,HiC_scaffold_5,1728819,1730300,3.2890556324909386,3.123467771301633,6.033836643430423,2.446485195340264,1.1815196101445942,0.6017172973813151,B
g21886,HiC_scaffold_5,1730367,1731501,10.436715371036474,20.279501552013137,11.15105412227833,14.764224999102016,11.610898997973322,7.45430958830992,B
g21887,HiC_scaffold_5,1731822,1732344,3.104955850552095,8.101669850761288,17.975481768852617,5.297967120380688,4.790024273086814,4.034542850851279,B
g21888,HiC_scaffold_5,1732555,1733727,21.585308685100888,15.91193908445994,25.34404502613492,11.570075480842624,10.020729080339777,9.4475825880822,B
g21889,HiC_scaffold_5,1734719,1736246,2.921933511849248,0.0,0.0173706945264106,0.0730013124332359,0.2769441604157402,2.0257073415921134,B
g21890,HiC_scaffold_5,1737548,1738927,6.097109509206063,0.0,0.0271786376943839,0.2260734690611607,0.4292880578654746,1.8455313786142,B
g21891,HiC_scaffold_5,1739648,1741178,1.5445295451030572,0.0,0.1399604759306843,0.5966906981909491,0.5841224280600885,1.21409974850609,B
g21892,HiC_scaffold_5,1742450,1743971,0.5935101680612923,0.0260594539041494,0.163374337935269,1.335654703476404,0.6737831586355124,1.7785891288443767,B
g21893,HiC_scaffold_5,1744511,1745343,2.7739184055487875,1.4741813770677217,1.0695346774640644,4.233966917922369,2.708266334243529,3.0531262508253025,B
g21894,HiC_scaffold_5,1747247,1748034,38.66069480939226,39.58310912047892,21.88241076122658,37.75706361333248,33.26543995672455,27.70676348714993,B
g21895,HiC_scaffold_5,1748098,1749406,12.703147931887488,17.720716573608385,24.908749265775,29.746838710225017,20.47992909598533,17.468718935734408,B
g21896,HiC_scaffold_5,1749590,1751171,0.1443994773589642,0.1789826301111657,0.4497939684838935,1.6397914042375936,1.978204008037544,1.4773191536251469,B
g21900,HiC_scaffold_5,1762204,1764415,3.2975975297105835,2.19049469835971,4.443370726904619,14.619487069521462,7.403740233009691,10.383673539411689,B
g21901,HiC_scaffold_5,1764550,1765571,3.5296145830872603,6.961561830260317,4.984518188423939,12.680041434523892,9.334031337631274,7.720199477573171,B
g21902,HiC_scaffold_5,1765599,1766380,9.189974407030066,0.0,0.1983610220845287,0.4258795918818379,0.1873258804120144,1.0361297677938406,B
g21903,HiC_scaffold_5,1767015,1767816,1.6172498616626356,0.8549967098328839,4.838986721852762,15.334550024737377,8.1891823243101,14.447205340051871,B
g21904,HiC_scaffold_5,1768049,1768892,25.015423977518733,17.46760927701534,17.643806175711692,19.27260600600203,14.801445888761377,12.59173608335948,B
g21905,HiC_scaffold_5,1769125,1770410,1.5472213556193306,4.905707176695098,4.201849087089769,9.225146501236832,6.692777588345143,7.123136787140068,B
g21906,HiC_scaffold_5,1770528,1771763,22.957932572918367,78.69465680483614,70.19163376806796,97.78359179099684,76.71858999670934,101.06758337723936,B
g21907,HiC_scaffold_5,1773402,1773970,0.0,0.0,0.0714534324138893,0.2121824201514094,0.3310561121706427,0.1080349984441954,B
g21908,HiC_scaffold_5,1774275,1775295,1.331591178106425,3.7293025652971634,12.277618335732203,24.437811974318446,7.0341197507641136,10.00014728951964,B
g21909,HiC_scaffold_5,1775431,1776091,42.18246009711751,29.701408881592897,60.30764611281978,43.561368959876944,32.370052186391185,29.09361293650164,B
g21910,HiC_scaffold_5,1776748,1777144,0.0938842210042467,0.0,0.0887754766354383,7.494512765734635,2.8016660979326464,5.091167307036299,B
g21912,HiC_scaffold_5,1780782,1781631,83.4847578493974,60.428337465814245,63.097734037956,62.76547484553432,62.41377944087324,62.99524499848299,B
g21913,HiC_scaffold_5,1781785,1783154,7.866371234998215,0.3722725787621296,0.4065156931111812,0.83541918592243,0.5977883755952826,0.88984040058371,B
g21914,HiC_scaffold_5,1783250,1783688,1.2970904154385616,2.8368051193041905,5.520142689927675,10.283363847319183,6.05362952411496,8.96394537704913,B
g21915,HiC_scaffold_5,1783746,1784808,3.434559806660948,6.6635482958909495,8.478615272403253,9.21462946689103,4.699504263153078,4.646778921684014,B
g21916,HiC_scaffold_5,1785144,1785765,26.140730702721893,26.723876919423063,17.783717470206803,18.891173303291467,12.359835814657094,13.14582435524841,B
g21917,HiC_scaffold_5,1786061,1789650,5.530544561520738,11.537817376382842,9.214613095208302,13.540612695312248,9.92704996051239,10.816287180462869,B
g21918,HiC_scaffold_5,1790004,1791693,1.186231047697179,0.9768608650763152,218.4894026352761,8.246066171284717,6.207015330276274,4.210953916389332,B
g21919,HiC_scaffold_5,1791770,1796516,13.990498080745391,5.889358238831512,9.696662493310429,0.1871736025026414,0.0853966577360701,0.1687731640989568,B
g21920,HiC_scaffold_5,1797681,1800439,4.75511145447013,3.405840887744681,35.67082122134813,20.729118176866827,11.985153932390103,9.00367186736116,B
g22143,HiC_scaffold_5,2355614,2356034,0.1853351097642496,0.0,0.0856127087373095,0.7195843654133256,0.5187690105981337,1.010966049972943,B
g22160,HiC_scaffold_5,2432982,2433488,0.0900934561353991,0.0,0.0832345779390509,1.002566900705842,0.124856747598028,1.7189699932044562,B
g22164,HiC_scaffold_5,2458552,2460149,0.0,0.0,0.0280343610427699,0.0,0.0,0.0,B
g22474,HiC_scaffold_5,3261160,3261445,0.0,0.4220646360936926,0.1233511885881879,0.0,0.0,0.0,B
g22606,HiC_scaffold_5,3541899,3543603,0.3364743348359872,10.164052730533797,1.3368570376290043,5.237906574549596,3.38371881354144,1.619681523724257,B
g22607,HiC_scaffold_5,3544058,3545387,10.859629639159571,15.617005933063696,18.81801655808902,25.46846583126657,28.974473488439703,16.644113273788218,B
g22608,HiC_scaffold_5,3545688,3547257,14.90175414685461,3.3735175065434544,8.396079262897363,6.214883433417091,6.570832883310946,9.205293390015711,B
g22612,HiC_scaffold_5,3557904,3559047,0.0,0.0346775410220571,0.0,97.2561496251927,118.44704217982276,186.31990341380407,B
g22619,HiC_scaffold_5,3593531,3596434,1.5951342850739805,4.693802524073269,12.631954775357082,16.515255561382446,10.643793037749337,12.55259663245316,B
g22620,HiC_scaffold_5,3596611,3599309,53.772926342456415,33.276706173838825,29.83513236367948,94.01559027242688,74.73832371619282,148.42998537267985,B
g22621,HiC_scaffold_5,3599926,3600778,0.6852897279555725,4.078704742353002,5.973594560248756,11.077997131283375,6.745602400344502,6.723947606950292,B
g22628,HiC_scaffold_5,3615260,3616748,21.03790417909792,6.2846059548782,8.65980488046277,17.82981604237367,12.646381328536254,20.661769685762906,B
g22629,HiC_scaffold_5,3616951,3618493,20.91185670144137,5.44738062541499,4.618984517924039,9.882077443671449,7.989792944056109,17.69522306410086,B
g22630,HiC_scaffold_5,3619093,3620572,29.79346191212877,0.4094519985123173,1.351161717364995,2.153182834824584,1.9186003909251463,1.7942061379019918,B
g22641,HiC_scaffold_5,3641108,3642371,2.5269223013408864,2.2792140238705043,0.9008700100371,6.705310489022155,1.819658613265884,4.960862814216294,B
g22642,HiC_scaffold_5,3642415,3642970,0.6698766039221932,1.4457342695832531,0.3887279748072432,3.823132436264034,2.140006831482109,3.923841362877508,B
g22643,HiC_scaffold_5,3643905,3645936,5.030522158925687,4.237151944482946,0.6825658250499269,0.4978188336461268,1.2246921373123618,1.1236722581009126,B
g22644,HiC_scaffold_5,3646225,3648142,6.712681814022604,2.8101898068513727,1.9356714431154765,3.332807647716341,2.486488768498634,4.73263439809008,B
g22645,HiC_scaffold_5,3648272,3651096,13.33562707680002,6.191081105260544,8.443891928377205,11.330389961817914,11.406558486824188,15.432781223271547,B
g22650,HiC_scaffold_5,3660211,3663766,1.6345440756204528,16.792470167816976,52.58977948647281,15.926952255334506,18.93019331267961,71.18553291292503,B
g22651,HiC_scaffold_5,3664696,3667411,12.386047425583918,5.413648417120078,9.428278369334826,6.200827366704928,6.522869927732097,8.154405892126222,B
g22652,HiC_scaffold_5,3667682,3669477,1.2104117839113933,6.857631050712527,3.4762197578706475,12.005881672066788,17.29083756913676,11.671915828683485,B
g22653,HiC_scaffold_5,3669633,3670443,0.0917979049819301,0.0506364969262713,0.0868026882657618,1.7329882148509437,2.540710291091908,0.9175494443852374,B
g22654,HiC_scaffold_5,3670567,3671701,0.0343213166230091,0.0349527596015972,0.0317084106434479,3.129661120324878,3.3481288908205715,2.715041121546207,B
g22658,HiC_scaffold_5,3685879,3686215,0.0,0.1179655636553908,0.0,0.0,0.0,0.0,B
g22663,HiC_scaffold_5,3701073,3701566,0.0,0.0,0.0901412531990604,0.0,0.0,0.0,B
g22669,HiC_scaffold_5,3718355,3720494,5.953262133240649,39.70789186488795,66.09069985706752,35.69023849089478,31.15343008966856,26.980027073226825,B
g22670,HiC_scaffold_5,3724345,3726121,0.5949708537671083,0.0461886965205853,0.0197945319524963,1.1886261006408283,1.7060397902069953,1.6431063898391507,B
g22671,HiC_scaffold_5,3726288,3727317,143.90581365880385,23.670806593290656,20.92825591295861,17.66011810310839,16.850831940664293,19.238775667947912,B
g22672,HiC_scaffold_5,3727477,3728387,96.44997265657643,47.538816499369375,63.76964688576968,41.22776631341026,42.88863156935333,49.55812128549877,B
g22673,HiC_scaffold_5,3728494,3729313,121.5473246782202,67.45406213210325,142.1588718756079,79.10969916379867,73.97765752437402,115.1712306696842,B
g22674,HiC_scaffold_5,3729660,3730632,27.31867274590844,58.18875605138594,10.59527748104774,24.02839460911884,21.200586737596183,14.63404559991698,B
g22675,HiC_scaffold_5,3730731,3734757,6.4123687735679,28.606827008836284,23.89527673047009,21.025293655837817,9.717605873887216,13.259962626304628,B
g22676,HiC_scaffold_5,3735528,3740625,1.6883103725231408,0.0333593764444959,9.08504321510081,4.869023751334003,6.409634304667376,25.42001785253796,B
g22677,HiC_scaffold_5,3740687,3741223,12.06875106791929,0.0,0.3134734960617614,3.207696070737767,1.43512771965205,4.383835083953468,B
g22678,HiC_scaffold_5,3744045,3744770,2.624833893241742,0.4935952181324498,0.2762105546702369,0.5145223784706046,1.628891450337932,3.933448258807486,B
g22679,HiC_scaffold_5,3745045,3746220,19.86369912790833,8.129760652504572,3.046532942569331,8.51217404232839,16.281017625226976,23.04554115364349,B
g22680,HiC_scaffold_5,3746854,3748312,12.898855857505527,113.60329425089432,94.94511031066163,178.94826645053777,146.98179991618042,147.2485758974821,B
g22681,HiC_scaffold_5,3748481,3749151,35.74969745844973,42.45785216300875,31.03555671090845,29.645099141961737,24.69134513065425,24.598710661057588,B
g22682,HiC_scaffold_5,3749261,3752537,9.91120868933929,32.096651343724886,41.12073187524791,69.79900661390448,34.94688995949102,43.48771865713632,B
g22691,HiC_scaffold_5,3772154,3773194,0.737825784061223,0.1630222738786072,1.8929108828442984,0.8718266906625523,1.1687551723967018,0.5950615619249846,B
g22692,HiC_scaffold_5,3773582,3775010,26.932725417269765,53.14068007464701,60.40955540813833,84.40681044877601,70.71305471097867,91.6654096218872,B
g22693,HiC_scaffold_5,3776220,3777981,0.1477836800816423,0.0,0.0199631395500474,0.7891166390992048,0.2570215982538013,0.4522250250917583,B
g22694,HiC_scaffold_5,3778640,3780272,7.288383877661474,0.0,0.0220326823956311,0.0935525941725728,0.0661006310813089,0.0325693745309706,B
g22695,HiC_scaffold_5,3780892,3782620,0.0450467280676995,0.0458754969770964,0.1442677181259147,0.4706240557732525,0.2821606245734703,0.5526029557631036,B
g22696,HiC_scaffold_5,3784483,3784981,5.92922482669107,38.78452015931527,4.513379110249816,164.3094821449767,141.85795462539204,166.47724087756734,B
g22697,HiC_scaffold_5,3785269,3785764,5.127224511253665,4.25504503043126,1.6658828679521225,104.60678847580236,46.73836550643905,298.0307926348762,B
g22698,HiC_scaffold_5,3786272,3786785,5.230417731141657,8.792663903850785,1.8020692854287448,150.66926210936066,39.44505888750066,132.0464054647885,B
g22699,HiC_scaffold_5,3787219,3791506,3.283370729635166,8.249456279623303,10.16728979260768,20.64871280378056,16.12675705136587,22.96464132927302,B
g22700,HiC_scaffold_5,3791621,3794918,4.525141135730717,1.2695220946984709,3.278937752018062,11.638525434630145,7.690279636571054,12.408367998029249,B
g22701,HiC_scaffold_5,3796302,3796762,14.490721550543029,8.545031036789522,13.824626375097113,42.33506442361066,31.25171661061861,41.214772963052496,B
g22702,HiC_scaffold_5,3796851,3798494,13.027208401553091,23.550840337733025,10.3884218869337,15.75382527198217,10.680829940058736,14.1419080955374,B
g22703,HiC_scaffold_5,3799297,3800488,16.63363857381999,0.3683954571909835,1.4685756196987805,3.331703240115676,3.873309480722128,10.91876434280072,B
g22709,HiC_scaffold_5,3812304,3814021,3.1989750425683074,1.340370046519086,6.8845978055672,1.443042856223402,1.1536381521056758,1.3348659834612464,B
g22710,HiC_scaffold_5,3814157,3814811,66.97192792305154,111.19298916670284,89.24640556783815,182.38334585761817,141.7962268463175,143.94860758794334,B
g22711,HiC_scaffold_5,3814977,3817175,5.959163091215556,3.8620426791309055,3.477285741662309,6.646599618815457,4.516299682791374,6.2259330127183485,B
g22712,HiC_scaffold_5,3818013,3819468,13.524122785354647,37.34783559199952,9.238485879406472,55.6736073851216,33.47066380998997,30.45601142090724,B
g22713,HiC_scaffold_5,3819765,3821670,16.33914490623055,13.21692047533869,9.076508585507211,10.61324419869085,9.069212977628258,8.528070704826842,B
g22714,HiC_scaffold_5,3821887,3822931,86.01177324415579,343.22113851394977,154.97389166588738,116.10014431863968,102.4928654633894,68.68493969972039,B
g22715,HiC_scaffold_5,3823463,3824219,0.5839167646368859,0.0,0.0621024830218825,4.175826369237952,1.0722296255914672,1.4661510803685895,B
g22716,HiC_scaffold_5,3824583,3825732,23.51682041956664,105.0089863260728,53.6382274206518,193.33560322811064,193.0297676844052,320.69542344769013,B
g22717,HiC_scaffold_5,3825867,3826220,32.43041794958029,3.950824832039625,25.095357367197195,4.240257927255672,5.25045299353136,8.948503332388608,B
g22718,HiC_scaffold_5,3826305,3827691,171.56777048116177,4.199405711948246,74.97602586778754,43.21415877713852,35.829902179683,60.08897446440102,B
g22719,HiC_scaffold_5,3828425,3829565,1.3472879505490951,0.0359785636055085,0.0623793214186873,2.7305233117875503,2.879621207541099,2.606956298663679,B
g22720,HiC_scaffold_5,3829911,3832032,0.0,0.0191758245709778,0.0170077836224642,0.0120583454107368,0.0,0.0,B
g22724,HiC_scaffold_5,3840364,3841786,154.93515016685365,67.57387213080979,122.78214993660484,72.52650415647467,72.96947466205062,126.54129995327818,B
g22725,HiC_scaffold_5,3842544,3843279,1.9553208967772184,1.696133389961144,7.410775152055827,4.218540753278162,4.493888653488677,1.0111769387102616,B
g22726,HiC_scaffold_5,3843904,3844921,586.0486361996315,1.0268815096501267,3.3241377837257104,2.279701948650116,5.325837891589025,5.432482532894794,B
g22727,HiC_scaffold_5,3845701,3846010,0.1259558998397812,0.0,2.2935841987279173,0.9278043211218344,0.3525614635132947,0.3430305243534941,B
g22728,HiC_scaffold_5,3846561,3847599,0.107451304964398,0.1949128577141252,1.5379763721003528,0.3002082227270133,0.1293956225967382,0.3066467268974447,B
g22734,HiC_scaffold_5,3863132,3864287,0.0469421105021233,0.0,0.0,0.0,0.0,0.0,B
g22735,HiC_scaffold_5,3872586,3874272,6.020382671238902,0.0,0.0994670474956293,0.9546064806487636,0.412527698124872,2.055062361018489,B
g22736,HiC_scaffold_5,3874597,3874969,130.62430611349384,4.927230332559677,12.120870498611389,113.50598215186808,44.4741192439804,206.79657231220065,B
g22737,HiC_scaffold_5,3875099,3879354,37.410419386897374,31.15349886181984,25.268644994911966,34.70399446781205,30.028297422698746,41.08425147181827,B
g22738,HiC_scaffold_5,3879696,3881065,7.24783754112583,12.281555955079192,32.943115705489106,42.14032052979471,37.4624594427029,71.23518574599574,B
g22739,HiC_scaffold_5,3881259,3885603,5.523945174899369,0.4946229248839368,4.367417783504903,2.452045398462776,3.465213996051385,7.158739739304275,B
g22741,HiC_scaffold_5,3885977,3887743,12.705772083246524,11.742489660208804,6.576851402761569,38.706364860313926,24.237854425220025,32.94308596822552,B
g22742,HiC_scaffold_5,3888062,3889494,5.372459086361097,6.965225331584978,12.582498372903164,41.52659874676869,25.502804923800724,39.22595229630304,B
g22743,HiC_scaffold_5,3889699,3891994,60.51880213715884,4.83069769778106,22.69686003223301,24.44531665111498,19.3087847519532,167.70197908904942,B
g22744,HiC_scaffold_5,3892305,3893058,15.258025257607004,137.997857481047,66.32150899527036,154.5247576293069,127.00689296278824,140.29919673702304,B
g22745,HiC_scaffold_5,3893884,3895117,5.9414221554012885,171.48649765969384,53.65697942191348,69.61129288175574,73.9521537561561,57.00974903921961,B
g22746,HiC_scaffold_5,3895486,3896614,5.378169658952796,4.708869948794735,7.411158568762939,30.45701661069616,15.343184602035103,27.36121471365328,B
g22747,HiC_scaffold_5,3896755,3897799,5.958261993128115,31.965103491519784,30.625629635901376,31.70671420992376,59.92071661554629,33.2988054395096,B
g22748,HiC_scaffold_5,3898092,3899248,1.1640931019063188,0.0,0.0,0.7981054586266862,1.0305455493732518,1.3041793798551966,B
g22749,HiC_scaffold_5,3899311,3900220,1.9369850321945763,0.0,0.0,1.9264023504646048,0.8539534920781437,1.4591313853825465,B
g22750,HiC_scaffold_5,3900348,3901608,0.3932631114758232,0.0,0.0,0.1817593258209986,0.1494053739823511,0.0421850946305906,B
g22751,HiC_scaffold_5,3901750,3902869,0.6769444169938517,0.0354212952530932,0.0,0.9147372535817764,0.2410103438889549,0.7586250898421925,B
g22752,HiC_scaffold_5,3902909,3904467,1.7467420822038022,8.893412398147177,12.685891315248286,13.595944050742489,11.492944642380662,13.205480762044964,B
g22753,HiC_scaffold_5,3904629,3907623,21.997745885365447,79.3381258220808,59.09241036709582,46.56015969500713,39.85256083260535,52.09629065000414,B
g22754,HiC_scaffold_5,3907830,3911484,18.34635289544691,11.884667353879848,8.197475164532976,5.620899822191552,5.058438452128828,6.392776649372823,B
g22767,HiC_scaffold_5,3931405,3931972,341.0449022570301,462.7609895671316,310.85682527239135,260.08203351885624,331.6530972103851,498.6568650446242,B
g22768,HiC_scaffold_5,3932084,3934442,1.1463224960269531,0.0754979607394501,0.5083279262769476,3.2309559238260945,1.153787678143818,2.579218215418051,B
g22769,HiC_scaffold_5,3934608,3936187,28.934545254034248,1.195382782226604,28.78047216305461,53.8176721356498,46.53522064886872,125.56832536157268,B
g22770,HiC_scaffold_5,3937396,3941085,112.9406601546112,120.54664797544132,174.4351671694086,63.23932464341672,61.405169551482686,54.44046762726048,B
g22771,HiC_scaffold_5,3941298,3942157,0.6189982299773544,0.0541481275795236,0.0,0.1426144135443899,0.1112565622868553,0.4344116066607774,B
g22772,HiC_scaffold_5,3942195,3943450,1.4529799981573863,0.0,0.3077711320019515,0.2519656179882288,0.0992278287568718,0.523821894499725,B
g22773,HiC_scaffold_5,3943497,3946443,1.834601991131424,0.0408311002330965,0.7344583800863957,1.576466484451024,1.533677406795105,1.495318079139896,B
g22774,HiC_scaffold_5,3946777,3947746,13.558060583176278,89.7779580005936,77.27779903647338,46.86827086126138,40.09573963595237,49.84806823323589,B
g22775,HiC_scaffold_5,3947862,3949389,8.17376622648191,17.79196448831904,16.91700230169485,17.54066165701966,12.412173193588966,9.038746976870687,B
g22776,HiC_scaffold_5,3949859,3951386,6.443221562767196,17.2552294602234,23.59323352589761,31.659574896695247,24.94984847579128,16.545901520002054,B
g22777,HiC_scaffold_5,3951750,3953492,4.416372882720401,22.45638694331877,17.26147588646717,36.72517640264478,26.78433650086144,19.62960416579692,B
g22778,HiC_scaffold_5,3953572,3955036,68.4273732046057,35.714681997574566,6.068568082276433,47.22582182142639,31.31440678786455,31.285373467204423,B
g22779,HiC_scaffold_5,3956061,3957348,119.45410348327758,20.331816818026315,60.569430913006485,35.16120048965456,24.53695640415843,58.65141078713533,B
g22780,HiC_scaffold_5,3957895,3958780,124.35630454014964,18.17894024318377,63.44081628807265,16.113612632116403,27.772583306232946,60.717103607430985,B
g22781,HiC_scaffold_5,3958967,3960563,8.90280876646668,6.790861004061115,5.144340621290185,5.45796130078226,5.157175405473627,5.153649514460023,B
g22782,HiC_scaffold_5,3960910,3962428,66.60542248361351,118.34397921365256,77.61471529678478,83.37983344275722,66.65933030751938,86.67548515248167,B
g22783,HiC_scaffold_5,3962661,3968211,7.519735936866187,37.1373248702168,14.48347554456686,26.02570485809177,17.09011214393935,20.084826532321365,B
g22784,HiC_scaffold_5,3968330,3968833,49.788802769637215,29.44072949436429,56.40023133490586,62.881436083999176,52.89698866803565,71.45922668847294,B
g22785,HiC_scaffold_5,3969135,3971580,4.407405893647022,3.5151167033999045,6.37405254322452,10.188214927988264,6.814520206920035,11.909044480102876,B
g22786,HiC_scaffold_5,3971659,3972336,4.388228692293794,5.807371675028355,4.156257640723863,30.4389996284212,24.938261242830208,33.02346671616664,B
g22787,HiC_scaffold_5,3972453,3974062,23.13740875052987,5.15762118503656,10.413762426913312,9.30342064560526,6.349897598805983,11.582314485851128,B
g22788,HiC_scaffold_5,3974132,3979415,15.885894077996914,9.887536321768138,13.069554201546168,6.999805008694368,5.105678785152034,6.934167151866486,B
g22789,HiC_scaffold_5,3979972,3981139,0.0,0.0380753404305584,0.2026229898999053,0.2993430693473966,0.0772089733843095,0.3060608155268072,B
g22790,HiC_scaffold_5,3981291,3983432,4.014001951663206,10.016926512954509,44.080085027133634,6.479714301841957,8.96431120207278,9.08004452251635,B
g22791,HiC_scaffold_5,3983622,3986321,73.93234593300265,22.12278754456532,51.41066385701714,33.39550422163298,32.773224571164704,44.7442776442448,B
g22792,HiC_scaffold_5,3986584,3987874,17.015557196966057,45.27188368672617,29.67068897368226,16.090565024924423,35.59773645693013,14.404594016294844,B
g22793,HiC_scaffold_5,3988049,3990008,3.646590919637117,2.659372440868303,5.28508002501314,11.074139245417086,9.890575541283432,12.117658754353442,B
g22794,HiC_scaffold_5,3990210,3991191,284.9527510642278,11.341322612258477,10.603127656529251,21.884491806766995,21.8393160046829,18.72509011629172,B
g22795,HiC_scaffold_5,3993478,3996223,1.4802683450512553,0.1905142222921126,0.4925241324467102,1.5367252667389644,0.9717813164248394,1.2915562323527685,B
g22797,HiC_scaffold_5,4003569,4008099,0.0,0.0,0.0079376021345849,0.4615387871153729,0.6593026877382768,0.820325662198722,B
g22799,HiC_scaffold_5,4009880,4011112,0.0677197659702763,0.0,0.0,0.0,0.0,0.0,B
g22809,HiC_scaffold_5,4032695,4033972,0.0,0.033196339521115,0.0,0.0,0.0,0.0,B
g22815,HiC_scaffold_5,4049643,4049883,0.0,0.1651517891175471,0.0,0.1103738204868062,0.1101517763779922,0.0,B
g22825,HiC_scaffold_5,4075280,4076507,0.8280404577889824,0.2294966626598896,0.2324791805959662,1.047561468639496,0.5327212333770566,1.297568480428244,B
g22826,HiC_scaffold_5,4076783,4077428,7.065426924692085,15.761687408645091,14.78866996431491,25.563324882506805,18.989175216224176,22.132690703396435,B
g22827,HiC_scaffold_5,4079181,4085886,0.5647175605662714,0.0084314889147439,0.0074782150069418,2.489823783437548,1.8058698498010668,2.5389499748128745,B
g22828,HiC_scaffold_5,4086844,4088890,19.6791960828015,9.407428599224918,24.885618515575104,14.095901671486615,24.55610698863269,22.89166671048516,B
g22829,HiC_scaffold_5,4088899,4089785,24.50932392910586,0.0584608103070963,0.4207255967422576,2.879146981175678,0.8829580768294815,4.3833778473106095,B
g22830,HiC_scaffold_5,4089930,4091789,33.031106055864626,2.240843898336629,1.7933566621307162,8.595457166116237,11.51217689931153,20.254005378818057,B
g22831,HiC_scaffold_5,4092575,4094069,38.64234793095763,168.02713458171573,94.22438121996652,181.49508508777623,158.99509371481818,177.12910400307052,B
g22832,HiC_scaffold_5,4094430,4095722,2.249478473620492,3.680563480146094,6.925554127497118,3.7524527924576425,4.56342358259902,1.2676158566380669,B
g22833,HiC_scaffold_5,4095855,4097791,49.45104714243355,4.6493159505484485,5.356224425662288,3.9855686974822815,5.070431538397585,4.765027046818269,B
g22834,HiC_scaffold_5,4099835,4100577,7.90618890998468,15.953630891159625,25.201384802271864,41.524924855621,32.904206069720345,35.554000150852715,B
g22835,HiC_scaffold_5,4100691,4101715,6.365116255376777,25.526454094209434,43.43543666422168,41.38293730749157,32.974004513325134,42.95333846524785,B
g22836,HiC_scaffold_5,4101864,4103002,15.292304500737233,2.5111869298623946,5.668281027410429,11.503478032665168,8.235368334752495,11.516079832517953,B
g22837,HiC_scaffold_5,4103993,4106063,12.501259213539443,6.943287031592385,23.381780640982846,8.97466190236555,10.068738044731134,27.981324035918387,B
g22838,HiC_scaffold_5,4106353,4108930,2.302542567590583,0.2872214492018125,0.7400890459123687,3.2419999354427507,1.1191836134943882,2.115885862450708,B
g22839,HiC_scaffold_5,4109096,4110695,1.4851371203306405,2.421711265226934,0.6451102611081425,35.89394416076843,15.089644354242376,4.515420660081278,B
g22840,HiC_scaffold_5,4111599,4112475,1.915195859238909,0.1468015903267085,0.1967916947498835,0.5798928920672751,0.6169463087992642,0.5896345148163591,B
g22841,HiC_scaffold_5,4112831,4113631,0.5197986650831568,0.166212506022911,0.1462701695177234,0.1766644134952,0.1834872353216043,0.3626449313235821,B
g22844,HiC_scaffold_5,4116508,4118107,1.6506405976309653,1.094491454832392,0.458751481347843,20.132229036705205,8.53606517171874,3.897964257305834,B
g22852,HiC_scaffold_5,4134858,4137120,3.554780938201568,0.5616192201274042,3.72006620913561,2.594101864766924,1.933958579060302,2.3043024754762094,B
g22853,HiC_scaffold_5,4138399,4138600,0.0,0.0,0.3498018780859061,0.0,0.0,0.0,B
g22863,HiC_scaffold_5,4170464,4171750,0.0314535968846715,0.0,0.0,0.6551142022995585,0.3390925923556848,0.1346443750082688,B
g22868,HiC_scaffold_5,4184326,4185169,0.0,0.0470183029516148,0.0,0.031423151740016,0.032623592682835,0.0,B
g22869,HiC_scaffold_5,4186333,4189315,7.362215661857424,1.5386625742894695,3.139603166076013,8.942342350701715,6.237896936955097,21.26132174690001,B
g22870,HiC_scaffold_5,4189482,4190789,47.11850560728455,132.616932046469,183.5424419708237,76.70395171897358,74.52388358891793,52.53621893006993,B
g22871,HiC_scaffold_5,4191231,4193540,14.543974363863915,30.34685739389721,19.307535007405868,50.03643909353331,27.630642917572462,34.83400254696859,B
g22872,HiC_scaffold_5,4193905,4195644,3.2997342973185084,7.7657682306277795,7.283277289930782,10.757920789199243,8.121149477450993,11.095174452252468,B
g22873,HiC_scaffold_5,4195743,4196264,3.770113132344131,11.023240247452769,16.66301641549813,31.19847950767953,24.52152544488533,27.18226597940496,B
g22884,HiC_scaffold_5,4235602,4236229,0.0,0.0632159958344678,0.057348225948437,0.2410091176025492,0.8653539657515418,0.3390954975090536,B
g22895,HiC_scaffold_5,4263565,4267571,0.0116692252095673,0.0,0.0,0.0,0.0,0.0,B
g22896,HiC_scaffold_5,4267989,4272275,0.0,0.0,0.0180947649916802,0.0,0.0069978851479974,0.0,B
g22897,HiC_scaffold_5,4273256,4275528,0.9690442594374352,0.0407506830703226,0.5295003215784984,1.7436786179378312,0.6719890329172133,1.160432979793947,B
g22898,HiC_scaffold_5,4276452,4278434,33.71899868002296,11.03744876040739,15.85699549550692,16.428885794512713,16.406673781543223,24.03329335448428,B
g22899,HiC_scaffold_5,4278650,4280191,90.47862292735806,255.8410791282347,92.00702270149006,349.34250807749595,246.82507223828904,78.6667859215159,B
g22900,HiC_scaffold_5,4280303,4284430,0.4957450136347919,0.0998068555228456,0.0097979623042456,0.2336017191583537,0.1718394381309397,0.1774243603787891,B
g22901,HiC_scaffold_5,4285756,4286953,1.9664390952505983,2.1480449531305226,9.708995072043354,4.133718307117087,3.543806483382697,3.0141259587535267,B
g22902,HiC_scaffold_5,4287207,4289652,1.6654978221528514,4.589071904190078,2.232044569630882,4.249503291182455,3.4543613663678965,4.537608391475818,B
g22903,HiC_scaffold_5,4289683,4291879,2.967795400824829,3.4013558402082227,1.408619784601582,3.332372840195009,3.168291461458643,4.386472460287861,B
g22904,HiC_scaffold_5,4292868,4294305,0.7167316729085365,0.444203388710916,0.2235276912045377,1.9102788952733605,1.462391063973384,1.255900767170238,B
g22905,HiC_scaffold_5,4294306,4296502,0.8485144276094072,0.0,0.0,2.902934714846263,1.338352103466503,2.758692500178743,B
g22906,HiC_scaffold_5,4296661,4298823,0.5386432529046878,0.0,0.0,1.1756848739214154,1.185894643784572,0.5802919625713292,B
g22907,HiC_scaffold_5,4298907,4301256,0.6034588250330333,0.0,0.1108845908074717,0.445634264522095,0.2166189355917595,0.6391552259428669,B
g22908,HiC_scaffold_5,4301345,4301954,86.58726757112507,9.325055598839452,26.75911640491525,54.94939240766223,98.34465759642556,224.6938106345832,B
g22909,HiC_scaffold_5,4302649,4303963,3.046158586999038,0.0,0.1411492347403711,3.241783026198185,7.751669016070912,14.974928679158689,B
g22910,HiC_scaffold_5,4305484,4307407,4.026768886334635,0.1044931945840839,0.0369799409346352,0.7226387943076961,0.3640822840403607,0.6625726621995666,B
g22911,HiC_scaffold_5,4307970,4309276,1.673528744772888,1.145245196731266,0.9854636136441516,3.148237062719209,1.8078176132688784,3.625943343577213,B
g22912,HiC_scaffold_5,4309573,4311016,6.894380845021304,0.2519913583535994,0.1971238431526086,3.853398847270967,2.3520688320279706,50.02607488893,B
g22913,HiC_scaffold_5,4311081,4311651,1.406399719763236,1.4820652899141296,0.630830485432807,10.094224806656216,7.954723815670273,10.060802727890271,B
g22914,HiC_scaffold_5,4312249,4313622,33.09983502593653,41.08424543806633,14.579892562216632,10.710578446059124,11.499416814115603,11.29405976292917,B
g22915,HiC_scaffold_5,4314162,4316190,40.50662824356625,3.911608168728184,4.349760364513626,5.729043660671477,3.884395068588496,3.082007053518854,B
g22916,HiC_scaffold_5,4316610,4318630,20.331001248853426,32.2479592438343,14.82257777819678,44.62098396479372,42.58042062176392,22.90358052453515,B
g22917,HiC_scaffold_5,4318859,4321995,3.834242710190805,1.3249311808642246,1.4657664840052056,0.9617921850253758,0.5860213283844031,2.23102238454019,B
g22918,HiC_scaffold_5,4322222,4324017,11.016368170344656,17.740093319801595,11.498689079522984,21.950125524834,17.313980541182197,27.64254597775883,B
g22919,HiC_scaffold_5,4324147,4326227,21.812875484787487,0.8242602532208826,0.9282151931339262,2.5655118740436507,2.183653839902993,2.908736720569198,B
g22920,HiC_scaffold_5,4326497,4329707,5.700638489063397,13.008218858494969,6.885799489306159,5.619806355436589,7.937149445849635,6.2166790676430885,B
g22921,HiC_scaffold_5,4330011,4331312,445.2576350817408,578.5973695840887,331.5429418226072,416.2878457008245,408.3282715947528,314.4810101449135,B
g22922,HiC_scaffold_5,4332031,4333294,45.72548243443437,48.558412754237054,108.78778993595957,93.28348852283052,64.69488641682409,93.49554159433676,B
g22923,HiC_scaffold_5,4333443,4335084,2.214238112377478,7.155448886197475,12.395310521594698,10.447201657038722,10.557868693381854,13.786368666367371,B
g22924,HiC_scaffold_5,4335152,4336673,13.471742929837951,2.889838972128851,3.0080555048047137,1.960107694268777,1.705915414478127,2.5343783772078083,B
g22925,HiC_scaffold_5,4338174,4339266,2.353370460231061,7.01905673780511,9.79214103059684,38.48292069918871,25.240220724049635,27.273666130603026,B
g22926,HiC_scaffold_5,4339658,4341078,17.813441683424436,8.554661298458392,8.454958452467032,45.40437859251953,19.98817694240981,12.172214893585942,B
g22927,HiC_scaffold_5,4341394,4342419,10.439651649343965,15.908493058218356,15.652061918428968,27.02106469309265,23.421464190095783,32.82193603772071,B
g22928,HiC_scaffold_5,4342578,4344461,87.66076318681593,9.201030959748971,8.966369401669,12.467645058419237,9.82312379235749,15.057965545952245,B
g22929,HiC_scaffold_5,4344624,4346335,12.468836599939824,36.1832503327622,12.86221855210703,22.381841605523466,15.695726950787549,14.25742341569353,B
g22930,HiC_scaffold_5,4346441,4347068,2463.082809530757,4929.438196276564,4561.8747476869485,2331.5475473766382,2244.858844234001,1969.5581821761264,B
g22931,HiC_scaffold_5,4347895,4348351,76.71407572058969,13.70052625105189,223.54799219415293,166.99888314696614,341.41373708134563,845.7529422868213,B
g22932,HiC_scaffold_5,4348525,4352720,1.1534766991029155,0.0,0.265290454901432,1.4751394315976625,2.331158794410171,3.4615047226382547,B
g22933,HiC_scaffold_5,4353778,4355020,1.3124158638091037,0.4490082751039414,0.0283052244344875,3.4447215135092435,3.696563080197312,4.016628379187347,B
g22934,HiC_scaffold_5,4357840,4358849,25.27619821834056,17.350057410265354,9.199809388750026,21.8014979641264,21.058902210907824,23.02563720388225,B
g22935,HiC_scaffold_5,4359850,4360726,25.58573272968512,36.4425577605916,96.15980762991018,15.00334692261772,23.05887689472776,11.206878108801394,B
g22936,HiC_scaffold_5,4360940,4362328,3.745161446777142,6.778993870680412,4.441312512772033,15.749466235253877,10.45061794701853,16.0336002020387,B
g22937,HiC_scaffold_5,4362925,4364481,9.753971377091766,11.405203599175127,9.91726540501296,20.89621128231996,15.81774583941676,16.01078023109205,B
g22938,HiC_scaffold_5,4364673,4365582,0.9988510783494582,0.3097826238544384,0.7805497979416534,3.067832238310717,1.7416775843041044,2.3923343145857325,B
g22939,HiC_scaffold_5,4366299,4367106,12.49915558833512,19.198387623408827,23.667538240348552,21.06400725703933,11.244109292318798,9.933737180491388,B
g22940,HiC_scaffold_5,4367374,4367824,16.532537095609563,9.757125761201166,13.9260405841447,22.774290673784,14.519930547890011,23.94700714364184,B
g22941,HiC_scaffold_5,4368069,4369002,16.297080002190445,6.554941107250416,7.61675149860465,11.368200816562524,7.545902213125102,10.466240110832851,B
g22942,HiC_scaffold_5,4369552,4370485,17.597124190637402,7.502865699575459,8.98439611907762,10.546510919847272,6.079130801995467,8.931699008528193,B
g22943,HiC_scaffold_5,4370730,4371180,13.183982161290263,10.644064783703945,13.769795745266329,11.117161412638035,7.318712888013269,8.022397372744404,B
g22944,HiC_scaffold_5,4371449,4372256,10.843542535330071,17.69073515242034,21.72493306455075,21.23186543201876,11.002916795387902,8.225083356873592,B
g22945,HiC_scaffold_5,4372553,4375568,6.780222270280131,4.308774000880877,4.692392352453162,2.789996971053111,2.46752441439396,3.20065601427751,B
g22946,HiC_scaffold_5,4375751,4378853,3.239178099029373,3.4156651954339345,4.932690333188528,4.373050373284855,4.041142139651759,5.78378387885593,B
g22947,HiC_scaffold_5,4379035,4379587,0.6924544282131909,0.5844347239021093,5.849268634329714,5.1029558148108185,3.64594079570542,5.574830796402364,B
g22952,HiC_scaffold_5,4392821,4393971,0.4791299401867733,0.4105406869853324,1.1680521205684884,26.4733839409153,17.925825951690335,19.548227788976085,B
g22953,HiC_scaffold_5,4394162,4394570,12.349936555449627,17.883769941123937,26.21274218393344,18.252777185475928,15.116984227303783,13.00647486035876,B
g22954,HiC_scaffold_5,4394752,4395619,1.1350105591555153,3.197405100441096,12.60999070710255,7.857932792781502,4.773150149813195,4.652900283547752,B
g22955,HiC_scaffold_5,4396165,4396774,0.6829697090734677,1.122287736377786,1.3999127554771862,28.28171036537595,16.59423145633516,7.847519925207052,B
g22956,HiC_scaffold_5,4397050,4397917,0.1715254971980702,0.4587582779748346,2.38509355081437,5.399767621104935,3.18489198950034,2.817264167518065,B
g22957,HiC_scaffold_5,4398277,4399066,19.50634623163068,5.959799106664057,12.849091424001216,18.60131786317705,11.88454377215888,21.798495008353136,B
g22958,HiC_scaffold_5,4399333,4407831,12.160510912630434,7.713445776029846,9.38835868333085,9.025357318380836,8.350855089367405,12.416665358673342,B
g22959,HiC_scaffold_5,4407945,4408623,2.5506775909650106,0.0,0.0,0.4113067115965254,0.0,0.3910709192994152,B
g22960,HiC_scaffold_5,4408658,4413481,1.2525160794279329,0.0837002161204085,0.037496252210496,0.2639252639405106,0.0738910728968263,0.1898915617028232,B
g22961,HiC_scaffold_5,4413635,4414694,27.31598031694064,7.249099541435005,2.223257013720601,6.387218365773244,5.044096531109761,7.856740163757667,B
g22962,HiC_scaffold_5,4414964,4415342,7.604025709689182,76.41927928194958,74.62395118426551,47.03020915754102,56.60805017968964,37.35244949848055,B
g22963,HiC_scaffold_5,4415523,4415802,108.23996766770117,476.95091035676256,231.44888277901,166.20352664187826,176.29958614333492,119.6539923335736,B
g22966,HiC_scaffold_5,4422777,4424775,34.849709641049294,13.445270538866916,15.994372334693963,10.625882659033948,8.42790501945825,16.70952647956659,B
g22967,HiC_scaffold_5,4424876,4428032,62.13494914266066,48.37868640466645,59.98749871294309,31.869126036620507,37.81213254911666,44.61971415956718,B
g22968,HiC_scaffold_5,4428539,4429723,118.15393094926743,1432.5383371956775,525.9974490775609,357.27356471576286,350.0798966751797,180.77139337781668,B
g22969,HiC_scaffold_5,4430252,4430852,16.848180361395812,30.62647253934263,29.558215043929827,14.2499311443663,7.357338880842086,7.784438584791661,B
g22970,HiC_scaffold_5,4431276,4432545,7.595255553322267,19.99717545505221,9.415675442041824,7.258184785333157,3.613561783221769,3.847884965618057,B
g22971,HiC_scaffold_5,4434052,4436392,9.39417078121065,17.158785426703595,17.584869429421488,19.51577736026023,13.708488272270388,15.170162788292314,B
g22972,HiC_scaffold_5,4436415,4437347,8.603863980180982,5.495436880620482,3.655849986022808,17.431740480318982,7.825495905877683,11.166164912355397,B
g22975,HiC_scaffold_5,4446350,4447816,74.2846490787887,3.618989638030273,8.91536240251417,16.710771641171476,17.654197205738367,25.771761094783475,B
g22976,HiC_scaffold_5,4448181,4449935,0.1123776548470791,0.0,0.0348760801067793,0.1530188002405549,0.7040849136089486,5.371218459594143,B
g22977,HiC_scaffold_5,4450421,4452043,43.65237478652714,55.55247066682232,15.597218860092172,20.93036995469853,18.33352377212876,19.422247591123167,B
g22978,HiC_scaffold_5,4452310,4454116,162.27222289575496,80.48255459027175,13.447166375201622,57.77833205668492,57.08604726712492,45.64028624838652,B
g22979,HiC_scaffold_5,4454417,4455527,704.6544559190579,0.18102739926594,3.224092500704743,16.992874053840737,7.391878421695843,10.472463673229296,B
g22980,HiC_scaffold_5,4455974,4457347,25.039255011851623,5.379793179932483,3.5492497495577977,21.190321618833764,11.831946892347428,18.93262918220444,B
g22981,HiC_scaffold_5,4457527,4458942,5.1740337563533885,1.8349494208327164,1.2745054184516167,6.593852027587339,4.119468589804629,3.456087048725053,B
g22987,HiC_scaffold_5,4475498,4475855,0.0,0.0,0.0984736379485534,0.0,0.0,0.0,B
g22992,HiC_scaffold_5,4485791,4486130,1.2526243672265345,0.0,0.3134734960617614,0.4503770905299081,0.1591094836647437,0.1567941570340535,B
g23006,HiC_scaffold_5,4516663,4518010,0.0,0.0,0.0266943857978248,0.0578352144006384,0.0196261516931834,0.0394604448660313,B
g23008,HiC_scaffold_5,4521074,4521428,124.5844387520154,124.56281273824874,63.34825999444563,133.59735371999324,112.16112801493156,115.44499309052703,B
g23009,HiC_scaffold_5,4522270,4522717,1.291409651952535,0.4233700362125516,0.3732935769937194,2.989037493073306,2.8896002004567807,1.951509334372444,B
g23010,HiC_scaffold_5,4522851,4524631,0.9948989156085316,0.810519515444015,1.056810893334535,13.588692267415697,14.955706349617468,13.1102654788198,B
g23035,HiC_scaffold_6,1711,4535,0.0148437730932465,0.0,0.0,0.0,0.0,0.0,B
g23042,HiC_scaffold_6,26113,31975,0.0066394358666824,0.0,0.0,0.0393350166303818,0.0227307052122999,0.045284218650437,B
g23044,HiC_scaffold_6,37194,38645,0.0267661278025066,0.0570718925676188,0.1789001929442363,0.485706686293813,0.2702924982970577,0.1913362823417716,B
g23045,HiC_scaffold_6,40101,41187,0.2176726444299195,0.0,0.0,0.1181938319099458,1.292158983680478,0.1832869628777385,B
g23061,HiC_scaffold_6,84043,85671,0.0538813790111329,0.0287220502813125,0.0254747019910388,0.0,0.0,0.1153258342462129,B
g23102,HiC_scaffold_6,183856,189597,0.006846151811872,0.0,0.0,0.0,0.0,0.0,B
g23108,HiC_scaffold_6,200792,201215,0.6234787321262256,0.4782967997807611,6.135230354067523,0.0,0.0,0.0,B
g23109,HiC_scaffold_6,201988,202330,0.766050532621587,0.0,0.0,0.3006685197709149,0.0,0.0,B
g23110,HiC_scaffold_6,202368,204123,3.112063563293693,0.1604515128681963,0.1215597032774419,0.4651672947474994,0.2440507879179769,0.3026907042174261,B
g23111,HiC_scaffold_6,204513,206610,26.45706226774856,2.638829666351972,1.0722293971513808,6.733969718330355,4.91424921960856,3.670770905698276,B
g23112,HiC_scaffold_6,206832,208404,5.671223729217909,2.271243856447156,0.6373994664240085,0.4063398019263546,0.1533865291852409,0.3041151187449356,B
g23113,HiC_scaffold_6,208684,208987,0.1284500760742324,0.0,0.0,8.026425054936613,7.487117542314707,9.104611520299338,B
g23114,HiC_scaffold_6,209880,210987,0.5803811246589463,0.0716105318666871,0.06423886758564,0.1815374134279894,0.1213303127871855,0.2395176904110239,B
g23190,HiC_scaffold_6,391560,393056,0.4465391068706024,0.1404195759505195,0.5717638212858207,1.1594877159193264,1.1847115326769917,1.2240224899993628,B
g23208,HiC_scaffold_6,458326,458905,5.422790057831978,0.5547993686906666,1.4117301888393317,12.835029226503927,10.044774069805646,12.011038927974514,B
g23209,HiC_scaffold_6,459122,460697,0.8114253484848662,4.932340520903283,4.028094400418229,8.223309525783968,8.128576487297092,11.695229569375144,B
g23253,HiC_scaffold_6,560177,560930,1.3137859487201378,0.1089390770525359,0.0,1.8123636141961577,1.327294847615947,2.3265420845059053,B
g23254,HiC_scaffold_6,560931,562626,2.254393936007469,0.1185489163334474,0.1480230765579076,2.7261318636578817,0.822341528385697,3.2882878259436747,B
g23255,HiC_scaffold_6,563836,564589,5.043768050833286,4.896287908907304,1.2266391693265737,0.7737802136638534,1.002833478715636,0.4941202319280333,B
g23256,HiC_scaffold_6,564935,566297,2.4933675196139555,0.7065399194519965,0.6523525739759738,1.5693756766923237,0.7144027855536635,1.5980116964916171,B
g23257,HiC_scaffold_6,566311,567078,4.260782578703299,0.9017322157785158,1.2477744433072628,0.8968225288250281,0.5628469278225929,0.4457973424643525,B
g23330,HiC_scaffold_6,769274,769869,56.09976939362754,74.65387795838575,87.09124462171253,54.64509771670041,32.912918559008,26.938187278274103,B
g23357,HiC_scaffold_6,810768,811338,47.02900824471418,66.45683067041364,45.20923417378538,190.6622394836305,169.59919005266795,117.4696670913496,B
g23358,HiC_scaffold_6,811508,812738,19.29664162010145,12.0385796374659,16.999351768001493,8.57326835635972,9.621621206706047,7.08775007624809,B
g23359,HiC_scaffold_6,814813,817979,11.86185102653717,25.128613354646216,91.5690862601111,30.20352630914393,41.16938062540819,32.611424940932025,B
g23360,HiC_scaffold_6,818974,819355,9.72293071491124,5.629561725672941,102.76522696446943,68.0975682113555,195.72708001275072,101.26900041779648,B
g23361,HiC_scaffold_6,820001,820391,8.405268513739943,6.898660328752932,190.7967452103252,42.86342141807731,228.21783656819645,99.05798024267908,B
g23362,HiC_scaffold_6,821254,822646,0.0534168843644852,0.0,0.0,1.1640327156770502,1.0978315710267037,0.1907012138856768,B
g23364,HiC_scaffold_6,826383,826737,2.6452617911674747,0.671803887935785,2.2097081655094333,86.15631216228682,85.0648341702492,145.71668759233324,B
g23368,HiC_scaffold_6,842060,842981,3.126545475419048,1.559788696883916,0.6584812669404685,0.0541250813550336,0.0,0.0,B
g23369,HiC_scaffold_6,843109,845791,2.0634920339608445,0.7048824920534307,0.6506570911450653,0.1632379761235813,0.0899044086052195,0.2178879213781234,B
g23372,HiC_scaffold_6,848488,849175,0.7855291966644276,0.0,0.0,0.1519559690167298,0.0,0.1547400851078432,B
g23411,HiC_scaffold_6,941947,942781,0.0445781193257574,0.0,0.0,1.2273273222518075,0.9067132755081362,2.481865090777741,B
g23414,HiC_scaffold_6,947573,948629,22.320084065332,33.5871307627899,6.837087933966597,241.858917017452,132.7640234466782,91.14129543863596,B
g23415,HiC_scaffold_6,948885,950852,0.3611268371072733,0.3998562131619898,0.0188159799422658,3.146750849282069,0.7720087358491547,0.8054805403949608,B
g23416,HiC_scaffold_6,952200,953580,1.1786493186849896,0.0,0.0254747019910388,0.0191954470411836,0.0781711811048523,0.1921348429601475,B
g23417,HiC_scaffold_6,953641,954364,0.2080979634903701,0.0,0.0,0.0,0.0,0.0,B
g23418,HiC_scaffold_6,954477,955068,1.0212547071860594,0.2012001491787376,0.4218183027437914,3.5851531971274344,1.793202553337779,2.7843989021385083,B
g23419,HiC_scaffold_6,955474,958009,1.4291833209679403,4.359544600307723,2.5538244923840385,5.992878859945523,5.734325049115196,6.528347513000196,B
g23420,HiC_scaffold_6,958872,959800,0.5825254872504217,2.66552557952347,16.68582268545295,10.280047663639277,13.200197046639788,10.809121053830005,B
g23421,HiC_scaffold_6,960796,961141,3.7245327825939336,13.004432025454406,68.56960693658831,28.360496744595466,34.95950039634731,34.77248467225024,B
g23422,HiC_scaffold_6,961798,962188,2.2327627659025024,32.76018550267439,305.53453072372224,115.57816677854532,521.7362034845572,194.53389349372208,B
g23423,HiC_scaffold_6,963028,964420,0.0801253265467278,0.028474446399577,0.1027493547102323,0.4141618565797232,0.6366741945585868,0.4189190943683136,B
g23424,HiC_scaffold_6,965494,967273,0.0208983426181459,0.0,0.0790446065151963,0.2863675199267808,0.1831136674400856,0.2086242356999624,B
g23426,HiC_scaffold_6,969419,969695,0.8334702725990331,0.0,0.7787745546955926,7.343606714235828,9.111780505482017,14.229884423633887,B
g23427,HiC_scaffold_6,970346,971264,0.0,0.0,0.0382953036466596,0.0,0.058756116516719,0.0,B
g23430,HiC_scaffold_6,976869,977702,0.0,0.1044438192047729,0.0463176399837069,1.2480264425733707,0.9963094489773195,2.2385282962348634,B
g23431,HiC_scaffold_6,978489,978915,0.0,0.0,0.2475710475185462,3.540174189539337,3.984630816578869,3.863590980299805,B
g23432,HiC_scaffold_6,983227,984584,0.2422783053197062,0.0,0.0,0.1643254030358014,0.0425707348320743,0.1283894184409279,B
g23433,HiC_scaffold_6,984912,985971,25.916281534107693,41.124538002196985,8.994035827728412,111.93812299647304,68.66281250627875,47.451171912652256,B
g23434,HiC_scaffold_6,986227,988192,0.1557945647865176,0.1843482936296059,0.0727873291382409,1.0171911548393966,0.1377892300827747,0.5936797787100476,B
g23435,HiC_scaffold_6,988410,990582,0.9614888912489696,0.018248816477077,0.0,0.1169159072276478,0.0501572247815874,0.0,B
g23436,HiC_scaffold_6,990696,991287,1.078266058204774,0.134133432785825,0.178452227145348,1.2996353964580645,1.1060049972142951,2.782825265367652,B
g23437,HiC_scaffold_6,991699,994234,3.219841445753139,8.47214008208039,4.662051683213811,5.724834054375861,4.861247090905396,6.951383930538899,B
g23438,HiC_scaffold_6,994654,995401,2.8835328877698423,0.1079678606405502,2.813154885488112,14.904190105551184,8.460972973631776,14.068885005534844,B
g23439,HiC_scaffold_6,995562,997558,2.894312226769616,17.944014045177276,3.1229133666585214,81.45902487974733,54.66485283160756,70.42448211468619,B
g23440,HiC_scaffold_6,998766,999180,1.445253302774225,73.96583872409194,17.16563529473456,250.5945618586043,241.7721982122276,291.09612749602826,B
g23441,HiC_scaffold_6,999515,1000010,10.605348430302753,113.05466058971668,112.18560104900948,120.8166489578146,263.98173405546333,502.9745806243449,B
g23442,HiC_scaffold_6,1001076,1001559,22.2464700030756,104.55082838197023,52.8497718752956,149.9600841295809,157.24864212551057,147.55293766411438,B
g23443,HiC_scaffold_6,1002434,1002908,2.6067301851214144,59.91371411105129,6.181540007818782,65.8840312643831,80.61770453821728,208.79425819610145,B
g23444,HiC_scaffold_6,1005150,1005615,18.966325845217128,100.79215492883388,42.35876418794184,355.5670883302713,367.1408591340663,219.8045308321093,B
g23445,HiC_scaffold_6,1008021,1009013,150.4680218259115,65.21833997194564,100.41921490327792,203.14756121070616,161.81495722582414,163.90994739023122,B
g23446,HiC_scaffold_6,1009348,1010155,14.429760198839473,12.1726788665463,10.867526230566783,41.15010217495067,31.920995755731514,46.81420163872807,B
g23447,HiC_scaffold_6,1010279,1010922,32.53985976675058,58.77385917675595,30.32459730399831,308.19089298710225,271.52347077132777,154.15140948775633,B
g23448,HiC_scaffold_6,1011244,1012824,18.19334691194833,0.0259061629988309,0.0235015278886732,1.4469467898691264,0.5301975483902258,1.0412068920372757,B
g23449,HiC_scaffold_6,1013521,1014175,0.3570676426650681,0.0,0.0,2.5727620863787592,1.82094736754634,3.730547362757545,B
g23450,HiC_scaffold_6,1014440,1016158,29.5795204969886,52.01375543358043,45.45658342706058,57.036340219415095,46.89064410231423,48.50065279171984,B
g23452,HiC_scaffold_6,1022079,1023030,18.102722153244443,225.7379278203936,90.84971543416334,164.63715745185016,266.93485174559754,332.49350108785023,B
g23453,HiC_scaffold_6,1023205,1024651,0.2129173868176472,0.1115518560145104,0.0740454800048226,0.3911185931459828,0.45927140053298,0.2205527769068222,B
g23454,HiC_scaffold_6,1024750,1026366,1769.9114521362294,2389.417586484833,1904.92754777856,4338.857860090892,3822.71811990257,4247.118951175194,B
g23455,HiC_scaffold_6,1027145,1029311,11.804513992836648,48.21993725763204,42.07143930747516,85.9519411185907,85.60242092912438,260.8624766799486,B
g23456,HiC_scaffold_6,1029361,1031365,2.1682516396436258,3.927542919721799,1.709696831728121,10.391711776641095,5.8178442111189685,15.467793971030869,B
g23457,HiC_scaffold_6,1031885,1032729,8.32182495925813,39.39231933106761,40.52136624521065,58.998946647190095,54.44514205550179,41.5798538856855,B
g23458,HiC_scaffold_6,1033181,1034034,5.483931237487461,0.6094314430764542,0.7277576500722212,2.006804328771321,0.5527269804749563,1.1648991522321976,B
g23459,HiC_scaffold_6,1034542,1035046,144.6776579041345,415.4162480019749,152.8397507536635,574.4411136957422,530.6181025919049,757.4663333960166,B
g23460,HiC_scaffold_6,1035320,1037638,74.49226267662472,23.60344111092469,9.660766258337528,23.95332534536559,19.99367977394223,16.582767610183243,B
g23461,HiC_scaffold_6,1037698,1038525,22.68879537022771,3.3905800616743464,6.067073446255602,12.187785670228408,7.271531889896547,9.33291489749851,B
g23462,HiC_scaffold_6,1038794,1039517,20.78242676031953,10.411977147785985,15.483173108757963,32.62049282240382,36.748167409303456,42.279243808928754,B
g23463,HiC_scaffold_6,1040394,1040844,19.10794234072929,88.17258514813713,27.818528133407792,196.10653607685856,153.53953305190714,97.54809119450636,B
g23464,HiC_scaffold_6,1040963,1041830,19.972561326662223,18.054650627355954,16.749916630505904,52.594705617261326,28.54932924592068,39.305854427269225,B
g23465,HiC_scaffold_6,1042008,1042947,2.367549207242816,4.128660429835833,3.000388133295925,12.710964097200828,11.643517861183083,10.228224004183158,B
g23466,HiC_scaffold_6,1044883,1046412,1.333797363416696,21.382178804085022,35.81994664090217,12.474084985621523,14.90946372385907,14.719484693140489,B
g23487,HiC_scaffold_6,1104733,1107918,0.0254732110432899,0.0,0.0123183753578862,0.0,0.0,0.0,B
g23488,HiC_scaffold_6,1109268,1111530,0.6336688091407651,0.0,0.0310009600949149,0.248673883922509,0.0699376357955506,0.1869425608910576,B
g23489,HiC_scaffold_6,1114223,1115696,11.508858630940072,11.932287352498989,6.092195492365831,31.278384180719605,21.23750596379425,29.68900968790131,B
g23490,HiC_scaffold_6,1115756,1116607,5.6449806669329465,24.863753530914533,7.785852311066526,53.71635437187699,46.52110148101311,43.19281028755153,B
g23491,HiC_scaffold_6,1117034,1118351,5.364464320853212,47.85125261143168,5.261346294941433,236.3316847300304,165.7586540757288,228.29076983219443,B
g23492,HiC_scaffold_6,1118615,1119101,85.13613942442525,3.805512924232554,7.319394688702163,3.346901251098387,5.233371132604072,10.049168808026522,B
g23493,HiC_scaffold_6,1119147,1120053,50.189380343424666,2.044412303996863,7.119775050577978,5.196953706687834,7.917852272406426,12.190286271923195,B
g23494,HiC_scaffold_6,1121050,1123284,12.783131064591355,3.0449465914386096,7.719861603460219,14.7049862111262,11.749311942828,21.76842766815064,B
g23495,HiC_scaffold_6,1123344,1124170,35.652074773985696,0.0512098570907122,0.1847895371532862,8.427807795207608,3.793150965626332,6.512358708539788,B
g23496,HiC_scaffold_6,1125890,1128591,0.2915763184650033,1.5640577578775705,0.4962229973703055,24.07880313510585,22.330963419699025,30.947576185329243,B
g23497,HiC_scaffold_6,1129006,1131483,4.102107236881783,0.4115767315958516,0.3544661753572332,5.640345069601667,2.2995244094340395,2.872016321157294,B
g23498,HiC_scaffold_6,1131797,1134176,7.878592542133827,32.463404755639914,18.7051091242921,123.68773325380906,88.00886796691326,79.85389611966174,B
g23499,HiC_scaffold_6,1134234,1134570,1.3433466750315857,0.3538966909661724,8.786812707443906,300.6133598540584,303.92576922321115,96.33232908683743,B
g23500,HiC_scaffold_6,1135207,1136011,77.68586340633048,0.3571006686218388,1.549341835430183,2.5985144137808445,0.8747836058611308,1.0558476063848423,B
g23501,HiC_scaffold_6,1136871,1137675,103.46387771586303,1.2479140955272374,2.350365569716146,1.3815527997403674,0.6379909493691083,0.4620056240722535,B
g23502,HiC_scaffold_6,1138277,1138613,3.708462609953615,0.598036944003552,8.910542112574637,539.9585236872495,495.3346735030455,131.2590886475859,B
g23503,HiC_scaffold_6,1139685,1142145,16.665588945551335,6.4707587277986605,4.0652527537538905,8.297844351543327,9.22717028746546,7.09786527398097,B
g23504,HiC_scaffold_6,1143527,1145042,18.871200931541,88.24937726257741,33.600061335645336,68.70643187863001,87.32122014891564,70.5975205749163,B
g23505,HiC_scaffold_6,1145490,1146577,381.9469659702303,737.3775347823787,646.8315287445887,1221.4850613446256,1169.2584027950577,677.6584882242171,B
g23506,HiC_scaffold_6,1146861,1149009,4.202648815741274,0.0922635693394118,0.0327328573069213,1.5310598793562116,0.6612222145923997,1.1358370462027163,B
g23507,HiC_scaffold_6,1151395,1151872,0.4713021606685556,2.966158681402024,6.04373404848621,29.50684978440423,28.232902057417792,22.918664154004222,B
g23508,HiC_scaffold_6,1153763,1154375,40.19259710233688,229.3851334528304,98.62064124748288,1155.6416443847538,684.6807723070493,1167.6010556553465,B
g23509,HiC_scaffold_6,1154720,1155164,65.80849722273663,96.77604110211388,65.99837171460194,243.8055757166232,232.6242977149363,169.97282734576277,B
g23510,HiC_scaffold_6,1155329,1156268,2.753575733530469,4.145903418454626,1.855863228631476,13.341347410645415,9.475674594446875,7.066200444564558,B
g23511,HiC_scaffold_6,1156631,1158077,654.0349783709711,1212.1228465028407,258.11136290506886,689.0717604518428,656.1755577528578,392.8702687840545,B
g23512,HiC_scaffold_6,1158348,1158766,24.08555119572835,0.8882113028170603,3.880921405474412,49.75427890039733,11.136237265804372,9.070913976294204,B
g23513,HiC_scaffold_6,1158900,1160064,85.56019072280604,44.88926052757209,5.636421783160452,37.2186851862981,28.578340203684395,14.2678840332385,B
g23514,HiC_scaffold_6,1160204,1161155,65.90487297756525,43.19529934434257,11.428297972490926,71.41173691606745,51.3796219251384,37.77754806555308,B
g23515,HiC_scaffold_6,1162514,1163416,97.88327136506442,278.2387482808064,133.0130683894245,486.63738867656224,337.27103730813246,294.92976606742604,B
g23516,HiC_scaffold_6,1164515,1165910,1.977994853508132,1.270942429136011,1.4061710346889758,4.602361720235868,2.550383557643837,3.5371033705668147,B
g23517,HiC_scaffold_6,1167822,1169892,9.14017507390397,1.0163514275222758,19.00485211634369,2.8073180589001554,18.6282760441671,4.102620688993516,B
g23518,HiC_scaffold_6,1170601,1172776,26.245236639927487,143.7620354047885,436.5239510987104,174.50768802436423,264.86773249391075,422.6650341096845,B
g23519,HiC_scaffold_6,1173041,1173934,9.742796018786372,5.134191192687034,7.139077452631156,29.54771319056842,26.12267435058666,48.73406484340329,B
g23520,HiC_scaffold_6,1174089,1174900,31.522397671595225,103.6215872545205,129.57984786910907,339.6262952697243,240.73139757408623,260.09485673572806,B
g23521,HiC_scaffold_6,1175079,1175604,75.67363140797207,97.16980902059424,183.7335401662461,121.99141263267497,107.46564453677756,75.11108696008657,B
g23522,HiC_scaffold_6,1175674,1177801,1.2696880636595096,0.0957680674326894,0.9492631820093116,0.8100822297614724,0.3430947087179442,0.3745549015657946,B
g23523,HiC_scaffold_6,1178058,1180113,134.73662866802968,54.04245243619161,38.17113185790564,75.09209094609325,46.41394884453767,32.2328445714001,B
g23524,HiC_scaffold_6,1180297,1181755,7.466505456545391,57.404548248025385,19.77986326972956,53.86851932694377,39.64126411215648,19.37006302146083,B
g23525,HiC_scaffold_6,1181805,1183053,10.81797364792514,10.34994463289839,16.92724690662771,20.55692347423372,13.698763451338504,17.30685057146728,B
g23526,HiC_scaffold_6,1183176,1183476,4.060716006355251,13.65679766093427,19.755389581912915,90.71045511541108,73.17402388266481,45.39294473259753,B
g23527,HiC_scaffold_6,1183670,1185135,1.3638675335663497,0.7725838196855737,1.1985084228914302,11.714800798830977,10.85695137632444,11.918500487779482,B
g23528,HiC_scaffold_6,1185163,1190323,0.0,0.0153629571272136,0.0,3.628933736078469,4.186991898870678,4.895951854552765,B
g23530,HiC_scaffold_6,1194280,1194721,0.1725590126262451,0.2790174320427195,0.0797167545297813,0.2861408543601029,0.1822551956758871,0.2403547211456455,B
g23531,HiC_scaffold_6,1195965,1199031,33.5915020491126,26.926828834481785,60.6156172475818,38.22960475886711,39.99446017589976,47.51919517210315,B
g23532,HiC_scaffold_6,1199961,1200399,0.0,0.0936428367814606,0.0820943782412557,0.0604788057461951,0.1810714132240969,0.2420009863589718,B
g23533,HiC_scaffold_6,1202684,1203724,0.3337654586323426,0.0,0.0,0.7584929851555882,0.1194533905982544,0.1162241579224009,B
g23534,HiC_scaffold_6,1204576,1206266,0.662119435494061,0.0,0.093093430859987,22.39975834529563,12.297339726046363,13.875488554578888,B
g23535,HiC_scaffold_6,1206421,1206702,204.07701520940367,292.49678894353553,170.2386270635847,923.0313613997972,788.7053119543184,557.6323318350818,B
g23536,HiC_scaffold_6,1207531,1208156,644.0128141321023,908.116414780769,345.96118766614643,890.8943200263017,820.7634368798313,486.2829891213594,B
g23537,HiC_scaffold_6,1208596,1210897,0.795305438045647,2.481949070206036,13.694052780385409,6.571921488461288,6.249527963022807,10.105282889915962,B
g23538,HiC_scaffold_6,1211271,1212258,62.32691630624823,16.703918756879784,8.573025830534032,28.77282745082225,19.83702681757671,20.43473424863634,B
g23539,HiC_scaffold_6,1212521,1214372,79.85103356189592,201.93195616469097,602.5935436210417,137.6919310993248,794.0921665178791,143.18837840558965,B
g23540,HiC_scaffold_6,1215662,1216369,3.31933794921184,4.606451668948333,8.487517084763955,10.932810406387349,19.31886776152951,5.532246983574632,B
g23541,HiC_scaffold_6,1216515,1217143,32.47944082098438,0.7185138604209187,3.833053571074003,11.872651611354886,2.184208323689917,6.363701550391236,B
g23542,HiC_scaffold_6,1217289,1219036,10.039945646005515,1.4464488342957584,2.974220560155479,16.771313639224765,3.655545620736687,11.778630153193417,B
g23543,HiC_scaffold_6,1219172,1219732,5.044333023654016,0.0,0.2547470199103882,1.1025806379615368,0.0,11.917751679944075,B
g23544,HiC_scaffold_6,1219852,1226416,8.089660410102798,3.927908639449973,9.857369139129766,12.659125272136006,9.844930343402911,11.25682040006198,B
g23545,HiC_scaffold_6,1226529,1226991,61.1911038726965,12.46245250097114,16.72582440616226,16.483176520193318,9.800012705485944,12.979877865246475,B
g23546,HiC_scaffold_6,1227137,1227608,54.190671964020034,50.764050456682455,44.39035162549743,69.36023839124128,80.77241084427638,65.94000527683473,B
g23547,HiC_scaffold_6,1227721,1228819,72.68349534615128,140.9545631578265,172.684194613483,148.63444858389278,112.28918837595248,86.62464118994669,B
g23548,HiC_scaffold_6,1229127,1231633,18.79267793167156,17.586308428083356,21.08672109543476,21.78102562357057,24.112817046721712,25.68849879367464,B
g23557,HiC_scaffold_6,1251668,1253258,0.0233824852312463,0.0,0.0,0.0,0.0,0.0,B
g23559,HiC_scaffold_6,1256547,1257033,5.124165951349832,0.41061991782536,0.877931190337081,1.234064847919078,15.35360917994268,30.581154239460275,B
g23560,HiC_scaffold_6,1261165,1261892,0.2439055274620966,0.1292499870168126,0.1152478771463782,2.3618572164466696,2.123737555497949,2.29741488319455,B
g23571,HiC_scaffold_6,1288823,1289156,0.0,0.2380566329622301,0.0,0.0,0.0,0.0,B
g23578,HiC_scaffold_6,1309356,1310331,0.0798366626676767,1.856249078757754,1.4955957600161451,3.609897745834674,2.778967963626944,4.735271711541266,B
g23579,HiC_scaffold_6,1310384,1310912,11.317719718886796,17.579308208213668,14.223451423834984,41.8496478857542,26.66497802777623,21.51145562163652,B
g23580,HiC_scaffold_6,1311178,1312375,58.074021834451415,22.756630129372567,34.76838809131773,50.80163783864819,50.98584309637617,86.7126342803167,B
g23581,HiC_scaffold_6,1314060,1314309,525.2083289552684,1542.9066236958404,803.8839390286053,2158.262671601029,1749.5775817137376,1256.5650118886451,B
g23582,HiC_scaffold_6,1315346,1316888,760.5002348768119,842.6888345681562,292.03103622634427,2713.551070545292,2065.6109810498783,1597.566009717167,B
g23583,HiC_scaffold_6,1317617,1318472,15.296520670154678,161.28037151573355,122.5435890101392,819.8461176307185,782.3759603925739,1210.5144596106704,B
g23584,HiC_scaffold_6,1319148,1320258,7.952134799128562,0.6797038662144894,2.0889866876772176,13.456998701853786,10.44633722829897,12.097787447585976,B
g23585,HiC_scaffold_6,1321114,1322315,0.3633213432394132,0.0,0.0308377971470469,0.8268041395216377,0.2365706796594215,0.4657124381208108,B
g23586,HiC_scaffold_6,1325209,1328661,1.8050122053193616,273.9600747853545,298.85758042898914,607.8154708770198,691.9676118920826,875.8033637654264,B
g23589,HiC_scaffold_6,1341113,1341545,0.0,0.0,0.1664691558781018,0.1226375783186735,0.0,0.2460797186784451,B
g23591,HiC_scaffold_6,1344796,1348246,0.0,0.0,0.0069725300891351,0.0891213143342557,0.0789604456020729,0.3295836706864414,B
g23593,HiC_scaffold_6,1355989,1356421,0.0900934561353991,0.0917509939541928,0.0,0.1839563674780104,0.0636613162769212,0.3691195780176677,B
g23594,HiC_scaffold_6,1357287,1359209,0.3229286073897756,0.7195085425443072,0.2604302427800331,0.9795231410976344,0.9883890367986976,0.8400509168634878,B
g23596,HiC_scaffold_6,1360018,1363840,0.0067905299575674,0.0,0.0,0.2484258852808475,0.3253010148051872,0.9983746850648414,B
g23597,HiC_scaffold_6,1364154,1365937,0.0644335381588938,0.0236947212653262,0.0415451619522472,0.4833032070406313,0.3134471037124302,2.177665208225658,B
g23598,HiC_scaffold_6,1368341,1369647,0.0333507909601477,0.0,0.0,0.0226989862183663,0.0235661427863153,0.0908281336977118,B
g23600,HiC_scaffold_6,1370673,1371980,0.0338598829851381,0.0,0.0,0.0241254252430177,0.0491239662680766,0.0,B
g23612,HiC_scaffold_6,1401404,1402847,3.0321452191491782,0.2235675451101623,0.1971238431526086,0.3843393395836503,0.0945552188892848,0.2207964719081124,B
g23613,HiC_scaffold_6,1403892,1404207,0.2471134796856661,0.0,0.1116034563416938,0.0,0.0,0.0,B
g23614,HiC_scaffold_6,1406569,1407594,5.916317201680629,1.7456513831403415,3.9232300528992816,46.8720338332604,31.99853583926074,33.663767496720894,B
g23620,HiC_scaffold_6,1466980,1469056,0.0,0.0197490928690639,0.0,0.0131986631374357,0.0,0.0,B
g23627,HiC_scaffold_6,1496826,1497093,0.2784880263496758,0.0,0.0,0.0,0.0,0.0,B
g23648,HiC_scaffold_6,1548251,1548683,0.0900934561353991,0.0,0.0813775202491517,8.013560755127696,1.7015943447861728,6.3916142180591855,B
g23649,HiC_scaffold_6,1550262,1550694,1.0690227129802707,0.2752529818625785,0.0,4.403269567845195,1.906921910777569,0.6137640816782488,B
g23650,HiC_scaffold_6,1550853,1551810,0.1183664326915944,0.082834753162406,0.1845116955697014,2.052732829235506,0.7315885394039852,1.110506142368887,B
g23651,HiC_scaffold_6,1552028,1552937,25.75343621844528,19.09529896674072,6.738516304219139,24.16438539218054,18.28897749437577,20.265328764979376,B
g23652,HiC_scaffold_6,1553433,1554606,11.577478093598646,5.351290739012463,2.51967439504629,9.395646549093424,5.659547476191362,7.962034324882216,B
g23653,HiC_scaffold_6,1554816,1556625,1.3133343170188183,2.392800393604445,1.921336767487951,3.6417260754161154,3.1646018843497385,3.4066651985276413,B
g23654,HiC_scaffold_6,1556653,1557523,13.706689054341153,11.8299923360357,4.048357160875423,25.74759153345363,19.744248955016587,22.39181713948244,B
g23655,HiC_scaffold_6,1557711,1559439,0.4874326741626126,9.240442650169753,4.101325632496545,2.288510789379476,1.8222150421844137,2.4802655211115283,B
g23656,HiC_scaffold_6,1559520,1561305,40.52470288807295,22.70843075089335,12.885940442392444,44.70504557220899,31.23505681337211,26.34415170777692,B
g23657,HiC_scaffold_6,1561455,1562100,1.0510354030733713,1.8098995082868496,11.155334962636037,2.7415752295404205,5.0356663303115,3.621630369496458,B
g23658,HiC_scaffold_6,1562620,1563277,11.349322200117063,14.818030070992783,28.63324909985376,55.96675523041422,51.95509863615091,89.11465625514543,B
g23659,HiC_scaffold_6,1564653,1565262,92.39625675808776,90.02465145771798,94.55404913256336,144.83242240901848,124.65491525676282,239.2198065858725,B
g23660,HiC_scaffold_6,1565704,1568127,21.27513067286716,19.255778716049143,7.776215513457789,47.59631600972954,36.1361657321179,35.43671183069185,B
g23661,HiC_scaffold_6,1568623,1569796,11.533396743974752,5.843171507459228,2.4938077324585537,2.3349766206120304,1.9827199635008013,1.8549632717253752,B
g23662,HiC_scaffold_6,1570006,1571820,1.3385302861906032,2.7835479475477274,2.0766120798778065,11.443654483706853,11.470302344038068,12.331781418818638,B
g23663,HiC_scaffold_6,1571848,1572718,11.421787622427084,12.158417398621784,4.211834003214051,18.12076099440836,13.967430504204426,23.670906257922653,B
g23664,HiC_scaffold_6,1572906,1574634,0.7580708395734455,18.31958215021239,7.931010381545514,33.10524476871847,27.30714299772632,28.87687195237561,B
g23665,HiC_scaffold_6,1574715,1576500,35.84915381148407,20.02891619231832,10.255674536854006,47.68765846585475,34.668614378180195,30.027904572141367,B
g23666,HiC_scaffold_6,1576660,1577305,0.6475515881527945,0.1843554855265642,4.688812007814717,1.5121037267951354,3.4434884870767126,2.6346557880404955,B
g23667,HiC_scaffold_6,1577836,1578493,7.706491957508062,9.993229996279524,19.98030713824934,19.15335183807739,17.020143065480443,32.31587073851938,B
g23668,HiC_scaffold_6,1579883,1580675,26.35191842350521,21.94330533492456,17.708576998294863,35.674004007266,29.970506780622053,51.99956668113524,B
g23669,HiC_scaffold_6,1584004,1585163,17.61862833228148,11.402808410588555,36.766473184633,51.33331788537659,33.831787015860776,104.96908218484936,B
g23670,HiC_scaffold_6,1585816,1586978,4.545501099340527,33.433391866029865,21.523895092197613,190.8089790024485,115.3229215898344,139.24805781979762,B
g23671,HiC_scaffold_6,1587226,1588158,499.59480740460674,265.39765908707324,226.20546483183924,825.155535041258,486.9653396939252,532.2781420991514,B
g23672,HiC_scaffold_6,1588358,1589084,18.718573568572893,23.44207909601059,19.71577676711974,52.77534025859839,32.47221353356146,39.39818760446351,B
g23673,HiC_scaffold_6,1589158,1589533,6.408536798032861,3.237112740916192,1.8090024591773632,11.82826675478716,6.554433730240083,6.2300309193841965,B
g23674,HiC_scaffold_6,1589627,1590482,12.23745128172258,5.687678257174089,1.405379356096804,14.994015949847942,10.289428581632698,8.530800911384608,B
g23675,HiC_scaffold_6,1590696,1591426,209.83716367909147,53.79629140478616,26.177963197599635,86.61132043663913,76.73986902388366,99.84548998220043,B
g23676,HiC_scaffold_6,1591697,1592314,86.04025374972046,111.12168339311954,32.5737454062544,308.8905041282927,290.0078240024561,125.94332287134398,B
g23677,HiC_scaffold_6,1593096,1593570,7.142432979994397,0.0,1.5053396855256225,1.7222966292866273,1.0731723082048856,14.9989685797191,B
g23678,HiC_scaffold_6,1593759,1594714,2.0066263100143686,0.0,0.9141853478133836,0.5854610903001745,0.347092116874827,0.8881104642438843,B
g23679,HiC_scaffold_6,1594765,1595658,17.773571538485417,10.930602634184137,9.105392438456867,5.996584481685696,4.606178488536234,4.490975426838615,B
g23680,HiC_scaffold_6,1596203,1596686,90.0331589850638,250.9837609032166,60.479192560486496,211.84129152231588,179.32375696262056,144.83733101998052,B
g23681,HiC_scaffold_6,1596929,1597734,39.74358044072089,260.3163446966745,239.3366422871937,736.1215429873984,558.5046318505247,519.0129148149689,B
g23682,HiC_scaffold_6,1597885,1598368,180.12743792188394,194.28645431451497,93.27011361226246,216.6787533592281,178.53002407449287,133.8325237250438,B
g23683,HiC_scaffold_6,1598594,1599007,4.352722628242948,0.3330792385563976,0.0,1.43140878123973,0.3732419998725562,2.37700691621724,B
g23684,HiC_scaffold_6,1599039,1602255,23.91285864233448,13.784639671688492,10.74761155146375,23.352512379406523,19.632442057671568,31.220191620336927,B
g23685,HiC_scaffold_6,1602455,1604356,23.24443548727192,33.2069321173494,14.194791811152475,30.522525530326547,24.81124083781485,25.0378097178599,B
g23686,HiC_scaffold_6,1604597,1605053,55.43440505706317,43.04477308962076,31.2227722569242,98.94105428565454,62.51497015077069,54.24611726711558,B
g23687,HiC_scaffold_6,1605506,1606625,54.55380460905506,32.1352965957093,31.7150241526762,53.80829970063228,43.403234231866,63.88640219265456,B
g23688,HiC_scaffold_6,1606871,1607433,67.44485036763834,276.2242813640935,129.7082084642052,459.3183174341216,490.26483947349874,251.0085977535836,B
g23689,HiC_scaffold_6,1607702,1609207,88.0884693030599,29.89888170457918,33.336724507027625,147.90058774460516,84.12910090115898,41.03245954527755,B
g23690,HiC_scaffold_6,1609958,1610758,6.517136180178969,819.0417347507275,352.5021506174962,730.5415692939579,862.9334692246978,94.699864929412,B
g23691,HiC_scaffold_6,1611202,1612344,18.363537132216216,251.4082192873126,243.22804257010324,168.1171119018676,314.4756697059369,104.7292863090629,B
g23702,HiC_scaffold_6,1677058,1678081,4.415993338919423,3.510716634761556,4.78263054046198,7.171513791479863,4.835456361819238,4.137061335236799,B
g23704,HiC_scaffold_6,1686019,1686679,0.1689915978076442,0.0,0.0,0.2690945964448967,0.2018899908401553,0.2411358352420815,B
g23705,HiC_scaffold_6,1687385,1689272,6.869275716325527,0.487500092560292,0.5826363212724313,0.7042642576244226,0.5576713687950421,0.6750488727959236,B
g23706,HiC_scaffold_6,1689483,1690548,3.664340761219969,35.37252048202578,76.14657367528204,65.01829186258004,70.36617935246501,98.93513352442017,B
g23707,HiC_scaffold_6,1690998,1691516,7.35496011950744,9.88985164911918,13.629232473217824,89.81009750875283,53.10680666408146,88.16949812878781,B
g23708,HiC_scaffold_6,1691638,1692493,1.1509405319155928,4.943443675437901,3.5792293365031145,13.801326011769806,12.24380173460966,14.154975022165566,B
g23709,HiC_scaffold_6,1692672,1693626,4.278244006453284,3.5806991867382494,5.270720825448193,8.227400056312677,5.820157289537863,7.899671795474319,B
g23710,HiC_scaffold_6,1693712,1694417,63.19668695275944,26.370175459806,20.81764014938124,33.235902879726424,33.464200687325345,38.61544760104551,B
g23711,HiC_scaffold_6,1694725,1695083,8.84965705635154,33.04762611044393,53.17054295653313,361.9882801067656,315.49529475012525,281.8524030337276,B
g23712,HiC_scaffold_6,1695289,1696879,6.457184547107499,4.244605170632531,8.706793582677427,11.990546570581891,12.222632112258868,8.11230308597125,B
g23713,HiC_scaffold_6,1697153,1698695,0.586557190112864,11.035840759348169,34.28920285327388,6.942597628875586,19.37113005276487,0.7910077719842983,B
g23714,HiC_scaffold_6,1699176,1700709,1.520664525171838,2.079466653407372,2.8640982234102763,10.705732786099556,13.593412722313474,8.931396028338089,B
g23715,HiC_scaffold_6,1700945,1702487,0.8619395899116935,0.340419918223882,7.787624475539453,7.93219389212215,7.877946661373773,6.746530908343347,B
g23716,HiC_scaffold_6,1702736,1703857,11.736715806988895,13.409910557164778,119.29676670833236,89.79492780412684,55.19551424770259,81.70336725956915,B
g23717,HiC_scaffold_6,1704167,1704692,35.64989214824709,18.75774821018728,32.13454505159177,44.62033906494659,32.968415864809586,19.00734271642031,B
g23718,HiC_scaffold_6,1704884,1705403,46.1892451592142,80.94487914915445,133.06881369231292,141.31032386086366,157.3089141864561,110.97239167215284,B
g23719,HiC_scaffold_6,1705537,1707802,1.836750715419132,0.8700854968386744,2.637356646680951,5.366246054113346,2.7209848654070767,4.2445581044996334,B
g23720,HiC_scaffold_6,1707831,1709286,21.812097226424328,13.648784198236577,16.83368816685075,26.90980317784972,22.050712146447424,24.44473260474045,B
g23721,HiC_scaffold_6,1709427,1711746,0.7930796203943561,0.4155612347631254,1.4092119963379988,10.680772193104705,5.871343514419883,5.470172064195082,B
g23722,HiC_scaffold_6,1711844,1714039,0.4840888222055615,0.6031646488893267,0.8164487493623123,10.743134935304042,8.596326755966103,4.750025077798822,B
g23723,HiC_scaffold_6,1714342,1714863,6.285530942822618,0.0869219942723932,1.4841478604110494,28.131985822624564,28.722740584066813,22.458116107383947,B
g23724,HiC_scaffold_6,1715509,1716524,5.232407656251677,5.934588190849048,18.564489795524885,312.2027164002096,137.43291500034672,207.1595382575048,B
g23725,HiC_scaffold_6,1716698,1718981,0.3613176607622604,0.3526678869307238,0.6240277157740608,0.918490539712022,0.4025748922302855,1.069486646476823,B
g23726,HiC_scaffold_6,1719215,1721445,17.79716803677723,22.510562899788496,24.11902530518172,35.89083226401998,25.530266845513623,22.573249585371563,B
g23727,HiC_scaffold_6,1721541,1722147,372.5485232265962,18.903203161435435,10.09980555349889,19.93195568970745,14.90567859991727,18.482077463266904,B
g23728,HiC_scaffold_6,1722271,1722739,155.88181436104236,8.960486079956477,7.358171174515939,20.27292846150374,16.184756036633825,20.070744025163336,B
g23729,HiC_scaffold_6,1723293,1723749,1281.919707739746,1763.1011869551412,868.5659612872744,1146.2495587919068,1100.9639539952436,1026.1638528184778,B
g23730,HiC_scaffold_6,1724006,1724935,0.9534613153333418,0.2660817067508333,0.3302534921033437,0.8080213118667119,0.4343456191678831,0.8496248239024168,B
g23731,HiC_scaffold_6,1725158,1726130,12.40172125866506,8.683001320079912,6.29085714379146,23.662210798086285,19.51042471425477,20.01529799166562,B
g23732,HiC_scaffold_6,1726427,1727071,34.35933873631025,9.57926984880588,35.30942747919855,48.99022671964619,41.878969832230425,67.3226213677562,B
g23733,HiC_scaffold_6,1727681,1728170,227.33099365978688,444.7971682933234,184.08897158724727,434.7549935361831,387.15643788261485,245.4889529461612,B
g23734,HiC_scaffold_6,1729156,1729603,12.638265173829195,17.666665638572226,7.956204854110101,36.39481869762095,25.79412405890729,19.59604238963028,B
g23735,HiC_scaffold_6,1729966,1732687,62.84530082171929,25.62933150743246,21.054380217398496,24.12167331827771,17.41528720842759,14.550136079781671,B
g23736,HiC_scaffold_6,1732933,1733509,8.67147729167412,7.2021168886831415,16.942444595127007,20.182106620947494,18.46585365348524,32.238357503837534,B
g23737,HiC_scaffold_6,1733773,1734172,34.73500339562297,7.797763877546904,71.91179085168146,50.04130554301168,52.35084838767192,56.65914947364499,B
g23738,HiC_scaffold_6,1735888,1737004,3.7540275928708384,0.3993321282480319,3.8583440128996687,11.369936860233045,6.379777038557304,10.03207782484384,B
g23739,HiC_scaffold_6,1737137,1737776,9.13813964426344,0.1240576819662325,0.8890409427486574,9.159710056033878,2.9840588637034737,4.402332606667729,B
g23740,HiC_scaffold_6,1737798,1740211,3.267273866351596,0.0526685880346067,0.8009271525539633,6.5149263366641685,1.7219269954717071,3.4885461163867166,B
g23741,HiC_scaffold_6,1740578,1741096,210.2024218089384,92.06347083411852,58.36032459751111,165.7032249711571,132.2410207655348,151.97681554767195,B
g23742,HiC_scaffold_6,1741337,1742266,32.51012436404472,42.47233687100571,16.823539427112642,146.90500944143906,102.23426247288086,91.0263796733565,B
g23743,HiC_scaffold_6,1742687,1742990,418.7750758887805,548.8242002008708,385.17884790917344,1176.273554265701,950.8597681594696,832.057867302148,B
g23744,HiC_scaffold_6,1743221,1743810,5.173307355700348,17.204096026314733,14.594752961128872,51.95698426141174,41.6344298964692,38.54642189196584,B
g23745,HiC_scaffold_6,1743987,1745679,47.458285597711765,12.422854920608094,22.25637338766748,26.06391374063605,19.80467340890695,34.62418558983984,B
g23751,HiC_scaffold_6,1770578,1771505,4.093282523421621,1.3965148540906824,1.4558053981496168,1.6284380263378029,0.6936314243198816,0.744737688415703,B
g23752,HiC_scaffold_6,1771552,1773821,1.392672557522488,0.1969022821073587,0.3016708871208186,0.407103246988347,0.657797800461902,0.2898387410852216,B
g23753,HiC_scaffold_6,1774482,1774793,0.2950646945847756,1.269244846626299,1.4077773141447676,12.74178515214658,10.466830641470231,11.789683179146897,B
g23759,HiC_scaffold_6,1791783,1792418,0.1328071981992568,0.0,0.0627527708022164,0.0,0.0,0.0,B
g23761,HiC_scaffold_6,1794676,1795432,0.4986880684857796,0.0542533895638621,0.3773174002529771,4.702617601823172,1.4926446627059038,20.778918497831004,B
g23762,HiC_scaffold_6,1795512,1796301,0.6258166019350146,0.1022205220513194,0.7179881680257532,4.3855207325486285,1.3645523126047387,22.53246876702301,B
g23763,HiC_scaffold_6,1796548,1798933,3.1698305939855804,4.445845348137718,12.85341110911388,67.7210074128995,33.76413121670784,65.7334074342156,B
g23764,HiC_scaffold_6,1799011,1801461,0.926758579054594,14.707787067069203,9.121679414342886,17.954553720763514,20.09466162990595,18.27130290670225,B
g23765,HiC_scaffold_6,1802817,1803842,3.369493287060546,10.834116503376771,9.046403512566528,46.24736524222867,27.95892992624816,35.66200517208175,B
g23766,HiC_scaffold_6,1803871,1804743,25.87652505485788,70.27267117773766,91.37955200384124,89.84664021370783,71.3944225641932,54.12639166892134,B
g23767,HiC_scaffold_6,1805823,1806111,0.0,0.0,0.1688137918763849,0.0,0.0,0.0,B
g23843,HiC_scaffold_6,1983992,1984547,0.2072412569705703,0.0,0.0647879958012072,55.62083530735856,59.4452369444722,76.8763366379043,B
g23844,HiC_scaffold_6,1984845,1986855,0.1682028889177895,0.0204057524926765,0.0353793166255241,132.07217735590166,141.4042463815577,159.21813029513368,B
g23852,HiC_scaffold_6,2011012,2011637,2.312862226898406,0.8534602317300646,1.6931530099357994,43.13768985371623,27.383563207561792,24.439470708252617,B
g23853,HiC_scaffold_6,2011712,2012360,16.496709141701935,5.213000389401552,18.95645688288748,152.28895809327045,146.2322227868105,268.7201680342868,B
g23854,HiC_scaffold_6,2012394,2012982,3.295516642425501,0.7710796236327078,3.864430299378253,152.09692874419318,131.24681692152112,266.2999552564963,B
g23855,HiC_scaffold_6,2014510,2015095,72.933828516167,22.725648195442552,94.0408298247277,5.9841908161936175,5.50662089833867,4.627511288265724,B
g23856,HiC_scaffold_6,2015806,2016832,28.382799521269675,17.8457502195237,7.117213269968048,24.193863014378124,17.91122638172225,11.12112258102052,B
g23857,HiC_scaffold_6,2016924,2018289,1.323956155879313,0.2633598027384899,0.6011727289568634,5.721645620852886,1.910629383455711,1.555332384573758,B
g23858,HiC_scaffold_6,2018811,2019720,20.93052411128054,2.652678721916746,11.06401949401014,30.38806745721583,16.93078323542416,55.0288048533573,B
g23859,HiC_scaffold_6,2025123,2025966,2.746954945475612,1.0452604619275407,0.579673011706669,2.973607207869041,0.8743792490520164,1.213897129915333,B
g23862,HiC_scaffold_6,2034979,2036071,0.0,0.036297096509351,0.0,7.511734383369621,5.596937780556639,5.492622343882148,B
g23863,HiC_scaffold_6,2038763,2041952,2.3401685627713373,3.78656183668626,2.972023123722921,23.002685960778862,14.89269319922274,15.979430500035605,B
g23880,HiC_scaffold_6,2071307,2072231,5.2343524273627065,12.468194590402192,5.073264803094858,4.728687206856609,3.7006859089125608,5.266160028900234,B
g23881,HiC_scaffold_6,2073566,2076695,0.1767317337818906,1.434817832588731,3.154858666660237,2.3260047021398846,1.7649142461759006,2.996703701386836,B
g23903,HiC_scaffold_6,2124702,2132324,0.8819602267645142,1.5007433846716371,3.252904442296856,0.0,0.0035347541557318,0.0,B
g23911,HiC_scaffold_6,2145434,2145896,0.0804721894322115,0.0,0.0,0.0539493505714133,0.0,0.0,B
g23954,HiC_scaffold_6,2237445,2238886,102.97894714304807,50.17618706792595,26.75843410546087,122.78382194029597,100.73578758574187,103.88529549032384,B
g23968,HiC_scaffold_6,2280826,2281282,0.1668827293161713,0.0,0.0788538106791008,3.385953121442181,2.054808787028871,2.4430867517947736,B
g23969,HiC_scaffold_6,2282075,2282582,0.0,0.0808985453851672,0.0,1.770025384586198,1.652147288693814,2.092493766437619,B
g23970,HiC_scaffold_6,2283422,2283881,0.1657919925232551,0.0,0.0,0.8383982965790375,0.649798531033295,0.3467312663611629,B
g23971,HiC_scaffold_6,2284705,2285161,0.1668827293161713,0.0,0.0770944928676174,2.535174498557402,1.7742800974456618,1.5126136497228937,B
g23972,HiC_scaffold_6,2285974,2289898,0.0816874161241257,0.0546071649952123,0.114728761311673,0.0,0.0,0.0,B
g23981,HiC_scaffold_6,2300254,2300710,0.0815310340300037,0.1768684032861646,0.0,0.3451166327810536,0.2412428827335962,0.0,B
g23982,HiC_scaffold_6,2301518,2301974,0.1707033905723351,0.0869219942723932,0.0,0.3416843587616665,0.1182853398297107,0.3496922318062115,B
g23983,HiC_scaffold_6,2302834,2304575,0.0979388990581391,0.0,0.0,0.7539082815888836,0.7677156389814219,0.2052247846893596,B
g23984,HiC_scaffold_6,2305404,2305860,0.0815310340300037,0.0,0.0,1.5238505183499509,0.9949129316356486,1.0477170180332895,B
g23986,HiC_scaffold_6,2308004,2308460,0.1668827293161713,0.0,0.0,1.0694154646741914,1.0065934393210854,1.3967294111468287,B
g23987,HiC_scaffold_6,2309317,2311087,0.0476965356010936,0.0502641697429899,0.0,1.0119599313712064,0.7608099916880628,0.8464238279475678,B
g23993,HiC_scaffold_6,2319557,2323268,0.0147929962183551,0.0,0.0136667950093766,0.0,0.0,0.0,B
g24203,HiC_scaffold_6,2751582,2755578,0.0100960760182859,0.0102818234470068,0.0,0.020208569078511,0.0,0.0137881243150568,B
g24384,HiC_scaffold_6,3140084,3140486,23.703560804400936,33.299261537655475,29.95231192479377,180.6469176648087,125.5361563795643,115.30093633913695,B
g24385,HiC_scaffold_6,3140953,3141767,139.0120523462697,314.6104832653324,359.2094134041084,727.9535813875817,666.9314375064462,537.1799901044744,B
g24386,HiC_scaffold_6,3141938,3143102,53.406897553160725,73.35299504530292,7.499768746500871,76.47741286116923,74.29882739416317,36.260888576900655,B
g24387,HiC_scaffold_6,3143224,3144568,19.37083817706816,15.32868821736401,43.67157490041576,50.39724994939986,25.642451491986453,33.411921267598686,B
g24388,HiC_scaffold_6,3148776,3150759,1.1512636092008188,1.338688889077087,3.56399731652158,33.58082587010199,16.07159309462499,50.18564451254464,B
g24389,HiC_scaffold_6,3152168,3152417,6.737558166929528,3.5518620266637155,16.397380128834065,0.6194496009738129,0.4332378711835191,0.2134667439138319,B
g24390,HiC_scaffold_6,3153362,3153611,8.002005666807282,5.467590082007507,19.10889388989176,0.7258340062623008,1.100207325363004,0.0,B
g24391,HiC_scaffold_6,3154556,3154805,7.988011919555791,4.677216532533659,18.55704104128779,0.2001975900722327,0.327067484313165,0.2134667439138319,B
g24392,HiC_scaffold_6,3155750,3155999,10.120330997645784,4.3533129506120085,17.42111651186955,0.2127688105769758,0.4289597093324675,0.0,B
g24393,HiC_scaffold_6,3156632,3157403,0.0,0.0531978761482227,0.0466372732421141,0.3374861456677216,0.2071126073738271,0.0,B
g24395,HiC_scaffold_6,3158103,3158930,76.45616291269388,31.370504738008577,52.19611576179996,49.73349726364152,51.52137041210942,59.739137804731925,B
g24396,HiC_scaffold_6,3159039,3159520,12.747880790819504,2.6737800799615155,6.176438166529349,5.330475586879668,7.554605412320825,4.969998318280758,B
g24397,HiC_scaffold_6,3159531,3159945,167.77747503183554,10.961882234581696,6.102649179032289,24.302706271861528,18.97019212194345,14.228012404045373,B
g24404,HiC_scaffold_6,3173117,3173955,2.1855442732527885,0.563293520743064,1.1552785146950142,3.9004822470589993,2.018592108519325,12.456311101713167,B
g24405,HiC_scaffold_6,3174396,3175586,9.85238572827486,10.406908618124822,12.11274976258826,66.33586332727644,50.51122802825153,74.0709790137495,B
g24406,HiC_scaffold_6,3175680,3176932,2.530643423823525,1.649390377795717,10.958090615122554,3.066144273961018,3.65473171681422,3.949973601405985,B
g24407,HiC_scaffold_6,3177048,3177968,5.676559904253935,9.896565478048212,13.47350634046509,77.15036444986492,55.72308872549566,67.44288930415478,B
g24408,HiC_scaffold_6,3178205,3180175,18.18980847718614,34.2644439143272,37.9547998439112,59.97077470224328,59.02041560728094,83.39340650606158,B
g24409,HiC_scaffold_6,3180260,3181757,20.117095570648324,3.1330846547836333,8.673905769535878,4.129517132583524,3.78679250671417,5.212206414123539,B
g24410,HiC_scaffold_6,3181951,3182560,1.6330172150816025,0.065084448913319,27.02326475170865,0.6753933251996909,0.484502034222573,0.2618385183967692,B
g24411,HiC_scaffold_6,3183446,3185360,124.18713818306976,135.75128183067764,591.8634569244043,54.94287958212447,38.295063288927686,40.357853737254,B
g24412,HiC_scaffold_6,3186006,3187512,9.032949656737324,1.937093651770494,1.511553714658533,3.681730475300229,2.143977464564744,2.783927081147381,B
g24413,HiC_scaffold_6,3187545,3191233,36.33124659878623,14.485144481349844,8.470089860322473,22.64584032142209,11.80369687806077,16.329036079576657,B
g24414,HiC_scaffold_6,3191528,3192252,1.130176107448131,14.413995198155934,13.818086971582488,43.65849490543423,38.581484837515625,48.776059595450505,B
g24415,HiC_scaffold_6,3194270,3195230,3.554414640456419,3.978382274625776,10.0909739283271,21.80881824779667,13.263522062917762,22.28163200002412,B
g24416,HiC_scaffold_6,3195320,3198628,29.5959200560114,15.552397970677914,14.901933417516346,21.887187798059813,18.814201561498194,21.917013884388467,B
g24417,HiC_scaffold_6,3199210,3203442,0.988265727811838,0.2800206651592098,0.6100228126306405,1.4775178837503542,1.068530704429218,0.7773958366382319,B
g24418,HiC_scaffold_6,3203942,3205026,1.176489316773123,0.6243514761358522,0.8285197940579266,10.630217704013996,8.21118023213248,14.073555146071762,B
g24421,HiC_scaffold_6,3217493,3219222,0.0318758174041706,0.0,0.0,27.08792243751932,32.870191088225425,13.515258467738114,B
g24424,HiC_scaffold_6,3229278,3230559,44.97817051311842,11.883325114741444,22.43337629521239,15.640395048857645,12.318838339850071,24.03091820080582,B
g24425,HiC_scaffold_6,3231112,3232075,55.51937602706408,50.466877429369234,62.47127042791221,57.39851271213844,56.65354958391461,84.80677012364274,B
g24426,HiC_scaffold_6,3232523,3233417,4.119617947045636,6.22019020316519,21.72630805255963,27.8434039611184,27.54542255845221,24.344853795669028,B
g24427,HiC_scaffold_6,3234028,3234329,390.5844525568744,580.9794362328958,894.1529000575125,1415.4191869305128,1248.3020142411483,1044.3131770990744,B
g24428,HiC_scaffold_6,3235259,3235698,2094.710050329319,2729.9787412139804,2235.0657143171006,470.6530943689052,450.7165355444477,471.9090797810419,B
g24429,HiC_scaffold_6,3236008,3242197,8.193098863435893,2.949609298279988,3.1386449339812814,2.527761458902363,2.0201796222008017,2.7213502646056207,B
g24430,HiC_scaffold_6,3242504,3242927,182.75447114205696,5.084973934869962,10.784047591754314,27.98206568050093,19.823470185900494,32.55930693800593,B
g24431,HiC_scaffold_6,3243270,3244701,0.0292281065390579,0.0,0.0276376483865043,0.2253864270649739,0.0848083568590378,0.2089356101986798,B
g24445,HiC_scaffold_6,3278690,3279971,47.70130601616786,12.175797085920829,18.441547374956656,23.765660573081547,21.443269941039603,32.73633258032422,B
g24446,HiC_scaffold_6,3280510,3281466,46.56737244232744,52.575725708108,66.28701302642787,70.8419815330016,68.2164923759607,91.1379021216027,B
g24447,HiC_scaffold_6,3281913,3282807,4.9292455691530845,5.969600443535903,27.096880934607785,54.269662136519855,54.160601980499,51.71604324169169,B
g24448,HiC_scaffold_6,3283420,3283721,412.92381431770434,638.1185758050062,931.0827395952896,1759.5572951634647,1556.5014295830283,1244.5300948468484,B
g24449,HiC_scaffold_6,3284528,3285287,1.5927078859377248,1.6461347929717756,1.9148779611113604,1.1782248169690663,0.7803083034056884,1.747497271821785,B
g24450,HiC_scaffold_6,3286351,3286790,1852.17504471526,2612.237736855229,2133.112463281708,6601.688523577783,6869.07852948869,6105.48056416061,B
g24451,HiC_scaffold_6,3287099,3293288,10.247263290859372,3.422829408121149,4.043123804260855,6.56667951111388,5.169778585310951,6.91343408876512,B
g24452,HiC_scaffold_6,3293595,3294018,214.13686743782768,7.499936581417799,11.884161026432054,93.18955815848958,86.81100896958083,125.28969423603348,B
g24453,HiC_scaffold_6,3294436,3294948,72.44666119468044,82.20627705589513,115.59986109527658,449.63442166799496,291.23399647367773,279.32571925496813,B
g24454,HiC_scaffold_6,3295118,3297657,7.107159120299361,0.30855424362075,0.8782098009841626,1.498675771343963,1.7382442305308854,0.7083156028727229,B
g24455,HiC_scaffold_6,3298329,3298843,1697.9656477033725,1972.4002147243032,576.3487347850992,3258.923333840812,2723.10214294897,1086.0707988583858,B
g24456,HiC_scaffold_6,3299066,3299378,240.9771712436161,187.97173593604103,118.13360988250956,370.478020268536,309.4976575009407,166.60546710449967,B
g24457,HiC_scaffold_6,3299826,3300518,211.07243562487355,155.24943413818255,25.1810281216875,233.7955004016577,212.49399689408204,109.99773711811252,B
g24458,HiC_scaffold_6,3300829,3301780,30.405739744100075,0.6411323923931891,0.111742918154508,28.44867775574724,3.355074395366726,143.23772997657662,B
g24459,HiC_scaffold_6,3302398,3304564,3.723315504475369,1.5032604679009125,2.3162678589884886,5.245549585860534,2.4686680914989703,17.201467569549013,B
g24460,HiC_scaffold_6,3306451,3307159,0.2625575672152664,0.0,0.0,0.9681993427267436,0.5362956629071477,2.697451716267353,B
g24461,HiC_scaffold_6,3307515,3308634,1.007631900143098,0.0354212952530932,0.1592334142129375,0.8409218964270118,0.2438662749905951,2.2755982307027534,B
g24462,HiC_scaffold_6,3308761,3309601,5.619574100105077,8.551837870778549,15.772109564896963,4.846573494407541,7.844014433111626,3.6016588168511863,B
g24463,HiC_scaffold_6,3309846,3310422,58.465755219830896,0.2136227214077072,0.4328031543777443,3.581103944032927,2.7615308337479405,2.2125646455792105,B
g24475,HiC_scaffold_6,3357189,3358326,1848.399804734044,0.069721071922975,0.1897484837449604,0.7878960009079701,0.7329618523870856,0.7933638476411236,B
g24476,HiC_scaffold_6,3359305,3360142,2452.8845307797083,80.87222633604827,55.27331549896896,120.04813177514544,122.42706001301993,79.4292129425161,B
g24477,HiC_scaffold_6,3360780,3362011,4.9060123494276695,102.06226200504076,171.0177065283611,192.39429738191416,103.3956504095635,114.4038617678015,B
g24478,HiC_scaffold_6,3362747,3368476,0.7718673992037121,0.0,0.0127372786644243,1.022084641110942,0.5619485338417167,0.9773316674086284,B
g24479,HiC_scaffold_6,3370669,3371356,0.1107693225155373,0.1173973681200743,0.0,0.0385585399080545,0.038480969913709,0.0,B
g24480,HiC_scaffold_6,3375568,3376241,7.221245782421143,33.35738592211047,40.33350902883923,111.76445658214756,85.16317908670362,103.31990282202509,B
g24481,HiC_scaffold_6,3376304,3377747,12.118456078356004,0.3345878807421207,0.3871630284841502,3.534996333494791,1.3235172818992005,1.4640820405352244,B
g24482,HiC_scaffold_6,3377943,3379388,12.647051816386362,0.0,0.0783384262955773,1.1834473280014828,0.648251309100235,1.424850410326982,B
g24483,HiC_scaffold_6,3379522,3380266,1.356232198354622,1.1887280169882597,5.496459198193513,53.6176405437726,43.668984942954175,95.19262463968788,B
g24506,HiC_scaffold_6,3443508,3448020,1.87412210327259,0.2311506187061042,1.779485486889218,3.7055814109317216,2.057578626063775,1.856088619146444,B
g24507,HiC_scaffold_6,3449039,3449749,0.0,0.0734007951633542,0.0,0.0,0.0,0.0,B
g24508,HiC_scaffold_6,3449776,3450007,0.0,0.0,0.1521865313750371,0.0,0.0,0.0,B
g24513,HiC_scaffold_6,3468284,3470772,0.0,0.025855466006661,0.0234555366403587,0.0487761251741545,0.0,0.0693453610365873,B
g24515,HiC_scaffold_6,3475906,3476392,32.637027405974536,70.28791117894635,37.58821213997254,69.40076262215581,60.57920481449116,45.76236259533333,B
g24516,HiC_scaffold_6,3476477,3477874,2.0268372161014905,0.1599533066513773,0.4881813954867623,0.6827994778889233,0.5454595080554634,0.0858001924689978,B
g24517,HiC_scaffold_6,3478052,3479279,6.032050691597799,15.11125393637936,13.57516847593298,19.268426564729367,19.56543850289679,19.345754422478706,B
g24518,HiC_scaffold_6,3479642,3480467,5.41267744132518,5.528418152396085,8.353229783761279,10.657333893668396,7.793433405448923,10.51139213715937,B
g24519,HiC_scaffold_6,3480633,3481116,42.35068807022577,26.965318206818846,94.7877363424947,42.53053829821528,25.679008109361263,43.405447121538174,B
g24520,HiC_scaffold_6,3481420,3481897,0.5528962341496718,0.6763269760879757,0.2244649142284561,3.037472333540312,1.702866900079575,1.4466705046488433,B
g24521,HiC_scaffold_6,3482132,3482627,64.36191610317739,1.4580414701418472,1.7190754954374414,1.4414948858994108,2.354602857263636,5.252863943997259,B
g24533,HiC_scaffold_6,3506045,3506552,8.318284690668298,0.3963321759076794,0.6997236354329022,16.267949752322753,4.422406684399681,3.036653489425303,B
g24534,HiC_scaffold_6,3507399,3508612,3.367003628590308,24.06462886549249,5.820599575945322,15.91036753560662,14.59390663330428,11.745652380578298,B
g24535,HiC_scaffold_6,3510303,3510831,1265.160030714766,513.812712587228,614.525888325893,1876.148638397747,1412.311459620586,2035.528356332228,B
g24536,HiC_scaffold_6,3511502,3512030,366.856666652341,5.343637468418788,39.55110965724651,20.733963835801283,15.034280298843228,45.32185795154288,B
g24537,HiC_scaffold_6,3513196,3513778,1.359440740666977,1.862499870622664,15.928081676860243,3.24978334350635,1.8443917315161569,2.3718791544310225,B
g24538,HiC_scaffold_6,3513939,3514518,0.9842276744298804,1.04590588221022,4.675450254559162,2.95738104766093,2.891558011113326,2.841571234404145,B
g24539,HiC_scaffold_6,3514634,3515766,102.97501598240342,898.5236616365082,777.881153976078,620.1858802004424,708.9916159009961,603.1790555364335,B
g24540,HiC_scaffold_6,3516197,3516565,99.78001400162918,148.4684397777103,117.23436493783284,206.5547365439142,181.417362176288,207.9085696217433,B
g24541,HiC_scaffold_6,3516796,3518707,11.374307944517444,3.319688486415189,3.353291924007161,4.985259396836986,3.9005323687185145,4.026916035657914,B
g24542,HiC_scaffold_6,3518821,3519952,3.871156936312316,5.894370172531734,8.240264460899159,10.94427729337939,9.346423758018853,10.231018088461518,B
g24543,HiC_scaffold_6,3520191,3520899,51.23127747214113,3.2163915334956705,15.165500197868363,6.801546550499339,2.24967836841898,11.242885048784691,B
g24544,HiC_scaffold_6,3521099,3521501,282.14069618890016,182.7607642292517,50.978504116313374,212.901613450946,150.9245325946325,97.82299544892874,B
g24545,HiC_scaffold_6,3521665,3522601,27.14614059554997,22.91700122607128,18.65310262695628,44.716265774778144,26.687338182680016,27.839337393179164,B
g24546,HiC_scaffold_6,3522643,3522898,0.3052578278469993,0.0,0.0,1.001986146867811,0.62203356072278,0.2084439969982123,B
g24547,HiC_scaffold_6,3523413,3523889,26.408518008809228,31.50274069425837,18.14782962865159,270.140648298467,199.59550088766355,213.4436838751761,B
g24548,HiC_scaffold_6,3523953,3524804,14.033387272829684,0.4678892232448467,0.63433744763761,0.6738893982890772,3.523948413872887,1.6202381889593502,B
g24549,HiC_scaffold_6,3524945,3526883,8.820601011231876,4.9813070499347125,3.7204798331253697,6.438187272209618,5.666052534988541,7.58475811421453,B
g24550,HiC_scaffold_6,3527080,3527896,3.2405440233151683,87.89574264169373,89.77148771004792,80.7864707532598,192.0830242046512,5.7196728921477344,B
g24551,HiC_scaffold_6,3527932,3529726,131.3197982533927,63.136800739663215,8.39066717356368,37.959924865253335,33.6561344663744,22.395811447166547,B
g24552,HiC_scaffold_6,3529751,3530513,52.5887070030057,42.1407384552225,6.649123034007029,38.83376329480159,30.801347048646115,20.96570670119212,B
g24553,HiC_scaffold_6,3530665,3531499,6.417037562378405,0.1718468282609757,1.5122848034883274,6.044738268599449,1.9060990626548235,7.871070403450499,B
g24554,HiC_scaffold_6,3531715,3532474,8.969966556722492,0.2125217177825852,1.6822327797408674,3.6352527339702014,1.5996577309661246,2.100100875031103,B
g24555,HiC_scaffold_6,3532498,3533008,6.122300447365897,2.605272875768628,10.061423895988955,7.0323161686963305,4.068665750194187,9.776808618431012,B
g24556,HiC_scaffold_6,3533199,3533783,14.994455802165897,3.8153243009846873,5.636984406417977,8.305887684565128,6.102559821606649,12.876202571005948,B
g24557,HiC_scaffold_6,3533818,3535114,33.52519539961088,20.073197877062903,5.848496473951298,37.46610240613502,22.23791919294369,21.60077548160908,B
g24558,HiC_scaffold_6,3535834,3536794,5.562219957135024,3.9739719662409128,1.869258596186957,16.709846702630006,9.0991173313839,14.260998707724148,B
g24559,HiC_scaffold_6,3537016,3538504,120.74618713073843,183.5659943198889,108.61623434425806,175.14111862813303,144.90167406770252,121.43221319575996,B
g24560,HiC_scaffold_6,3538657,3539001,7.726452570440895,0.4408244724955465,0.7671477587240498,0.9200773568784468,2.728272046634239,4.804494285756797,B
g24561,HiC_scaffold_6,3539187,3539763,52.99138274452183,55.44170990831053,82.04803192783771,568.1707601702035,351.64275974371253,464.9403719950062,B
g24562,HiC_scaffold_6,3540859,3541864,3830.726305559744,62.62505248478111,463.1161572893418,900.1690520955408,882.5098295611494,2410.285329681845,B
g24563,HiC_scaffold_6,3542179,3543370,29.878323451869328,21.084832170999924,16.278895306667234,21.05587609650641,21.86423344682081,32.44258810240628,B
g24564,HiC_scaffold_6,3544784,3546943,16.40054409406896,21.532858999382373,23.70976350291926,37.86835944047862,33.49337648101866,49.918546586904526,B
g24565,HiC_scaffold_6,3547419,3547809,10.127084338679886,0.1016318702261828,0.3667361583503681,0.5952486780516393,1.3152428802378542,1.497603586390432,B
g24566,HiC_scaffold_6,3548207,3551364,24.03108659290435,9.755111384229952,17.986284033911488,3.7718708540228456,17.440114495875097,5.503833603105806,B
g24567,HiC_scaffold_6,3552540,3555905,4.982123352104253,0.4732645463591337,6.72266076402156,9.974299874332464,5.519346189268207,6.733363438528539,B
g24569,HiC_scaffold_6,3560134,3560494,0.0,0.0,0.0976530242989821,0.0,0.0,0.0,B
g24571,HiC_scaffold_6,3570877,3571363,52.36390677508111,157.65602063410213,85.4549746126078,79.57575820033468,78.4300575110565,57.116939962890896,B
g24572,HiC_scaffold_6,3571448,3572844,2.226803344607889,0.1583095041527871,0.1656751028230342,0.7777551141905268,0.3798458800165361,0.3324849353931882,B
g24573,HiC_scaffold_6,3573022,3574251,6.682973760691912,12.496829562091731,9.148825109678324,13.31220408767106,11.818290300657443,15.814413892830386,B
g24574,HiC_scaffold_6,3574617,3575253,2.508198891866896,2.7472537203518352,4.646139684917591,9.766693329217173,7.118924004128797,10.23890546678412,B
g24575,HiC_scaffold_6,3575608,3576091,40.29166636425332,23.184709473688702,96.93307989782012,25.269782771386936,15.087302200028226,21.761277691324977,B
g24576,HiC_scaffold_6,3576400,3576877,0.3154189257935798,0.4154761990378545,0.14740079139469,0.3167981482951747,0.0554222774228891,0.2228646508785918,B
g24577,HiC_scaffold_6,3577112,3577607,55.38316274314499,2.913296812764365,1.9418608687205112,1.1330548178395343,2.9442310429986085,3.431157502938473,B
g24578,HiC_scaffold_6,3577853,3578318,2.633430708004364,5.212251949077286,12.373523760054402,2.0806049871369026,3.0658744697828686,3.6531891836524784,B
g24579,HiC_scaffold_6,3578557,3579034,90.19121216914442,198.67127812095825,77.087807262101,42.0754993147003,76.91606092199162,108.90702262918036,B
g24580,HiC_scaffold_6,3579277,3579517,0.479245406744444,0.5069481433698787,1.478166179852006,0.5192624992498537,0.449484291352901,7.9548991759565375,B
g24581,HiC_scaffold_6,3580353,3580998,71.23525996292102,0.0635900193957826,0.1672434310217209,0.1594242383901595,0.0426382769482635,1.564792484602514,B
g24582,HiC_scaffold_6,3581661,3582449,0.3656662881848542,0.0545956327661312,0.0495280133191047,0.17596864149538,0.2637004932789229,0.219641401795637,B
g24583,HiC_scaffold_6,3584302,3585091,1.058734535763124,0.0,0.1346863310075248,0.5765567391169019,0.5871579943397494,1.4139386451682,B
g24584,HiC_scaffold_6,3585552,3585783,10.743002357973872,0.69828564414278,14.787026903881737,7.553924415768046,5.361238612693433,8.49761486732394,B
g24585,HiC_scaffold_6,3585899,3586880,15.183346932619433,0.6080148019970787,0.6917852693005364,2.527404063218666,0.7577167015255559,1.779588447390069,B
g24586,HiC_scaffold_6,3587802,3590082,6.49569562458984,3.410995416801253,43.71746495668423,2.127161197682466,3.2777575479077075,3.1195663031690533,B
g24591,HiC_scaffold_6,3610368,3611130,0.0,0.7874842169441517,0.0943762143560892,0.1001823055706291,0.0346934728749582,0.2790195235409142,B
g24592,HiC_scaffold_6,3613115,3614469,3.276590231885544,2.726552715876263,3.584186534278901,0.9882931524771528,1.2041611500447231,0.6948996979643378,B
g24593,HiC_scaffold_6,3614502,3615258,6.349979410843329,0.8967681203251292,1.0812060573253608,0.1360167113249377,0.1077246079285424,0.0,B
g24594,HiC_scaffold_6,3615688,3617989,0.1853028605052611,10.88210017991302,20.333779344626404,0.8281008076906824,0.9831399571994288,1.5455478425087876,B
g24595,HiC_scaffold_6,3618398,3619150,17.167419469205846,29.17513467805432,19.50296779555024,49.836463781117416,42.80824548904703,35.38728938544244,B
g24596,HiC_scaffold_6,3619225,3620299,22.395393893389752,16.871758932595164,52.505109365420246,33.88559684279619,39.275916395835054,40.39064630442304,B
g24597,HiC_scaffold_6,3620562,3623031,82.05267265713903,69.2254789014705,125.52993985187624,66.49833474279582,86.18283738701746,74.5627457747479,B
g24598,HiC_scaffold_6,3623745,3624486,0.4037347283053502,4.495543364215376,2.697935801491045,0.418422426771659,0.2169353341243354,0.2860902348859101,B
g24603,HiC_scaffold_6,3646839,3647196,0.0,0.6652042668770834,3.4197185501922167,2.4771997311424103,2.3550726867169494,2.8296715851113783,B
g24604,HiC_scaffold_6,3649507,3650248,0.2626206008805156,0.0,0.0474427648416107,0.3111766092946003,0.3639548917837254,0.4299720768736927,B
g24605,HiC_scaffold_6,3650906,3653216,0.5439379940005535,16.569979025254828,13.58532333640861,16.782633490956044,43.611863442576734,17.330656447732565,B
g24606,HiC_scaffold_6,3653337,3656949,6.215780306886169,12.157697441822762,11.943260340121816,20.664130404482183,15.771239195449011,16.916606796048516,B
g24607,HiC_scaffold_6,3657771,3658125,0.131045027106035,0.0,0.0,0.251763635999929,1.3710404645450862,0.7148244797788486,B
g24608,HiC_scaffold_6,3661579,3663142,1.6996029902462269,7.606259483593128,9.719082951871846,9.344780716498668,6.296252607086535,6.24998215018129,B
g24609,HiC_scaffold_6,3663273,3663816,3.566860783763967,7.622380025683263,4.33865788801462,100.39159998232664,86.430033682181,57.55065359466701,B
g24610,HiC_scaffold_6,3663989,3665354,5.836730385975275,2.952264709655984,3.2042603290294416,3.7333650523445217,2.540529788213832,2.138298140104065,B
g24611,HiC_scaffold_6,3666573,3667458,4.673497343505335,6.787010956784727,21.14207288225217,27.11908661462168,28.332922884174387,27.17676582218396,B
g24612,HiC_scaffold_6,3669026,3669422,0.0,0.3963642938821131,0.2397155844644667,155.52544443295358,133.74231942357568,78.0132964068622,B
g24613,HiC_scaffold_6,3673838,3674234,0.6370580739561357,1.1890928816463393,2.25857891089825,9.015374247656254,6.14494423142681,6.36908611482954,B
g24631,HiC_scaffold_6,3722632,3723028,0.0,3.708594297046846,5.729106559486107,3.6559988989904872,4.149458977792181,7.605194477717456,B
g24632,HiC_scaffold_6,3725929,3726324,0.0,6.019018174742016,12.126550773969972,4.466341576023898,8.316672327266225,6.015764674745441,B
g24633,HiC_scaffold_6,3727481,3727910,0.0,0.0,0.1055708370799806,2.3861088174881364,3.0045594070742343,2.2290841760374365,B
g24634,HiC_scaffold_6,3729093,3730381,0.0349090624579171,0.0,0.0,0.0,0.0,0.0,B
g24639,HiC_scaffold_6,3742261,3743104,1.2844621106554508,0.2367274971092823,3.415005808443345,0.0,0.0,0.0,B
g24640,HiC_scaffold_6,3744634,3745426,0.0982837703295263,0.0,0.4489420859678256,0.0,0.0347243543328661,0.1338338788197344,B
g24644,HiC_scaffold_6,3756206,3756967,0.2757827159983271,0.0591855158878496,0.0,5.29674711059762,1.1659544908143,0.6122593572074709,B
g24645,HiC_scaffold_6,3757041,3758535,4.30741123103842,4.026640025071746,1.310843104218859,24.786416178584545,25.99919282740661,6.532618416239261,B
g24646,HiC_scaffold_6,3761802,3763698,0.4748826541908006,0.1322163801614607,0.09649054243727,0.4162972958991004,0.5576847732682879,0.4927566602863928,B
g24647,HiC_scaffold_6,3764222,3765598,0.0747749722391785,0.0761506808611168,0.2057055986301125,0.025446413945085,0.0,0.0,B
g24648,HiC_scaffold_6,3766408,3769839,0.0,0.0129150959231708,0.0,42.2929708711896,47.6362695992416,43.5306904020628,B
g24649,HiC_scaffold_6,3770296,3773082,0.2018309649166307,0.0,0.0,0.0293058200634838,0.1119231603877637,0.0,B
g24653,HiC_scaffold_6,3779215,3781066,0.0,0.0,0.0196947275897106,0.1265470681393709,0.1510871567572776,0.2082703239204203,B
g24657,HiC_scaffold_6,3792651,3798852,0.0459546850652018,0.029798568309765,0.0264197925567009,0.0,0.0199460699470922,0.0390545328688788,B
g24658,HiC_scaffold_6,3799428,3804574,0.0343001939993669,0.0,0.0,0.2249342544969792,0.2170414118148398,0.1656005013262125,B
g24661,HiC_scaffold_6,3806635,3808520,0.2984255865418593,0.044410565140853,0.0196947275897106,0.8954744553964631,0.4384511473974811,0.5649081978919024,B
g24662,HiC_scaffold_6,3809000,3811780,2.570888550627955,0.2229014700003597,0.7161618376797569,2.1069630715437344,0.8186541665461866,0.7389174383545224,B
g24663,HiC_scaffold_6,3812323,3814212,1.956476742857321,0.0225608154622001,0.4122598177166199,3.3609055611714966,2.9586896721793434,4.964013768674223,B
g24664,HiC_scaffold_6,3814373,3815114,822.3406747724773,80.8690498900374,55.862633860275125,55.22910190043434,69.93083602255163,100.30415720141028,B
g24665,HiC_scaffold_6,3815446,3816346,257.18482424239977,0.8900037627740411,42.58528833410512,18.18225863660819,20.106772445668327,42.75586976127774,B
g24666,HiC_scaffold_6,3816408,3820758,2.426847875076432,9.94018019776189,14.85110735807243,9.717233463441762,8.703671414777356,9.921824396068242,B
g24667,HiC_scaffold_6,3820915,3821665,2.27250240784836,78.53635573091714,74.19293585283053,58.63490944897472,116.85067155471768,12.67515476725744,B
g24668,HiC_scaffold_6,3821950,3823084,12.34601966403107,1.559812424407875,5.0224092634573,6.261875760352375,3.1588103744638865,6.650129626088394,B
g24669,HiC_scaffold_6,3823699,3824590,28.25894222866922,1.22277380156079,3.1503201135560044,6.969763470963708,4.472535278797183,4.944811530902189,B
g24671,HiC_scaffold_6,3828742,3830023,13.381698860641624,1076.654556895784,295.8536135171203,8.143775513962794,4.690273907608744,4.765222512090864,B
g24672,HiC_scaffold_6,3830891,3832343,0.2340427191856526,9.143647013599864,17.014941581900615,3.494823328481316,4.900799165434201,3.289923959603364,B
g24673,HiC_scaffold_6,3832720,3833722,9.83366127538588,98.32841180602152,120.74226965359918,2.5997144455498047,1.962153732907612,1.4837725612254922,B
g24674,HiC_scaffold_6,3834123,3834570,0.8434187467007815,1.1743344830005062,1.353147089503576,0.8086472821445768,0.4826676954125111,0.9492074598317168,B
g24675,HiC_scaffold_6,3835273,3835930,9.048687250091772,89.52003736559207,100.16131380777944,2.4519677907236086,1.8577348426312927,1.777505009042128,B
g24676,HiC_scaffold_6,3836859,3837614,1.4149635089786587,0.3471527309861541,0.6191649426694527,6.27235235292589,3.8719371852779663,3.524181856846037,B
g24677,HiC_scaffold_6,3839167,3839974,20.81336735987722,5.163402396519855,14.395457776657803,0.3150025512121568,0.6226923789995621,1.4484621949401029,B
g24678,HiC_scaffold_6,3840206,3841133,648.2806093747827,18.84393576651337,53.9121534500664,2.3228242852910514,2.217950315398813,1.662829943691241,B
g24679,HiC_scaffold_6,3843253,3844059,7.20416267094338,2.6890554225978898,0.8295949395822511,0.6023695162146534,1.3132496019317756,1.4497327131526383,B
g24680,HiC_scaffold_6,3845421,3847278,2.3157984646571053,0.8671413956519574,0.6122760224850946,0.7122704288238684,2.0201196260826464,1.028764581585893,B
g24681,HiC_scaffold_6,3847445,3847685,0.3098179293140144,0.0,0.5892608496357113,0.8438626400734366,1.665592424431282,1.3262470938314488,B
g24682,HiC_scaffold_6,3848333,3852360,0.0,0.0,0.0090840022603704,0.0,0.0,0.0,B
g24683,HiC_scaffold_6,3853313,3855585,0.1933643003234972,0.2469957578279326,0.0331990786261921,0.416763547678189,1.0551234906228113,0.5450563886539774,B
g24684,HiC_scaffold_6,3856054,3856860,9.814248357473094,4.470781107839067,2.7300111748399285,3.3886959251145488,7.177831323053059,5.799777864752244,B
g24685,HiC_scaffold_6,3857310,3858063,0.1657919925232551,0.0,0.1549290335888966,0.7875061767290322,0.3525366991003145,1.1559960196380514,B
g24690,HiC_scaffold_6,3866417,3867936,9.975291052210029,0.5671093995564317,2.6563376742829674,2.257011095176229,3.163508586810524,2.7319562853086232,B
g24694,HiC_scaffold_6,3877961,3878767,28.3222248841716,14.317788999231745,4.532183318103973,6.440687506542466,11.338904549721502,11.667934356274923,B
g24695,HiC_scaffold_6,3879217,3882525,1.219330044312076,0.4690633065507056,0.4964377424093065,0.8090022318823225,1.484867835919924,0.8225593086249368,B
g24697,HiC_scaffold_6,3887238,3887793,0.2710897794658334,0.1453189043216055,0.191473000297184,0.1347275673729349,0.049552592129063,0.0,B
g24698,HiC_scaffold_6,3888871,3892066,0.2401409263132569,0.1568885543325067,0.0251903742179608,0.7362263695683211,2.24144828771422,1.4852653881161233,B
g24699,HiC_scaffold_6,3892535,3893341,30.002241200866216,10.749175103866284,4.722095691254877,5.770378197094848,8.537383196073769,3.0438457891213577,B
g24700,HiC_scaffold_6,3893945,3896210,0.9907440900638996,0.2872991027268002,0.2038982990072648,0.9141463384225909,2.172607716553,0.8912063157338823,B
g24701,HiC_scaffold_6,3896748,3897852,0.6156341091622601,0.1102061181238866,0.2258103414144752,0.4163030960342003,0.6629465308377636,0.4803371074003686,B
g24709,HiC_scaffold_6,3911802,3912042,0.1621682210437184,0.0,0.2963017767387649,0.5323051405235246,1.1192721354617867,0.4429434936212013,B
g24711,HiC_scaffold_6,3920235,3921453,0.6276434226168823,0.1324334842339755,0.059043247405041,0.4195508496737139,0.6625133003558277,0.3049692296831624,B
g24714,HiC_scaffold_6,3926131,3927161,0.038848643174171,0.0,0.0375729756213897,0.1090843790120098,0.2530709364473465,0.1663005760290217,B
g24715,HiC_scaffold_6,3929442,3931146,1.71169397557431,0.4733098116108631,0.1880323024289226,0.5860718232359242,1.199094363124271,0.8719542764180559,B
g24718,HiC_scaffold_6,3938489,3938945,0.4191171539185103,0.0,0.3101372892819533,0.0,0.060310720683399,0.0,B
g24719,HiC_scaffold_6,3940289,3945201,0.0,0.0,0.0075214139383041,0.0166675296956909,0.0171960935586363,0.0907115378906544,B
g24721,HiC_scaffold_6,3947094,3948213,0.0347813878914141,0.214992710074535,0.0956834352877332,41.16142706257303,40.58396927404081,36.37841633910208,B
g24722,HiC_scaffold_6,3950086,3950470,0.202710276304648,0.1032198681984669,0.0,1.2780825150966462,0.9144020270982258,1.520196333980234,B
g24723,HiC_scaffold_6,3950698,3951757,0.0351068475143359,0.2258713025980512,0.1674975841192074,25.37395995894203,25.571500570672345,20.69646725415918,B
g24724,HiC_scaffold_6,3953626,3954010,0.101355138152324,0.2100312289023205,0.0,1.0670557762858626,0.6995450846636166,0.552872058578953,B
g24725,HiC_scaffold_6,3954177,3955296,0.0,0.1087288243152554,0.0964003690875871,21.397577821324887,24.179431039966005,19.68506285786413,B
g24726,HiC_scaffold_6,3956478,3956949,23.015447338559333,0.6732302231543322,4.31916245786093,5.659949393461208,2.7932587556741275,3.268096205296752,B
g24727,HiC_scaffold_6,3957166,3957550,0.101355138152324,0.1032198681984669,0.0,3.5097084832587804,0.7023192052389079,3.730069951400949,B
g24728,HiC_scaffold_6,3957717,3958836,0.0,0.2174576486305108,0.0949665014878794,28.056941934401475,31.00300693169192,24.614602228307355,B
g24729,HiC_scaffold_6,3960017,3960488,22.827986456822927,0.7661682884503338,4.388691846356736,5.100857987483514,2.236499225514132,6.196320498509959,B
g24731,HiC_scaffold_6,3961257,3962376,0.0,0.2491815360496404,0.0314165225626752,28.49703672799523,29.06194526205605,21.293158740686323,B
g24732,HiC_scaffold_6,3964247,3964631,0.0592395328013583,0.0,0.0,1.7691020382854448,0.9111804811117024,2.3405224969185343,B
g24733,HiC_scaffold_6,3964797,3965916,0.0332244428218782,0.216225179352523,0.1256660902507008,29.11361040355032,30.923738380746173,23.996816833764964,B
g24734,HiC_scaffold_6,3968266,3968539,0.1425654690494227,0.0,0.0,1.3240488465883726,1.2744856831611109,2.720128340894964,B
g24735,HiC_scaffold_6,3968766,3969825,0.1086108570525652,0.1884431350926582,0.0671505443034027,23.930654269489075,26.27468859489882,20.74578094622997,B
g24736,HiC_scaffold_6,3973447,3973723,0.0,0.0,0.2605604178961594,0.2709195648260105,0.2950717521520945,0.0,B
g24739,HiC_scaffold_6,3979439,3980558,0.0347813878914141,0.216225179352523,0.0,11.039892203087913,11.169377897998142,9.345159874201574,B
g24740,HiC_scaffold_6,3982222,3983080,6.708172870228746,0.5097667323920664,1.1603426221937645,0.0599234462480494,0.314324679267763,0.8669406326803725,B
g24751,HiC_scaffold_6,4006702,4007356,0.0595112737775113,0.0,0.0,0.0,0.0,0.0,B
g24773,HiC_scaffold_6,4052801,4053059,61.54441206107069,0.1536295712721368,3.877470788273134,1.6787166709493166,0.8445076916713804,1.028899572592489,B
g24774,HiC_scaffold_6,4053252,4055070,18.3227935103384,0.2428587765448835,0.5300483370642256,0.6076046504187838,0.3880399030330984,0.2920309017919275,B
g24775,HiC_scaffold_6,4058055,4058488,682.5031356532143,0.445512671432231,8.431110719539818,3.98729785404324,3.611655994540421,5.309581063382959,B
g24776,HiC_scaffold_6,4059562,4061381,16.61197496926921,0.2527164516511577,0.4658681895233479,0.5282070180663011,0.3260946598751889,0.6038193131237712,B
g24782,HiC_scaffold_6,4090371,4092009,0.1670747434894628,0.0,0.0,0.0,0.0,0.0,B
g24788,HiC_scaffold_6,4099417,4105755,0.0,0.0,0.0061371117374415,0.0,0.0,0.0,B
g24795,HiC_scaffold_6,4125989,4127066,25.91046814252525,21.73124601167309,85.84436548704434,15.807786176204456,35.21813181644212,61.72350881440849,B
g24796,HiC_scaffold_6,4128177,4129905,6.774342359568831,1.6297539909282035,0.9665237373757612,3.4396427843434694,3.699322479478097,3.4780525826928548,B
g24797,HiC_scaffold_6,4130038,4132273,19.77207780500342,12.63468159603798,7.298443898394522,23.671779911497744,20.67472480190527,23.912890428040463,B
g24798,HiC_scaffold_6,4132615,4133368,89.34372870238406,1.5411547373634475,5.719407924725187,5.4003006433516765,5.184308447551646,4.159375632228343,B
g24799,HiC_scaffold_6,4137187,4137971,2.504404696875357,7.84056191537727,24.86707555804864,69.66224245380977,73.74614771270143,361.8890709432134,B
g24800,HiC_scaffold_6,4138130,4139231,15.339369472784949,15.074241627297049,12.8039124959027,28.705629364361968,26.67058563619652,31.675335202206178,B
g24801,HiC_scaffold_6,4139382,4140501,13.095043618997956,133.89039380771516,15.603312160637282,8.299247665908076,38.90130799203743,43.52275543395693,B
g24817,HiC_scaffold_6,4180482,4180915,837.0280064794952,0.5923142617589396,9.893067998963277,6.018191184442667,4.23069546265747,11.992615863308046,B
g24818,HiC_scaffold_6,4184136,4184748,89.42114780016153,0.622536500914527,8.504371763026828,4.39023290050784,3.304088302265467,5.0414877481668166,B
g24819,HiC_scaffold_6,4185016,4185449,469.4185039093096,0.6025300626631506,4.356158915231987,2.1811739581490506,1.5041990950702917,6.288159078025284,B
g24820,HiC_scaffold_6,4188439,4190257,5.764955848192686,0.1315718973879737,0.1564629844165094,0.654760656228389,0.5043718120791629,0.2627937074934984,B
g24821,HiC_scaffold_6,4191379,4192575,0.3932354971280801,0.187619433412879,0.5647588692886074,1.9215877879593315,1.6866425957873077,2.4289520803492786,B
g24822,HiC_scaffold_6,4192824,4193279,19.333577312111977,27.20253656296354,26.18594903965284,95.19403134213186,66.78719404838273,97.93872564693464,B
g24823,HiC_scaffold_6,4196504,4197683,170.3198204129609,112.93399875118465,233.6072360341837,357.00798470258326,342.0583235581591,703.8792235880635,B
g24824,HiC_scaffold_6,4200667,4201616,35.67711579522276,67.51468991496046,173.77148127201838,78.03067970837779,113.05538947728851,140.16806427646685,B
g24825,HiC_scaffold_6,4202005,4202598,3.3392217440274976,15.960160984059062,11.539571106368268,33.72903859267281,31.4840500082599,30.098468252450846,B
g24826,HiC_scaffold_6,4203037,4203737,3578.941369600629,4988.837852615543,5099.719791904079,3498.262705528903,3812.5335406422014,3847.568389878936,B
g24827,HiC_scaffold_6,4203878,4204731,9.648815849226104,6.247826977736153,24.288883380626665,34.15022164182143,28.26138214399574,37.5682398786321,B
g24828,HiC_scaffold_6,4204886,4207836,3.4197696257350945,6.063540813356566,4.82376669345302,14.448521290189138,11.2934479658223,14.635268076231656,B
g24829,HiC_scaffold_6,4208032,4208324,214.9798886129701,236.9953603539448,222.39997307980207,379.13515581959257,371.3502241297623,204.8171187943788,B
g24830,HiC_scaffold_6,4208564,4210391,10.600019522871962,21.383659776407107,41.15951789887764,24.978910207632737,22.139751052302927,25.627256767793856,B
g24831,HiC_scaffold_6,4211166,4212141,112.07379856825582,312.3518158065652,641.3399133985747,109.55076069365616,166.54985231292457,202.8113684522404,B
g24832,HiC_scaffold_6,4212439,4212843,0.0,0.1179655636553908,1.1676241627328103,1.1313377002120737,0.4879311591930595,0.4736596763683744,B
g24833,HiC_scaffold_6,4212919,4213945,26.204697418928525,866.5160656456883,642.5444025076413,129.12057783428017,186.2754684598173,125.78540218381056,B
g24834,HiC_scaffold_6,4214102,4214483,16.513875164564578,9.392835015924778,21.843991174778548,53.38951536129829,38.55732806082704,52.235607808430586,B
g24839,HiC_scaffold_6,4228370,4231646,36.70216501632997,15.688225489330826,16.93642783392476,21.61403314518016,21.99593872950536,30.590285413639496,B
g24840,HiC_scaffold_6,4232090,4243783,3.3412580475302454,2.3921964662763786,8.417731746874967,4.417946900076683,3.5048187461060207,4.891115147145312,B
g24841,HiC_scaffold_6,4244010,4244979,168.735159246043,383.8261238193063,117.00275611867796,210.4730545446508,194.79881961190807,132.22227793015844,B
g24842,HiC_scaffold_6,4245139,4245886,99.09448664286684,151.50878180952853,148.62240711915334,268.6957245243123,254.56727747594667,250.4795777471808,B
g24843,HiC_scaffold_6,4246169,4247234,11.815561385350431,20.009726226718577,82.31783855599886,75.76911695480045,47.073516028615,53.4155484438663,B
g24844,HiC_scaffold_6,4247520,4248769,59.48777135598129,66.1022047278536,116.91331013336053,146.880266346783,124.72593963182456,156.8940057824819,B
g24845,HiC_scaffold_6,4249114,4249589,159.62948275477055,55.45586644974047,69.82699822026636,220.2485212785044,170.39883779149395,194.59212337602312,B
g24846,HiC_scaffold_6,4250353,4252344,1.6766475325913603,4.683128910546325,6.687217824126147,7.022285905795371,6.227054058949074,9.007645240703376,B
g24847,HiC_scaffold_6,4252377,4253004,6.786507159513823,17.337238607434102,15.538351328536775,26.671507832783785,23.23172519225622,20.90898685463641,B
g24848,HiC_scaffold_6,4253108,4254569,29.227738269638984,41.3918309571347,18.44921566500212,33.47814414972786,27.359085360393767,24.051170514430133,B
g24849,HiC_scaffold_6,4254663,4255724,2.216042140749042,0.2421981738693425,0.5334755492179766,0.5629902420254356,0.1069178855092936,0.5314436230808051,B
g24850,HiC_scaffold_6,4256478,4257087,0.1249565263845223,0.0673490353206564,1.516681928576207,0.7137504401605324,0.5730703674940806,4.96627813928312,B
g24851,HiC_scaffold_6,4257838,4258483,5.3722421707769605,3.34405703012129,65.09743579504293,6.2955581422608855,10.579688845084606,24.44876861743781,B
g24852,HiC_scaffold_6,4258962,4259598,7.181845433369904,7.268881503744526,111.85064214818044,5.389771632670588,7.340417030168978,19.950847622249743,B
g24853,HiC_scaffold_6,4260857,4261154,1.4297631666323074,0.4050115194838464,1.3182473729164577,3.887119375048265,1.6380750739462795,14.65337993909626,B
g24854,HiC_scaffold_6,4261729,4262790,2.5492364772118297,0.119028316481115,0.463094991164656,1.097897567264411,0.1376460892473972,0.5849603655016287,B
g24855,HiC_scaffold_6,4265689,4267591,0.0,0.0215644387540903,0.0751982659078041,1.15413483509313,0.7946017251559723,1.3956681899519567,B
g24857,HiC_scaffold_6,4289709,4290309,0.2817506134897707,0.1510336926938035,0.0673358383327153,0.0,0.0,0.0,B
g24858,HiC_scaffold_6,4291438,4293268,11.289245402523155,3.918455290821634,7.871926137332884,24.124630775020204,18.606269918617635,21.637940113883587,B
g24859,HiC_scaffold_6,4293465,4295628,0.7903853307834963,0.0752117970037219,0.0661244113530483,3.4658485796383727,6.656354837941739,2.232923163261568,B
g24860,HiC_scaffold_6,4297242,4297626,80.31469110665995,266.6940468831604,241.6530832341843,240.04169369916409,194.1260684150388,133.8289451309037,B
g24861,HiC_scaffold_6,4298259,4298655,0.5633053260254806,2.240333108291419,42.155986696418026,2.986185071361133,5.13333157309777,0.5361183598341364,B
g24862,HiC_scaffold_6,4299247,4299788,0.3799364333422666,5.69918343443354,36.09494371181317,78.13702677551363,114.7379353241287,21.44003732603426,B
g24863,HiC_scaffold_6,4300364,4301338,55.55764758488482,58.3816893226533,25.998357889876686,68.6882346833019,52.622257950550924,55.4405873341983,B
g24864,HiC_scaffold_6,4301526,4302569,71.05157314559614,37.54998010746732,14.08086387750075,67.03014997648435,55.93366121683212,44.49984501590977,B
g24865,HiC_scaffold_6,4302734,4304728,50.177003202260295,19.90401850266305,19.72907383140136,38.19483391124249,28.301961945652565,33.5897842502415,B
g24866,HiC_scaffold_6,4304880,4307430,14.382826319240063,18.86846099922729,26.71131839645433,10.93775001275636,14.383892842985674,16.38669054928777,B
g24867,HiC_scaffold_6,4307650,4309914,0.6833822003638221,0.9316607781534114,4.700246419800921,3.84615141242379,3.723897778149616,4.955084955007317,B
g24868,HiC_scaffold_6,4309935,4311456,2.0432899122718378,1.3714127050520846,7.853044635990066,4.835651370164037,3.033775138088787,4.710200104037273,B
g24869,HiC_scaffold_6,4311511,4311976,7.4892869150091315,0.8642598416567463,7.198059215366637,14.63853565026788,6.027627063725497,19.52133385858155,B
g24870,HiC_scaffold_6,4312201,4313151,12.831951034175294,1.2393373970069113,82.96938345053326,113.60813066635644,94.2647681851236,225.2211145184005,B
g24871,HiC_scaffold_6,4314025,4315177,12.282203910661424,12.154587638612544,18.19280344622712,12.562496379888772,10.035474011335072,14.192804762202444,B
g24872,HiC_scaffold_6,4315372,4315972,27.54750100368932,44.78484105569704,22.485747766764565,60.26091860046803,45.95294829212669,41.22239902634996,B
g24873,HiC_scaffold_6,4316118,4318672,6.784754335171356,1.4923969201609075,1.659832755560294,7.554090552136675,3.747986298179218,9.58538896873667,B
g24874,HiC_scaffold_6,4318734,4320177,1.57243102202546,3.204703928969915,3.008362444313004,3.3589151546027702,2.44575059735316,3.346419114901728,B
g24876,HiC_scaffold_6,4323250,4323493,0.9394879576317796,0.0,1.3119446316658905,2.436408241176645,3.338280860234755,3.493421710014047,B
g24877,HiC_scaffold_6,4325010,4327203,1.3970346187489926,17.420053971612838,47.902071436671264,15.069454315358229,56.20449416596763,14.841578958584442,B
g24878,HiC_scaffold_6,4328009,4331195,33.17939790736282,79.71364110086165,408.3001380932795,55.30013021213827,65.88176372817834,113.54674172040583,B
g24879,HiC_scaffold_6,4331956,4333104,2.6246304092944803,0.6207395761984624,7.858106172296075,9.05257270864942,7.975109340688821,12.32802404185151,B
g24880,HiC_scaffold_6,4333369,4335132,14.24246756906006,17.26485529536542,34.002832635780244,88.12351240713974,64.41577313420103,79.45483902260304,B
g24881,HiC_scaffold_6,4335476,4336160,26.346276794618845,19.17735801738393,54.33623272941905,31.569680228220392,32.4903121280647,40.81123159179263,B
g24882,HiC_scaffold_6,4338193,4340038,0.0210950531438983,0.0,0.0,0.5776324516006757,0.744042696903847,0.8049810699884283,B
g24884,HiC_scaffold_6,4348674,4349782,0.0377826743065871,0.0,0.0,0.0,0.0,0.0,B
g24885,HiC_scaffold_6,4351290,4351979,0.0,0.0,0.0581833942874919,0.0,0.0,0.0,B
g24979,HiC_scaffold_7,251353,252811,0.2051902837272047,84.72152534090759,235.89601701417143,63.25217380340733,106.24865225712304,1.419455061224127,B
g24980,HiC_scaffold_7,253955,254777,1.5653358047782455,11.71404947272049,9.368613777423032,8.021354618453177,9.12480993512059,12.143497555424878,B
g24981,HiC_scaffold_7,255251,255608,5.0475447848090464,4.296266048160782,6.300468612740843,5.267606046308872,3.0306949191868293,7.733521948901149,B
g25041,HiC_scaffold_7,435036,438992,0.0,0.0177326253827409,0.0,54.27890572893583,48.113838930448416,20.03290488816577,B
g25254,HiC_scaffold_7,940312,941885,11.758432030791347,16.319648344307595,16.113266555391668,28.669631092354408,74.50890426674187,27.771902991696493,B
g25283,HiC_scaffold_7,1001688,1009441,2.1880219574102435,0.1005733336069226,0.137850036420771,25.401721028205305,35.71719485798067,65.69397119215537,B
g25291,HiC_scaffold_7,1037510,1037966,0.4968275266923502,0.1798928180275428,0.0,0.054659210447353,0.0,0.0,B
g25294,HiC_scaffold_7,1047025,1047718,0.3269168141005941,0.0,0.1037729802876479,0.0,0.0,0.0,B
g25296,HiC_scaffold_7,1049390,1053839,0.2799397477221302,0.0089090648209061,0.0,0.0756441301763616,0.1098311579150075,0.2981929502712055,B
g25302,HiC_scaffold_7,1097543,1100869,1.0743627100747783,0.9197848538439845,1.1473667256564293,0.5797180092675137,0.8153350938723274,0.345882812796217,B
g25303,HiC_scaffold_7,1100918,1102178,1.1097146714926691,2.0483045561521545,2.038787372353436,0.9137652543521062,1.6459954526175582,0.505975098706882,B
g25305,HiC_scaffold_7,1110142,1112065,3.067135705228308,8.121211514019691,13.29054286767487,13.275932800873136,11.670768707951476,11.055051448614652,B
g25306,HiC_scaffold_7,1112075,1113974,3.3501189276434644,6.258813134270799,6.00188147823595,9.935623351135686,7.296951846398811,7.7238071985297,B
g25307,HiC_scaffold_7,1114082,1115597,1.029141018403409,2.638350207856468,3.2910180451693822,6.475506276354091,4.8167850318406575,5.430547025037344,B
g25308,HiC_scaffold_7,1115697,1116728,2.12297897221098,8.077363480320487,5.544081706060176,14.879273693846644,9.789863947061384,10.009554193872605,B
g25309,HiC_scaffold_7,1116882,1118388,0.3490841871487226,0.3194911587960222,0.9916075396835158,1.1131761009042511,0.5955531884692371,0.7403569576029168,B
g25310,HiC_scaffold_7,1119301,1122493,2.0773887740062698,0.1781645810324695,0.5231637366615223,1.0118143050673636,0.3462402022486467,0.865030495677183,B
g25311,HiC_scaffold_7,1122882,1124337,24.367614439678064,0.0817245966767243,0.4387679312107624,1.1638659463093726,0.5226528666511565,0.4746954251582236,B
g25312,HiC_scaffold_7,1124543,1133150,12.996955831156368,4.617649698466679,23.510470191899245,28.26342900339114,8.842967483420649,19.98554039087983,B
g25348,HiC_scaffold_7,1215261,1216428,0.0,0.0,0.0609360980439619,0.8610193516057596,0.0906132864806106,0.0,B
g25370,HiC_scaffold_7,1260794,1262641,1.5310511399049729,3.244079905111553,5.702184814376604,3.189113292042161,14.537962487517682,34.73565146656935,B
g25371,HiC_scaffold_7,1262990,1263741,114.84522544011296,211.1011313190807,178.41459269334987,277.3714092759624,244.85271538656588,168.3608526356753,B
g25372,HiC_scaffold_7,1263968,1265514,0.7769000901904094,0.1944696824807612,2.4600717421825737,5.244023652938585,5.045592689083553,7.0350605769883305,B
g25373,HiC_scaffold_7,1265624,1267834,14.254681184122948,17.76837592686135,19.51711618552294,21.62507880485735,16.30687196536106,20.805408499446195,B
g25374,HiC_scaffold_7,1268846,1271201,124.55304878000123,25.3083480858456,49.660406898662,22.330246539373785,37.11231016368815,66.01738627277528,B
g25375,HiC_scaffold_7,1271419,1272073,0.4591896279039318,0.283117352772938,0.3386306019871599,1.0868294859906575,0.3878085885427528,0.1265552838917718,B
g25376,HiC_scaffold_7,1272127,1275762,1.826712766505812,3.3049501048702314,3.0191224451534424,6.10711775488135,9.392808947583276,4.99629700046652,B
g25377,HiC_scaffold_7,1276308,1279366,12.251568164273484,11.509957312961545,37.33248278074983,10.88757171863386,12.104067358903842,16.062037564007333,B
g25378,HiC_scaffold_7,1279516,1280882,102.89091425402302,41.9711705971673,7.049059509290597,28.57652141814274,27.34988302634769,13.054982192795393,B
g25379,HiC_scaffold_7,1281017,1282524,95.66576191934216,75.01643327309452,39.95100239126732,171.562839691114,92.56087868057192,98.4466330179658,B
g25380,HiC_scaffold_7,1282691,1283816,1.8155241000986904,6.961030739319353,11.305634628029186,13.405668080000437,8.653770889551517,7.407906833639575,B
g25381,HiC_scaffold_7,1284006,1285599,2.846548327997399,4.31968889487713,4.265440579410957,2.9623628770148747,2.9045574397061573,1.8993743958561549,B
g25382,HiC_scaffold_7,1286380,1287775,3.144394537460779,30.6353511089481,154.90947174062163,27.90155704721455,92.01593138462324,35.163084805217665,B
g25383,HiC_scaffold_7,1288856,1289567,0.209159783503132,0.2249294664907365,4.290596477701442,0.6223623105794188,0.9133444502812956,2.761264473692952,B
g25384,HiC_scaffold_7,1290235,1292971,0.0,0.0159345619698056,0.0,0.0,0.0,0.0,B
g25402,HiC_scaffold_7,1354281,1356449,0.0,0.0,0.0578684588438412,0.0,0.0,0.0,B
g25407,HiC_scaffold_7,1363270,1366309,0.0,0.0153616338989811,0.0,0.018670112332579,0.0,0.0,B
g25408,HiC_scaffold_7,1367968,1369363,0.4060095917055766,2.7968720715505944,19.32187552611051,2.853546068732581,8.698652574798036,3.462675853062714,B
g25415,HiC_scaffold_7,1381620,1382182,4.261139719367113,6.381864353050244,2.430754511924164,10.715126780996124,8.152765387945376,7.460130984796457,B
g25416,HiC_scaffold_7,1382280,1383738,0.3665513672908296,0.0815564390703936,0.0986483886685048,0.6453989040478918,0.6825733683478469,0.472868187811921,B
g25417,HiC_scaffold_7,1384098,1384773,1.2005317747097746,0.0,0.1586218727214422,7.351154955427056,3.470488270828077,4.873495511271738,B
g25418,HiC_scaffold_7,1385679,1387386,4.302487671436467,1.129907521941092,2.128384146841695,0.8925882267080889,0.5532804001122134,0.6526347737659149,B
g25419,HiC_scaffold_7,1387454,1388882,1.3481176429488049,0.1675053987754456,0.8740039092800955,0.604403059036531,0.3036662775214346,1.8206286035257595,B
g25420,HiC_scaffold_7,1390851,1394043,16.169242441275117,9.046851660095868,3.409132081301218,18.3232391682049,12.676794627540955,14.332570036367262,B
g25421,HiC_scaffold_7,1394222,1397281,4.2796125890543735,4.162284249396707,2.652090336619407,3.9593907111854807,2.238173593582316,3.2786079959769983,B
g25422,HiC_scaffold_7,1397871,1401010,14.444982501896938,3.5847768354449343,7.452437534957732,6.783295879869662,5.925466901234111,8.650866525787562,B
g25423,HiC_scaffold_7,1401850,1404074,61.281931480045294,9.350530053961776,10.403291143269808,25.349730608280403,25.13137740710257,59.7101460430012,B
g25424,HiC_scaffold_7,1404763,1405740,4.407940028762215,4.199952302680322,10.350808272946251,30.388502824421742,24.41841382255454,35.55583455236696,B
g25425,HiC_scaffold_7,1405952,1416643,1.0046617764092427,0.0310582506527396,0.0305082850722458,0.1731070897406486,0.0873250696599937,0.1975826160470251,B
g25427,HiC_scaffold_7,1416942,1417359,8.17474969103046,4.091043067314764,2.0583230522333045,43.935887728098585,26.66697343405912,35.5674101826895,B
g25428,HiC_scaffold_7,1417602,1418157,0.140253596578351,0.0739019144329365,0.0633425022479884,0.7354672092629382,0.722175575071026,0.668725252811231,B
g25429,HiC_scaffold_7,1419565,1420520,3.022647163992613,0.2688399729949702,1.532301055975637,0.6837852062411968,0.8331192199647939,1.1197123559436983,B
g25430,HiC_scaffold_7,1424112,1424445,1.5839729951314925,0.9687926954773703,2.341831663135826,2.951997649446275,1.861128200950593,1.7530191959411705,B
g25431,HiC_scaffold_7,1425439,1429528,0.5858745203723215,0.1083141083102633,0.9135260477411415,0.7764855562991102,0.4014145483733005,1.6736206906750486,B
g25432,HiC_scaffold_7,1432133,1436558,47.84972311548704,4.532773239893119,10.949734682618944,8.712036294349273,10.216996060537992,18.3074441683102,B
g25433,HiC_scaffold_7,1438733,1442571,1.5690607807004788,1.219099630473688,8.761888620438262,2.774678862731664,2.3381994755869604,2.1913285767621287,B
g25434,HiC_scaffold_7,1444086,1444560,0.8395539972165443,0.688495226777988,2.424273038355928,1.5049560085711875,1.510513268169001,1.5489017154235896,B
g25435,HiC_scaffold_7,1445113,1448221,2.9184227528304345,5.016892305763008,4.186029245118626,8.418844462536997,6.6596121580555305,6.602203364353928,B
g25436,HiC_scaffold_7,1448475,1450347,0.2401828318791677,0.0438200454169655,0.1131051182734176,12.536353332321104,16.237706233027524,52.55213292975155,B
g25440,HiC_scaffold_7,1458179,1459343,0.0,0.3100217043471711,0.7324285808295589,8.481653670915552,10.01595321022187,7.434754750023386,B
g25441,HiC_scaffold_7,1459417,1463335,0.1048243716761892,0.0924564566059661,1.146942597234493,2.408934506751109,1.5837196899621893,1.9511111204733893,B
g25442,HiC_scaffold_7,1463504,1465178,0.4303002694733802,0.0,0.084481842241679,6.206571687203221,3.7269456437926873,9.83152183796033,B
g25443,HiC_scaffold_7,1465558,1467232,1.049034784345935,0.2866036750446482,0.6396043254896867,28.43558471295478,15.445359491267126,97.74608584528336,B
g25444,HiC_scaffold_7,1467804,1468815,0.4464534943725152,1.8508278733712584,1.0566675510421628,1.2112293802401506,2.3316499741143826,5.249517068164285,B
g25445,HiC_scaffold_7,1469771,1471514,0.0883185718124836,0.4117000162673603,0.8191992374069572,0.8831321127476266,0.819751816036586,1.552945552031893,B
g25446,HiC_scaffold_7,1472051,1473242,0.888673768113514,1.4116537630308117,0.5668907863168478,0.5101436615053522,0.6811102007028089,0.4898785775017222,B
g25448,HiC_scaffold_7,1474522,1475725,7.880601898672085,0.2306359149771231,0.1793383424921197,0.0427384180222996,0.0228609215558021,0.1322939744470272,B
g25449,HiC_scaffold_7,1476491,1477463,2.2650520039903483,0.0,0.0,0.2067509430707657,0.0271979694760474,0.2180996543729005,B
g25450,HiC_scaffold_7,1478768,1480028,1.3918654826457355,0.5087924887473995,0.1407777314144767,0.161977897278147,0.1939042942713763,0.0421850946305906,B
g25451,HiC_scaffold_7,1480110,1481216,68.50810761634317,6.981047647755929,11.999586123521423,6.30191487914749,4.887860766911775,5.379819364626062,B
g25455,HiC_scaffold_7,1491413,1492538,4.414364473885239,2.1871780617466783,2.536999150005849,0.6107113347585555,0.8338293948320685,0.6136638552545394,B
g25456,HiC_scaffold_7,1494491,1495705,3.4483318318020646,0.0346775410220571,0.0,0.088594502894849,0.2081608372497491,0.2790195235409142,B
g25457,HiC_scaffold_7,1496012,1497181,3.4754196147634184,0.8811424086793783,0.5809015774446086,5.624476437280833,3.4494882050368387,5.64214284988006,B
g25458,HiC_scaffold_7,1497376,1498117,1508.0924984301028,2222.941397191757,1973.7870603113824,1943.1703245558813,2418.813131726185,1786.42731492339,B
g25459,HiC_scaffold_7,1498272,1499350,6.4076098090185525,0.9059314451249768,0.6635013964190575,8.886374368066708,3.908979860794229,4.2667194528545,B
g25460,HiC_scaffold_7,1499774,1501391,3.912573202446085,0.248534833871606,0.5919665339557642,1.604179378955486,0.8142796142383586,2.493249532643804,B
g25461,HiC_scaffold_7,1501399,1504172,2.831907381068768,1.072127252106152,1.7833507541661793,1.7481400075311442,1.335612341332058,2.0938068846697364,B
g25462,HiC_scaffold_7,1504445,1505177,481.07072609350087,52.28590929338937,8.613500474454774,23.86140320265373,16.73490902715074,14.646789567192606,B
g25463,HiC_scaffold_7,1505399,1508252,7.55073951615698,1.89886953677518,1.7400544974968803,3.606217135495752,2.713909096687429,1.990979428632133,B
g25464,HiC_scaffold_7,1508427,1510466,8.435787392781753,6.0131651670562345,8.941612877495912,8.811152566570637,7.399567582720813,4.483862369991201,B
g25465,HiC_scaffold_7,1510616,1511081,18.763864521178206,3.3221506326235417,4.364541987355439,1.7121276412395483,2.26077550669964,2.510775880638322,B
g25466,HiC_scaffold_7,1511270,1512423,13.947909172358798,3.720136377744568,3.78751083564571,16.243365921211897,8.092083735377141,8.166169924187539,B
g25467,HiC_scaffold_7,1512470,1514624,2.5986987509716,1.186647792272276,0.5794232044809546,2.1329717099650565,1.3581436191168712,1.6013830706851973,B
g25468,HiC_scaffold_7,1514674,1515880,0.5004656152130689,2.297488465141261,1.5655799504209855,1.595459444982497,1.1654948390744502,1.9364275086546416,B
g25471,HiC_scaffold_7,1532108,1533323,12.269293174507602,4.410313164874418,7.880369929755379,22.42200915441925,16.07539006402579,21.006829258992205,B
g25472,HiC_scaffold_7,1533559,1536203,0.833399209179373,0.0602284324673711,2.7060506114365195,10.190561081245557,5.768546558646444,19.07783755218646,B
g25473,HiC_scaffold_7,1537491,1540359,0.2866403032423557,1.6518630017740925,1.281367721275123,2.1176412718885302,1.3986696778437628,1.035312089314424,B
g25474,HiC_scaffold_7,1540654,1542242,32.365940319350614,36.44026626835215,43.96502040104643,24.976225389010057,24.974825593747383,31.665269225039403,B
g25475,HiC_scaffold_7,1542987,1544526,0.4406180745550241,3.6499497693420135,2.9286460336557782,3.613067031953793,5.557973914650646,7.407040663633488,B
g25476,HiC_scaffold_7,1545938,1547361,0.0706715552245647,2.945568718609981,2.626980614444447,0.9664860614624488,1.7412030446102968,0.9398912414421272,B
g25477,HiC_scaffold_7,1547773,1549185,1.0959745742573104,1.2576512809144578,2.740333830773229,0.4743194708007926,1.0105456869483724,0.5507593010340006,B
g25478,HiC_scaffold_7,1549868,1551055,0.7183224375134808,0.6859358032926802,0.4789843830760137,1.8595311894137003,1.5968533318631826,1.1419688493312052,B
g25479,HiC_scaffold_7,1552103,1554007,5.70354915956182,4.634432736487091,6.253844694002861,20.612385846429035,11.980620232415568,15.805616972567543,B
g25480,HiC_scaffold_7,1554886,1558872,76.59969496586632,11.584226154783805,10.822310046086656,9.530571255727834,10.412818030312843,11.660812492950852,B
g25481,HiC_scaffold_7,1558921,1561052,5.529682226941888,1.860798248628496,3.917394710168292,4.337290204024019,4.9737973606844434,6.590203971025481,B
g25482,HiC_scaffold_7,1566450,1567007,0.3093435958055859,0.2472917772535993,0.6496032406846501,1.2128913688301752,0.8813728542695298,2.481654492226062,B
g25488,HiC_scaffold_7,1585322,1588123,0.0,0.0,0.0132001973824045,0.0091499999867815,0.0,0.0,B
g25490,HiC_scaffold_7,1589709,1591187,0.0833412699154013,0.1131661081747646,0.1266095228995293,9.06199444811855,7.862168598456081,2.4627474329675163,B
g25491,HiC_scaffold_7,1592356,1592620,1.1398093000268,0.4608619485180714,1.0653057196252596,0.4957707107247232,0.2043110415240459,0.0,B
g25492,HiC_scaffold_7,1593328,1593913,109.61334092688487,0.9020269746074584,10.493658165478966,0.2609877498968186,0.0,0.1817204076394672,B
g25493,HiC_scaffold_7,1594582,1594885,0.5080503982480494,0.1308132983109284,7.982259891453326,0.0,0.1815292978985477,0.3498232080040583,B
g25494,HiC_scaffold_7,1595615,1596995,52.1660900300672,6.414790757337002,15.981983740238125,15.599861661450724,11.780549071311375,15.924849389404764,B
g25495,HiC_scaffold_7,1597106,1598891,2.1275146163944334,37.67749811537405,21.41496462221156,28.58873981541845,26.22860860944751,15.727267904656918,B
g25496,HiC_scaffold_7,1599141,1601934,0.476495907331415,2.71290721055924,0.5349671334355214,11.114481135422825,6.0888972490015245,8.000452784669456,B
g25497,HiC_scaffold_7,1602319,1603240,8.912592885389735,9.80145734877496,5.92139289055055,15.433995606813294,18.79710522589276,16.586341159245826,B
g25498,HiC_scaffold_7,1603329,1604948,1.307296064318685,1.017232330251239,0.8335709840963809,2.150212316481868,1.983671488962222,2.295166167506141,B
g25518,HiC_scaffold_7,1652348,1654577,51.62134953106583,8.906295744933026,11.01092528791114,11.558863432086769,10.926059967769584,29.83775173300909,B
g25519,HiC_scaffold_7,1655267,1656246,10.862404208681497,12.65386868154771,20.689554458227,44.9841144711,31.09178168963755,47.37244344041896,B
g25520,HiC_scaffold_7,1656458,1667147,0.6881301861839959,0.0149616288403885,0.0133057210996918,0.2040488730256869,0.0553081429492006,0.094307337149704,B
g25522,HiC_scaffold_7,1667446,1667863,7.983234671780538,3.0557901526412508,2.055416353240419,54.05064304421694,32.66033298445538,34.61459845016054,B
g25523,HiC_scaffold_7,1668102,1668498,0.2948513109885788,0.0,0.0,0.5704204965373163,0.3364833180669256,0.1342253010973337,B
g25524,HiC_scaffold_7,1670119,1672365,4.10281574609121,0.9557616486934394,2.764649273548817,7.991401763369528,5.417953712820865,7.925103023287493,B
g25525,HiC_scaffold_7,1673382,1677468,0.6902301943935922,0.0595533795441853,0.157420664083181,1.6021739394277632,0.883926377355727,1.935325358452421,B
g25526,HiC_scaffold_7,1678080,1682174,0.0192484535363464,0.0,0.0,1.7374365262976297,1.00629806941467,2.216996461370396,B
g25529,HiC_scaffold_7,1696814,1697885,0.3981156694888944,0.0382965102803732,0.0335736112695331,0.4014740123242228,0.1007247711715184,2.278326780286922,B
g25530,HiC_scaffold_7,1698048,1700910,15.292410559302889,0.3128744617805076,0.5354742446265517,0.5514299978257216,0.2353926645279159,0.4823318196641701,B
g25531,HiC_scaffold_7,1701174,1705599,56.90342618374978,4.801575796457664,11.014709787146714,6.294592029075571,7.061625452822336,11.109545708718487,B
g25532,HiC_scaffold_7,1708312,1709095,1.3042558190364155,2.5786182167387155,4.502272957407105,3.092168894326137,1.9342634331409887,1.763005961531105,B
g25534,HiC_scaffold_7,1713506,1716501,1.3284107639649343,0.7171706557969542,8.673497143398142,1.4342683480432314,1.3370242699236985,1.5440874421831214,B
g25535,HiC_scaffold_7,1717880,1718723,0.633964286488766,0.6210538324782419,3.1278475918084068,3.1474676497004803,2.7788607150758624,2.077789066653722,B
g25536,HiC_scaffold_7,1718899,1722007,2.8886640486518536,5.1043632444656,6.0533535690732565,5.004677381771481,3.5470606202464703,3.846771766958422,B
g25537,HiC_scaffold_7,1722252,1724124,0.2420441796706322,0.215416645028021,0.6112269305839468,0.4103015594587157,0.5886767834802057,2.155280212993385,B
g25539,HiC_scaffold_7,1725964,1727128,0.2919501960975667,1.132006960193688,2.574182900851536,19.768697727679427,25.83853726642652,21.940547999886995,B
g25540,HiC_scaffold_7,1727202,1731105,0.0485204203571688,0.1134758874918438,1.5442097445575127,1.878128536156397,0.9164642030052692,1.3738854762520591,B
g25541,HiC_scaffold_7,1731275,1732949,0.1818363788964734,0.0718568824890694,0.2119234666454488,5.049815125847961,4.381432719580904,9.036419970594372,B
g25542,HiC_scaffold_7,1733329,1735000,1.3241624035931414,1.0372999756173096,1.5564441545331045,11.828697509012436,7.867774770138293,46.352893411956416,B
g25543,HiC_scaffold_7,1735565,1736576,0.633768232902713,0.9126319890261207,0.527143495221324,1.547204621645011,3.0418819821589294,4.0436674425341455,B
g25544,HiC_scaffold_7,1737503,1739242,0.4790638412628832,1.3065215750317056,1.0201010605995635,0.5202613416942214,0.5940710991962269,0.886547469497879,B
g25545,HiC_scaffold_7,1739805,1740996,0.2867945002438104,2.42742192296143,0.9291813421825404,0.3204824384753124,0.1598499545084686,0.4898785775017222,B
g25547,HiC_scaffold_7,1747978,1748509,0.7832929431746548,0.1544842279106582,0.2031488003936158,0.0968254555194471,0.0,0.3998170819102034,B
g25548,HiC_scaffold_7,1749636,1750839,20.63056719735797,0.7022254490864952,0.3560091906466286,0.0427384180222996,0.043950833467528,0.2209194481901253,B
g25549,HiC_scaffold_7,1751518,1752622,2.74141192699172,0.0,0.0,0.1594540912144848,0.0239460383430417,0.0481460319153479,B
g25550,HiC_scaffold_7,1754837,1756097,0.3328674570566374,0.1258299345657502,0.0837025922562704,0.990406655899956,0.8326429254075466,0.5896071773874474,B
g25551,HiC_scaffold_7,1756180,1757277,72.77398094112836,6.314619523229992,11.198770510713953,24.70974533981338,18.19834374176374,15.484519639890122,B
g25552,HiC_scaffold_7,1757650,1759099,0.0,0.0298512099783695,0.0,0.0,0.0200157850302983,0.0,B
g25555,HiC_scaffold_7,1767484,1768609,6.794789035198339,2.081480916711448,2.3388086910579835,4.7139096974621895,3.628668924732328,3.396294805342228,B
g25556,HiC_scaffold_7,1770567,1771737,19.22597844779284,0.3809014146365843,0.1536638361951709,1.773706672979222,2.214666703243191,2.0871350601285856,B
g25557,HiC_scaffold_7,1772044,1773228,5.391059078513571,0.983550735665762,0.7718524828498328,5.902393788594015,2.843198373166467,3.710102108727335,B
g25558,HiC_scaffold_7,1773423,1774164,1507.0523060918524,2221.9673282049744,1957.145588339201,1506.7617960503003,1822.0605427539017,1383.0495669476318,B
g25559,HiC_scaffold_7,1774319,1775397,7.08760768036916,1.420566262675199,1.256498209172095,5.29844306515076,2.748741878177638,1.872956694122552,B
g25560,HiC_scaffold_7,1775821,1777438,4.1579437132468415,0.6712146306892137,1.517489075978968,1.2958973756902663,0.7462482261576413,1.8044817204146404,B
g25561,HiC_scaffold_7,1777446,1780204,2.5978090192326486,1.073999274280807,1.727202467480312,0.4956515531707408,0.438799681968455,0.84642134560277,B
g25562,HiC_scaffold_7,1780476,1781208,551.7117907546556,60.5984186561771,10.377510256449272,47.1526691644672,35.75937044590296,26.39538422629247,B
g25563,HiC_scaffold_7,1781429,1784282,10.53731541197683,1.825537881704165,1.475665488684741,1.661702919433231,1.2084746962448762,0.98612006382914,B
g25564,HiC_scaffold_7,1784458,1786496,7.464686557879339,6.401591507341815,8.572976441219268,11.48168902532966,8.165542408719057,5.848391438919297,B
g25565,HiC_scaffold_7,1786646,1787111,12.461360635928507,5.944588934412456,3.068950584684494,12.67497857604507,10.485452887375414,6.733505014486811,B
g25566,HiC_scaffold_7,1787377,1788223,14.644849910169874,8.952866585531153,5.9894051709175695,6.418985714067992,3.7477964849363,5.94712277006424,B
g25567,HiC_scaffold_7,1788270,1790424,2.079554141283849,0.949351514333306,0.9266301918369166,2.443998282111568,2.195777646733577,2.760171955976082,B
g25568,HiC_scaffold_7,1790474,1791659,0.8961138404125034,2.1709611325057416,1.4436366908231797,6.178012637047573,4.437496690024039,7.655038072036497,B
g25570,HiC_scaffold_7,1795352,1796567,13.140899723603775,4.73767401014535,7.9441809732068975,12.124073911333571,8.835024698449473,15.065588433271488,B
g25571,HiC_scaffold_7,1796803,1799443,0.9044849473120729,0.137157744474604,3.8163675008419946,8.749965389698893,5.812059353409225,16.088282922293736,B
g25572,HiC_scaffold_7,1800696,1803567,0.3015092752544935,1.7258473217509158,1.2638279867884246,1.0338632741445315,0.5802391221241199,0.7144146974632969,B
g25573,HiC_scaffold_7,1803862,1805450,29.418768112305568,40.03509268643886,50.13116084549878,93.93034951447052,84.56925167928324,101.0085819322794,B
g25574,HiC_scaffold_7,1806195,1807734,0.3635591112313127,5.25862518650104,2.8324401806540296,2.7937992399011944,4.31332435035392,5.019304263536164,B
g25575,HiC_scaffold_7,1809323,1810572,0.1015023979263941,6.948927796015914,7.579182346818047,1.104281799450712,2.617545077396141,0.7609421881516774,B
g25576,HiC_scaffold_7,1810984,1812402,1.2913312436568611,2.1496982038693413,5.220259596749171,0.4546974582698048,0.6948578290267237,0.5113865460454494,B
g25577,HiC_scaffold_7,1813142,1817279,1.8426487631383075,1.8429322889742448,1.3937960646313785,3.286827843399144,2.017048047540098,2.434043379384579,B
g25578,HiC_scaffold_7,1818172,1819429,157.0930298570854,18.4971046131176,12.791909991671416,9.955189903407632,11.930729104323472,10.979257444634928,B
g25579,HiC_scaffold_7,1819506,1824336,19.947443566589207,4.717365896042395,6.374454556278732,5.873832005964894,7.287483139167167,8.946552653489848,B
g25580,HiC_scaffold_7,1826089,1826578,0.0,0.0,0.0718917970299255,0.0,0.0,0.0,B
g25587,HiC_scaffold_7,1850809,1851694,4.193010157269795,1.504460376142528,3.254750728092444,0.8397287224211559,1.312166514284579,0.8404915964291068,B
g25588,HiC_scaffold_7,1852324,1852627,0.1227001700253522,0.5278047877059858,16.660660154146917,4.165398383798562,10.059525170043315,18.57030060795073,B
g25589,HiC_scaffold_7,1853340,1854720,55.43727577458516,7.931322923999728,25.945334574514032,4.227989229141977,3.139056712036494,5.232672213624305,B
g25590,HiC_scaffold_7,1854831,1856618,2.3673579038455648,47.576376251849645,25.828180384361943,34.26825297092742,28.90834947004036,14.727000879868209,B
g25591,HiC_scaffold_7,1856868,1859649,0.5988696270534979,3.004705895589895,0.8834911296462197,19.688411922912326,9.43544409767988,12.19681270896314,B
g25592,HiC_scaffold_7,1860032,1860962,7.519379058119265,8.613493771206125,6.191454872276134,1.8821063855428093,2.039806301440149,1.6170750279013766,B
g25593,HiC_scaffold_7,1861051,1863349,1.2081090042761635,0.0929123989409548,0.1490859336956281,0.953896407826203,0.3917056496792968,0.7462759114119067,B
g25594,HiC_scaffold_7,1863538,1864138,2.598581071468608,0.0,0.471408679708569,12.03423824559445,2.92253561237795,4.246574087292792,B
g25595,HiC_scaffold_7,1864364,1865412,1.6599817803183918,0.0,0.2218181394179397,2.0498035950843043,0.6373840725642146,0.7127779603768993,B
g25596,HiC_scaffold_7,1865914,1866805,0.0,0.0444853304020329,0.1990796201820882,0.6382578222163549,0.3038786050647052,0.1786191372163567,B
g25597,HiC_scaffold_7,1867563,1871520,0.5076499631435347,0.0103653177938538,0.0270583179395939,0.4795342690044484,0.169446049779166,0.2012555646162714,B
g25598,HiC_scaffold_7,1871733,1872225,0.0755653486131742,0.0,0.0714534324138893,0.9816221565709544,0.5589774112119914,0.0,B
g25599,HiC_scaffold_7,1872855,1874415,30.45544500498836,8.247245497654266,15.29810139669401,18.21839252006496,14.73719862768403,32.11165207906621,B
g25600,HiC_scaffold_7,1874571,1876086,4.664885118793392,16.765785316965786,53.75134937350974,16.614280230455037,18.41504196907256,28.63222383457468,B
g25601,HiC_scaffold_7,1876685,1877909,0.6824685855531902,0.0971481112456159,0.7820342201033257,1.5986576830846664,1.028178898739731,2.29701021522989,B
g25602,HiC_scaffold_7,1878698,1880735,111.03790151627229,76.26600873037674,114.6121832086656,55.21612113696358,55.19707257071812,82.28087437912481,B
g25603,HiC_scaffold_7,1882009,1882282,26.272614368720944,34.42501763999459,40.03965119693252,146.68348093769495,87.53816957889077,111.7968256193828,B
g25604,HiC_scaffold_7,1883273,1884158,0.0789345042838253,0.0,0.0,0.2712382881648533,0.0583899970947557,0.9014983885109044,B
g25605,HiC_scaffold_7,1885029,1885926,0.2111206250323634,18.748774335971817,3.0589133600685177,1.1620650949744638,3.5491741095557736,6.396608271277637,B
g25606,HiC_scaffold_7,1886319,1887204,3.4512930078235367,0.7722861372362391,0.6437306895598474,0.2323810932466732,0.3991648621554151,0.5401909227876144,B
g25610,HiC_scaffold_7,1898067,1899237,0.0332652761115319,0.0,0.0,0.3102824376679198,0.2540104815755304,0.0454301019098668,B
g25611,HiC_scaffold_7,1900493,1901944,0.0,0.0322247393400092,0.0,0.0,0.0,0.0432139993776781,B
g25621,HiC_scaffold_7,1934937,1935258,0.0,0.0,0.109517410428765,0.0,0.0,0.0,B
g25622,HiC_scaffold_7,1936174,1937799,0.2300149830238237,18.672117203210696,26.86469442431468,4.512668029327674,8.297906561842655,1.6442006827653777,B
g25623,HiC_scaffold_7,1938434,1940146,2.816168145685793,0.3902041224641577,0.2808691788457744,3.499355993272433,2.800462762932434,3.153785076024079,B
g25624,HiC_scaffold_7,1940245,1940749,0.0772229624017706,0.0,29.07432304408464,1.6322005358992528,2.646298279837332,49.084126029586734,B
g25625,HiC_scaffold_7,1941642,1942506,0.0,0.0,0.1248518669085764,0.7663491338418773,0.2827770958124239,2.087730767467658,B
g25626,HiC_scaffold_7,1942667,1944971,17.359347651409145,3.5510888207124047,1.021671142391209,7.7251494542026915,8.651387428098921,6.751160085157207,B
g25628,HiC_scaffold_7,1949192,1954639,0.0076169128288632,0.0,0.0,0.0,0.0,0.0,B
g25629,HiC_scaffold_7,1955047,1961539,4.251026397367255,16.23142246017023,7.308962070309343,11.846857151581675,7.502810895810564,8.919521014435347,B
g25630,HiC_scaffold_7,1961597,1964030,3.6840882377204096,6.940063095299237,4.870631775588368,14.106989836801874,6.090013432031261,7.0677815442466265,B
g25631,HiC_scaffold_7,1964278,1965028,4.353158061163663,4.580803343627748,5.718505664882397,23.58649964214541,14.557978373678637,18.07738796481797,B
g25632,HiC_scaffold_7,1966340,1966775,1.310040973551496,0.1822364569572933,0.0808162959715714,0.0,0.0,0.0,B
g25633,HiC_scaffold_7,1968099,1968564,0.0,0.0852396330929275,0.0,0.2211368467992536,0.1182868328242149,0.0,B
g25637,HiC_scaffold_7,1981563,1986372,0.0,0.0,0.0073102700660498,0.0495752655960701,0.0167133585554306,0.0,B
g25640,HiC_scaffold_7,1995626,1997045,1.2296483453828286,4.256490900643559,6.2509720991329685,15.066977850312249,9.069522189726902,10.943915518134618,B
g25641,HiC_scaffold_7,2000641,2002090,191.95007408899696,392.46989375030586,346.61891466599525,286.7207396503505,364.41087473680346,264.2280266700944,B
g25642,HiC_scaffold_7,2002387,2003015,48.36145997357907,0.0718051257032813,2.6489440409889915,9.08537373193548,5.638816783504694,38.4483096153386,B
g25643,HiC_scaffold_7,2003960,2005001,0.2940790776229657,0.3847278513432455,0.4090992407125696,0.9548232813981684,0.8300433253587722,0.1021195374342827,B
g25644,HiC_scaffold_7,2005313,2006288,56.91274211766897,20.84292054547935,87.42095675326335,11.310106533228662,16.585217163593068,38.42288354067006,B
g25645,HiC_scaffold_7,2007672,2008647,17.210327006796376,19.65445700398105,162.78731255837295,63.3062079001304,105.98338460398924,248.04666092088092,B
g25654,HiC_scaffold_7,2038455,2039789,0.8017833605251375,1.1220454201160368,1.9373194982139508,0.464490508391296,0.3374689855663678,0.3556161984829447,B
g25655,HiC_scaffold_7,2040232,2042120,0.1039951678495497,0.0442899461276721,0.0390513050067563,0.6390707769494357,0.5953259806433397,0.728363772274978,B
g25657,HiC_scaffold_7,2042603,2043248,2.0552347357801706,0.3729873528269842,0.6639985369734794,0.0,0.0426382769482635,0.0,B
g25658,HiC_scaffold_7,2043641,2044225,33.840229636710845,50.74632734033296,47.71323578354985,85.46661472691022,67.6818617543039,62.59714701660907,B
g25659,HiC_scaffold_7,2044455,2051366,1.2149891182106705,1.1420964693135809,2.557688146278012,5.232847424492367,2.3254430691030583,5.2393793014177845,B
g25660,HiC_scaffold_7,2053037,2053955,9.574182980595168,118.02314726149837,58.04873146867492,116.09250673929024,80.96770931969697,91.92869937332604,B
g25661,HiC_scaffold_7,2054075,2055599,17.678515762813024,6.601721510774366,7.157740068325033,12.664197056839694,10.31283263800666,12.895848903121106,B
g25662,HiC_scaffold_7,2055815,2057552,31.138407298522296,0.3462533715794542,0.4940487107310658,0.7058825678616192,0.2167539104407167,0.2444477495616787,B
g25663,HiC_scaffold_7,2058472,2060758,8.156308625485556,5.8379166790749775,41.248301310289776,15.518877419346934,14.544120324908766,52.35085449860162,B
g25664,HiC_scaffold_7,2062235,2063306,0.4263222664883705,45.82101768384403,136.22226409033405,1.1012129359041345,2.154641510803865,4.060068874496066,B
g25665,HiC_scaffold_7,2064069,2065137,30.41044730370964,70.89774109795339,18.95334439358464,0.0496062114547443,0.050503852961,0.0497689318675507,B
g25666,HiC_scaffold_7,2065673,2066741,62.59573215847385,119.13895470586364,55.654748615388925,0.0948160269745434,0.0495064163496594,0.0995378637351014,B
g25667,HiC_scaffold_7,2067357,2068569,0.5665255302362855,105.0647827840148,228.1321292059019,4.890140070257479,6.115979585872606,11.99142032901564,B
g25668,HiC_scaffold_7,2069497,2070802,0.4028511768934684,3.063969117260243,2.097645434946489,0.0,0.0,0.0,B
g25672,HiC_scaffold_7,2082580,2082997,0.1824904665903456,0.0983586630941961,0.0,0.0,0.0,0.1274657535600579,B
g25673,HiC_scaffold_7,2084468,2084885,0.2716467052418606,0.2884614419345381,0.764514497589476,0.0,0.0,0.2541880863914381,B
g25674,HiC_scaffold_7,2085610,2085919,0.2406352849040889,0.0,0.7989898710533054,3.99296548174233,1.464773574514382,2.233209808147243,B
g25675,HiC_scaffold_7,2087370,2087817,0.0831725984735609,0.0,0.0,1.707805745969115,1.0268604213208388,2.0194065048225385,B
g25676,HiC_scaffold_7,2088739,2094579,2.004844330310203,11.459484663116555,3.755545806909031,40.65396335772113,23.654575780257275,60.4969263863847,B
g25677,HiC_scaffold_7,2094728,2095058,2.295456977624606,0.0,3.4430131055538915,0.3823882326448647,0.0,7.879295915995887,B
g25678,HiC_scaffold_7,2096032,2096886,30.486174797732147,9.015087061621582,5.63835171202042,3.8957803847917,4.425868539586783,2.9390837751106065,B
g25679,HiC_scaffold_7,2096894,2100122,12.443940736176192,5.881220485378316,5.939207527609229,4.866466046281266,4.746953397532588,4.457949850106559,B
g25680,HiC_scaffold_7,2100236,2101865,10.488386357059644,3.967142759086732,1.7501013186423782,5.536637537705026,5.434691564603681,4.626327128841314,B
g25688,HiC_scaffold_7,2133346,2137441,33.77425729087227,0.078107375177003,0.0958050595062818,17.703347045861978,8.04873727963114,19.25781469735228,B
g25689,HiC_scaffold_7,2137533,2139423,3.4580751350258856,1.249732590994514,1.6606210314422194,2.022094425598386,1.7329689632224712,2.35859273412326,B
g25690,HiC_scaffold_7,2139500,2140568,1.9124200492612613,1.5461583653894797,6.790885061463415,2.870749380275324,0.9110642265206834,4.819168613182474,B
g25691,HiC_scaffold_7,2140691,2141759,13.73831296490602,186.5249835440067,33.9198715147949,8.453610467562804,13.527685123051274,9.143260321542185,B
g25692,HiC_scaffold_7,2142891,2143956,9.334301571742577,16.844001970295736,10.199579122594033,13.329491360780032,6.366407089898766,4.0890553050763545,B
g25693,HiC_scaffold_7,2144032,2145158,13.313672570788992,18.09914143777728,10.316225312639622,15.749871373220586,13.859268399112914,18.51457160273447,B
g25694,HiC_scaffold_7,2145384,2148940,1.1838778225267852,0.0,0.0611652465506846,5.031598303056459,2.058743945281177,4.276006121412761,B
g25695,HiC_scaffold_7,2149129,2151268,0.0173810900035912,0.0,0.0,0.7101228387714755,0.228442646827428,0.7440376402981479,B
g25696,HiC_scaffold_7,2153998,2154391,0.0,0.1008560544229295,0.0,0.0,0.0,0.0,B
g25706,HiC_scaffold_7,2166698,2167085,0.297206453795004,0.4239334626385506,0.9146192099287984,2.9669612056278365,2.1561831743282385,2.334895935367573,B
g25707,HiC_scaffold_7,2167207,2168836,9.325155707124434,4.389248732579842,1.5916486758775037,2.051450783285614,2.0820808280064216,1.7265012417268024,B
g25715,HiC_scaffold_7,2205460,2207092,0.0455614601932374,0.0,0.0,1.4987595422425877,0.8094063636195301,0.5851090119844626,B
g25716,HiC_scaffold_7,2210143,2214238,20.416795964929136,0.10680826773929,0.0872201782492284,12.979281526742046,5.967916334439927,14.928238449585614,B
g25717,HiC_scaffold_7,2214320,2216207,3.1569597636671807,0.6179152356772388,0.8095992552140816,1.9757303980153065,1.0256388790880029,2.5590263819836743,B
g25718,HiC_scaffold_7,2216290,2217359,0.932447536844154,0.4787031927270616,0.5984645348849461,7.1727859044014135,2.0847777370334857,7.317973441205368,B
g25719,HiC_scaffold_7,2217482,2218550,12.726608737495685,107.064189492072,9.181923787724312,2.049535569790048,2.383472748171725,2.0364624516875374,B
g25720,HiC_scaffold_7,2219323,2219764,1.7374419734244295,1.6522135903187225,1.293659658010207,6.422597523860595,4.450980166600208,3.971125117336122,B
g25721,HiC_scaffold_7,2221342,2222407,15.76189102532948,12.028052000600375,6.552718099493134,20.904249911830103,9.51446833503762,5.483308889756909,B
g25722,HiC_scaffold_7,2222483,2223609,12.820879534991237,14.472314910158914,8.737499409495749,16.157862053139905,13.81230047306674,19.179500870419822,B
g25723,HiC_scaffold_7,2223837,2227395,1.4197691611829186,0.0,0.0513089864007848,3.294219430473058,1.5842936049994891,2.772354125491831,B
g25724,HiC_scaffold_7,2227582,2229721,0.0877199528383446,0.0,0.0,0.4333359277822635,0.111731229208684,0.2727654912597247,B
g25727,HiC_scaffold_7,2236346,2238719,0.0156671519248553,0.0,0.0,3.222453310253051,2.927020259632616,21.946930785731418,B
g25728,HiC_scaffold_7,2242125,2246925,0.0394531668029228,0.0,0.0,0.0,0.0,0.0,B
g25729,HiC_scaffold_7,2247365,2247758,0.3872698451306572,0.0,0.0,0.0,0.0,0.0,B
g25743,HiC_scaffold_7,2287834,2289667,2.725142553109667,0.4616237579776989,1.516969378381433,6.6694300286740535,3.4790455268869973,5.556441717260125,B
g25744,HiC_scaffold_7,2289913,2292071,2.0917651083363875,2.739191939879518,0.6259923614512277,4.357998830823811,3.972487315827933,3.3169774119639666,B
g25745,HiC_scaffold_7,2292784,2293414,3713.735001885143,4424.129091138742,3799.471830263994,8398.942339045056,8604.592766656266,8218.358784438427,B
g25746,HiC_scaffold_7,2293688,2294810,4.679923312479478,0.5601759874154599,0.3766028483699378,2.608207422091069,2.594548024339891,2.9849793098569464,B
g25747,HiC_scaffold_7,2295170,2295780,420.435382142072,199.52010850811945,110.80304940221176,166.56889573843296,149.94100281409237,136.2074240120062,B
g25748,HiC_scaffold_7,2295909,2297188,10.008083977237154,10.53105697321589,5.352012798896724,18.112566487914822,8.561204273770539,12.960850727382027,B
g25749,HiC_scaffold_7,2297398,2299711,7.427254848078187,6.052092811765732,3.601287214745726,8.317405756240694,7.535147628499823,7.331999756525782,B
g25750,HiC_scaffold_7,2299887,2301663,36.76146019398524,15.205359756059154,9.643324260365706,23.39076676289495,10.953398245216151,17.85244948500315,B
g25751,HiC_scaffold_7,2301756,2304154,9.223484919073648,10.423360264569434,30.17775906093273,22.52382107623483,16.396916323616146,28.467644532562105,B
g25752,HiC_scaffold_7,2304263,2305729,17.267102929581714,14.871104524718058,5.48075485740522,10.166294845893937,11.587378357588664,7.728591293114972,B
g25753,HiC_scaffold_7,2305840,2307020,10.005012622464982,11.237462712658324,15.090941475712018,5.198940819164957,9.525813288804857,5.413634214387107,B
g25754,HiC_scaffold_7,2307201,2308370,9.564022994130593,3.22975736426516,4.883588113269536,8.388437417193218,8.697754831388517,13.942151848458458,B
g25755,HiC_scaffold_7,2308993,2310527,42.91630749708437,26.16787800293856,62.32579118640734,24.548189062310552,28.59935117079538,46.99373469643831,B
g25756,HiC_scaffold_7,2310649,2310919,70.18425145402162,4.900639385754543,17.761764496654777,358.6863796848784,108.40524753455811,194.5747972013413,B
g25757,HiC_scaffold_7,2311626,2312001,0.8024257472188672,0.0,0.0958862337857866,1.4956323595481855,0.7163341666955434,1.6975962801042543,B
g25758,HiC_scaffold_7,2312852,2313119,180.45939487544345,1.34639000276419,3.983061425361077,200.98315116592204,141.22473186473778,366.8842296776881,B
g25759,HiC_scaffold_7,2313414,2314455,48.43551421880904,3.4469971882053976,21.115235353741724,18.05812368982136,16.34430533379865,50.98323494569884,B
g25760,HiC_scaffold_7,2315347,2316001,11.692707352194336,13.673879463116256,10.44710807112446,13.957781225957124,10.285138481608431,19.880853650104967,B
g25761,HiC_scaffold_7,2316190,2319598,0.6564162200303665,0.0818175290022146,0.0832298875431859,0.1348587494195296,0.0235840790179184,0.5139601476493803,B
g25762,HiC_scaffold_7,2319680,2320979,10.063214403176676,0.2462276376827001,0.9048195982991531,5.53016456364683,3.769553946315358,15.000886082290467,B
g25763,HiC_scaffold_7,2322553,2324152,4.37550287367245,41.83224948034977,38.874473532172416,64.88622677565269,45.22491742814947,41.859416836524446,B
g25764,HiC_scaffold_7,2324703,2325201,2903.65326204274,5874.599584325365,4113.596373102477,3506.054753662087,4239.269729422753,3133.962644159379,B
g25765,HiC_scaffold_7,2325487,2327005,1.6787993707735402,1.5463655332499129,1.629969582581011,1.6849317217779027,2.060880056581003,1.643873083062714,B
g25766,HiC_scaffold_7,2327519,2328224,0.0,0.0562218856570373,0.0,0.0,0.0,0.0,B
g25790,HiC_scaffold_7,2403274,2404587,5.9675750540359545,4.618666800185357,1.3799951479734536,6.174590816147829,6.163906678701638,3.909698757606222,B
g25791,HiC_scaffold_7,2404718,2405898,7.770799051573967,6.405530867607965,5.889999598692571,5.522442519809094,5.840901064676564,5.124591151374384,B
g25792,HiC_scaffold_7,2406075,2407238,9.54776225982436,2.3147820340008822,4.361562153594619,13.625237498215656,14.905384276157218,25.756521559834567,B
g25793,HiC_scaffold_7,2407845,2409364,27.973081403187432,8.721271394450678,19.44615601075493,9.661221979281793,11.458812319002194,18.69173740970546,B
g25794,HiC_scaffold_7,2409486,2409756,47.71397253898383,1.0378269331911707,5.909693427104185,78.6515278936929,28.72431777948213,47.56640235521805,B
g25795,HiC_scaffold_7,2410453,2410828,2.9029859285590245,0.0,0.0,8.217943410517085,6.252560286428736,7.21643755814366,B
g25796,HiC_scaffold_7,2412389,2412656,116.06808152363284,0.1536163389898119,1.475379088098491,209.9235537319866,134.82407462885556,428.92967549745526,B
g25797,HiC_scaffold_7,2412952,2413992,34.71047080055604,3.0971922584405087,14.819886997957497,8.137176142121774,7.504075372021583,23.3792094489869,B
g25798,HiC_scaffold_7,2414873,2415527,6.72215934193577,12.914974035762183,9.875441414440385,18.245897350474408,13.47394127123546,24.35092560408039,B
g25799,HiC_scaffold_7,2415704,2419112,0.5265296662901789,0.0,0.0,0.0589676985518732,0.0161394886335856,0.2335851709925844,B
g25800,HiC_scaffold_7,2419213,2420512,10.176810926553562,0.0915390978942524,0.90296682942609,2.347173667602549,1.4450973061378491,5.763074471198262,B
g25801,HiC_scaffold_7,2422085,2423684,4.079778895853188,42.03681720900016,40.22823244429157,46.71074914348556,36.08955366148527,33.891529231014786,B
g25802,HiC_scaffold_7,2424230,2424730,751.12853138238,1306.8358799814537,840.2241736813094,874.045727000745,1063.602413204579,784.2867193605377,B
g25803,HiC_scaffold_7,2425019,2429177,0.5664707097987858,0.4287477143084867,0.4473350082853828,1.7495523573726786,1.4801130353021663,1.9009413191876408,B
g25820,HiC_scaffold_7,2480086,2482873,8.56240420751389,26.46236483161367,23.99329926983442,14.652251260179051,21.401969812962925,11.072575902558084,B
g25821,HiC_scaffold_7,2482961,2484029,12.106535852489102,2.4036258516208147,8.323834785660095,5.2443005944035095,5.116665427733775,3.0807392162885217,B
g25822,HiC_scaffold_7,2486069,2489231,31.91433200302372,12.584255061192232,19.30508679384557,9.577536136915793,29.72920638057724,24.5024027325909,B
g25823,HiC_scaffold_7,2489379,2492453,12.487541210565444,12.978513986161476,22.195380337040568,7.974737060030005,5.498409553699078,9.325456101482327,B
g25824,HiC_scaffold_7,2498090,2499948,0.722673779776884,4.467126574955879,11.056896443116027,4.108217175649143,2.6969057481174064,4.4871767488032805,B
g25825,HiC_scaffold_7,2500625,2506142,5.811369159916194,5.630918913157279,7.464122477373984,4.090197497493723,2.844162590557847,5.26361264266786,B
g25826,HiC_scaffold_7,2506264,2507983,3.920891119496392,0.9497459789951456,2.983614966002301,17.540371917269596,8.361321902334403,10.771371555454383,B
g25827,HiC_scaffold_7,2508322,2509720,49.92330372208407,34.408817933613776,39.93854391993088,30.692801188037432,31.19421106242904,30.099174043479685,B
g25828,HiC_scaffold_7,2510027,2512325,2.774602631442922,0.54129668206149,0.8226702206152383,2.2196425793336787,1.3733300071574503,1.9643139909338951,B
g25829,HiC_scaffold_7,2512770,2514498,20.389843258980203,0.0,0.0208086444847627,0.3236672557162783,0.4020856022598695,0.2766602816360177,B
g25830,HiC_scaffold_7,2514850,2517208,8.78231246347105,3.4811596450632747,2.4736316641488405,5.376346324098545,3.989201547695848,5.559374359001465,B
g25831,HiC_scaffold_7,2517425,2519504,0.8491504953962208,0.0813009080055225,0.0359393679856771,0.5442149349989722,0.5100265542633519,0.7162803001846778,B
g25833,HiC_scaffold_7,2524469,2526254,0.3381297097742078,0.0222052825704265,0.0792283495308519,0.3648010268736685,0.582376876921738,0.1485412231288534,B
g25834,HiC_scaffold_7,2526754,2530027,6.567255838338321,0.2092430078142804,0.7050240569548433,2.497013416037669,3.0580074797386536,8.590481228288812,B
g25835,HiC_scaffold_7,2531401,2532936,412.3922428832735,82.50332768836455,118.86058065722588,257.1567566755511,202.11495061607727,393.5093945288226,B
g25836,HiC_scaffold_7,2533480,2536324,35.40665369220006,84.04279951456019,161.20039890540005,76.85193471243214,157.31936827147638,65.77406244870654,B
g25837,HiC_scaffold_7,2537019,2538516,0.4840883593412644,4.326014094433094,8.659414651419373,21.043390233737146,23.08378560811784,21.764717280062783,B
g25838,HiC_scaffold_7,2539087,2539483,1.233693521031047,2.4370344357014044,6.920798707811402,10.949542688057246,13.71928267420302,13.13450839365874,B
g25839,HiC_scaffold_7,2540039,2543899,1.6094782097656548,1.7494724441298453,4.441768949668114,3.49423470009842,2.262339057203948,4.268188438754524,B
g25840,HiC_scaffold_7,2543914,2544937,5.679582296678449,0.7910832700186197,2.337724484440947,2.23561805614751,1.0513846650481204,2.283432637659057,B
g25841,HiC_scaffold_7,2545352,2548018,18.69056237164812,5.811202089630202,6.2407544241909445,10.203998266448425,5.88546434635693,8.997871940060243,B
g25842,HiC_scaffold_7,2548099,2549854,36.03638373922827,16.173383735297627,88.70364346106344,20.238855981213707,22.4255895125873,57.55705033380082,B
g25843,HiC_scaffold_7,2552086,2569466,0.8885291252586132,0.4719862108941967,2.619526381478627,4.615729550677742,3.6043594048800025,4.946359989020253,B
g25844,HiC_scaffold_7,2569700,2571395,13.22683142065295,9.168948950656826,22.03346075989085,12.182619138699256,11.280831263555536,10.74108181065029,B
g25845,HiC_scaffold_7,2572315,2572906,18.236080278895265,5.190412789148559,67.36924540120741,38.59235069344474,34.01398129699732,40.056641447644125,B
g25846,HiC_scaffold_7,2573645,2574041,0.0982837703295263,0.5039426264220329,0.7142555753160136,0.6491706676872029,0.7477954574304514,0.5369012043893348,B
g25847,HiC_scaffold_7,2574288,2574969,68.41035254492736,663.982343066559,354.359429782866,150.89615020726535,247.49588287934768,151.10920528124154,B
g25848,HiC_scaffold_7,2575379,2575748,193.41925457258344,386.50100437497713,123.82228407919378,341.54999428771026,199.11963611516416,125.43982622576402,B
g25849,HiC_scaffold_7,2575978,2577907,1.5632316945947835,0.206906459370788,0.5177724030743368,2.57557805221598,0.9556678431456932,1.2111257619331643,B
g25850,HiC_scaffold_7,2578393,2583967,6.252914131093881,0.9038048454885332,1.09553522584197,6.300121002191712,2.688320923568236,3.3327607301127,B
g25851,HiC_scaffold_7,2584025,2584508,57.85235566896699,91.09757787867984,77.64040618960678,97.0363815831784,67.07345238574197,65.50136187872369,B
g25852,HiC_scaffold_7,2586078,2587023,13.718587828824422,8.436121692965083,6.998365774401304,11.639469879394998,7.980686491027017,8.201206132905938,B
g25853,HiC_scaffold_7,2587180,2588008,18.89766883371346,23.13470729764815,15.239182753623409,18.276034256423195,15.395301279030893,16.91707651686849,B
g25862,HiC_scaffold_7,2628281,2629268,0.539772898104071,0.2218939863064601,0.7346020452955656,0.0831578614867313,0.1163518165836431,0.0,B
g25863,HiC_scaffold_7,2630166,2631171,0.4120932558112208,0.0,0.4524204730936705,0.1081875179581328,0.0,0.0,B
g25864,HiC_scaffold_7,2632104,2633088,0.1237996459954708,0.0448257513773549,0.1554369976334504,0.0,0.0,0.0,B
g25865,HiC_scaffold_7,2634213,2635005,0.3799364333422666,0.0517873264018684,0.135189096069411,0.0629409089999822,0.1375523891737475,0.0,B
g25866,HiC_scaffold_7,2635937,2636774,0.152032707228486,0.1068113607038535,0.0457748551401478,1.089472815974985,0.4255527040062816,0.2764360292894765,B
g25870,HiC_scaffold_7,2643982,2644282,2.6315076317845656,0.5376799459899406,2.602107309154221,0.0830819998799765,0.0,0.0,B
g25871,HiC_scaffold_7,2645501,2646291,0.7881989259957134,0.1134593707061681,0.6365493076174027,0.1055863303524473,0.2223362138120782,0.440247997952348,B
g25880,HiC_scaffold_7,2662800,2663787,0.618873204751732,0.303740891982078,0.3481533708244529,1.1064982592525112,0.8237460476838622,0.98263038645747,B
g25881,HiC_scaffold_7,2664808,2665795,2.477390663813912,0.9202366179205378,1.3177706950067507,0.3597824262998591,0.3225784326170574,0.7517013406508695,B
g25886,HiC_scaffold_7,2676722,2677022,3.4215299030131527,0.5468741668037304,2.8444970566921426,0.0830819998799765,0.0881214211023938,0.0,B
g25887,HiC_scaffold_7,2678042,2679028,0.8737033478847982,0.1876391198604967,1.4726812916070573,0.059301403553433,0.1536878823004643,0.3058201652652866,B
g25888,HiC_scaffold_7,2680245,2681037,2.440242903523728,0.5091666155207771,0.8565352552923122,0.2222693392686759,0.2683796375589103,0.8045689620288037,B
g25889,HiC_scaffold_7,2681270,2682392,25.64942345152404,19.37044841083801,12.38127706591562,13.765173184806962,14.15328090557702,15.845853722382111,B
g25890,HiC_scaffold_7,2682527,2683918,6.512021745523532,4.134953981766221,5.1927214769683605,6.024602940981128,4.943435517130688,6.259767186652724,B
g25891,HiC_scaffold_7,2684825,2685917,689.7082722198642,12.626716041434126,15.55236061795324,5.149106842639849,9.70248275828591,20.523294979357505,B
g25892,HiC_scaffold_7,2685989,2687732,5.616744031539671,0.0462719402745215,0.0201692993388603,0.4218785625809066,0.2002294055099799,0.1522983876815043,B
g25893,HiC_scaffold_7,2688032,2690630,1.5332036120824806,0.0590151978565176,0.1360419456820996,1.5773783655340998,1.0814140073906489,0.7636050481944632,B
g25894,HiC_scaffold_7,2690686,2692139,4.927908854414753,0.0890706278386771,0.0,1.3863656452646425,0.2226159276729367,0.6761608297046253,B
g25895,HiC_scaffold_7,2692262,2693528,0.8961366369600074,0.0313083960412411,0.0284023204341785,0.4085887857140171,0.1712620238154062,0.1257106250077202,B
g25896,HiC_scaffold_7,2693639,2694590,17.479710137504927,0.4196872346227656,5.289034874155257,16.852236789225618,3.911455876963486,30.02454369346836,B
g25897,HiC_scaffold_7,2694725,2696866,6.532708763625602,6.757790241151758,11.965219422009,12.90145534295845,9.73585672293178,13.390011109387505,B
g25898,HiC_scaffold_7,2696923,2698459,3.3209241027058622,0.6506298077565957,1.86099648449888,0.8306983195251743,0.5743875520048511,0.599944553969725,B
g25899,HiC_scaffold_7,2699325,2700008,14.702125619064171,17.982668796361306,17.331544326284526,24.457990753033428,18.98944871333604,15.610609050471034,B
g25900,HiC_scaffold_7,2700168,2701327,28.80619534549209,26.262391977812207,42.20410176907582,59.49495394107694,43.992810852510246,50.29446862531906,B
g25901,HiC_scaffold_7,2701538,2702069,136.88683670267005,3.011767432672574,7.024090897851739,52.034325968981214,24.10580473012997,57.76627063254372,B
g25902,HiC_scaffold_7,2702551,2703739,46.76107255623208,45.560928438057296,22.59119923647212,172.79191187182658,121.7019761792519,157.683376223673,B
g25903,HiC_scaffold_7,2703937,2704758,2.794114228522659,0.6243093938106806,1.92105687605236,4.700532997707867,1.96228567205208,3.0131471357710846,B
g25904,HiC_scaffold_7,2704880,2706474,0.5575718894067514,0.2552814636942745,0.878416550111278,4.639836682232952,3.358374705363615,4.862578079131264,B
g25905,HiC_scaffold_7,2706718,2710540,9.165747488436796,5.350990592704552,3.158242969533422,4.6530493621712985,3.895287770988204,5.958715452324555,B
g25906,HiC_scaffold_7,2710556,2711479,2.463650925613966,0.5549638813688693,0.1658931380376932,0.0880495003977156,0.1854083997533246,0.0613070579406506,B
g25907,HiC_scaffold_7,2711574,2715027,19.76220986283898,6.859392438122525,8.17992224713123,5.800386265835771,3.1495103500367785,4.426460078139433,B
g25908,HiC_scaffold_7,2715528,2717148,0.1627972244996255,0.0978677268844723,0.1316896785505621,0.2019444650849318,0.1168617490856013,0.5896345148163591,B
g25909,HiC_scaffold_7,2718468,2718907,5.685611573452928,38.90134665215004,79.67175090430958,264.1943699272441,190.3219016912235,118.55256137503656,B
g25910,HiC_scaffold_7,2719209,2721211,148.4531137289661,288.8166132168235,247.7058739862441,146.80817403994507,179.7629579402412,367.9749692534812,B
g25911,HiC_scaffold_7,2723167,2724289,30.09078248489966,11.352942871873612,36.43330351023905,48.868171555077424,42.12324514529296,93.82445675744536,B
g25912,HiC_scaffold_7,2724474,2726739,24.107311043518905,16.078790006409047,19.649062714337205,15.299050297778615,11.46775409031684,19.798408654865582,B
g25924,HiC_scaffold_7,2771235,2773473,7.900617748944244,16.705391769314605,15.74146031006998,5.471044888220729,6.112618952957596,6.996094368786858,B
g25925,HiC_scaffold_7,2773631,2774561,1.179925624595363,5.749997236931042,4.369717786852449,4.4544602473195445,3.652726860566688,4.166241815195987,B
g25926,HiC_scaffold_7,2774722,2776162,0.4731960264221846,0.1651517891175471,0.074354002838176,0.4749444567345097,0.1314694677213015,0.1843445067561542,B
g25927,HiC_scaffold_7,2776235,2777646,2.7035925617944425,10.275040426527095,8.884242269689095,15.64894437182073,12.346695519550714,14.314720354932966,B
g25928,HiC_scaffold_7,2777783,2780486,12.715844146594485,1.4690703054322043,1.897194669354873,9.305248867283836,4.56566058904052,8.30123595596188,B
g25929,HiC_scaffold_7,2780737,2783620,108.19620498764652,27.763622699100548,15.342933608473416,35.55021579171978,26.39866087175821,41.40607307778464,B
g25930,HiC_scaffold_7,2785942,2786329,0.0960675749810897,0.3108227940224868,3.6812797806516295,1.449256162352893,0.7569282021698276,2.6055843236099374,B
g25931,HiC_scaffold_7,2786791,2787601,96.1771454684536,84.93048723806852,163.63773999406135,39.30996633143958,82.33259349760093,221.9801961108989,B
g25932,HiC_scaffold_7,2788981,2789854,4.275271645940611,1.4718388750144142,9.27972608146432,0.4675650643080534,0.7765805900143675,1.763554775645623,B
g25933,HiC_scaffold_7,2789909,2792236,0.4076673589428725,0.0,0.0830430438119104,0.0722111192146438,0.1376387998785744,0.0497689318675507,B
g25934,HiC_scaffold_7,2792350,2793839,21.902092008289795,2.7862177457579484,2.5557405632798487,1.3457339445088676,1.1215356050096523,1.3607675364427874,B
g25935,HiC_scaffold_7,2794017,2794773,17.6377047511681,5.252509306327047,15.108423351400273,3.2561200297199844,3.363159046741726,8.215431855689605,B
g25936,HiC_scaffold_7,2796936,2799124,2.286742234377487,0.2510750503858655,7.025779226666533,24.06850421205265,11.87793921173703,28.08822144237977,B
g25937,HiC_scaffold_7,2799304,2800511,4.41997729352934,1.2734525036603856,1.0597447369930917,2.09784938020601,1.41568631549719,2.4212695814649057,B
g25938,HiC_scaffold_7,2802743,2803394,16.85966517603432,1.2870684326278208,5.086236862482052,2.40021733371553,3.573887324570314,9.292222396452685,B
g25939,HiC_scaffold_7,2804650,2805322,4.740602236110789,1.4381618596128345,5.722748168137869,10.425716271612496,6.890112780289648,12.163415948293409,B
g25941,HiC_scaffold_7,2812844,2815233,0.0,0.0170040452115878,0.0,0.0,0.0,0.0,B
g25943,HiC_scaffold_7,2817709,2819950,8.453836757880296,16.245778273091183,14.658603195084368,11.671277177438323,10.534428837796431,14.30524027268446,B
g25944,HiC_scaffold_7,2820104,2821034,1.016272883588537,3.4585223054679184,2.723564248920064,4.370692469042491,3.870973432866097,4.111421197854553,B
g25945,HiC_scaffold_7,2821192,2822629,0.4224397877610176,0.0551655245486587,0.049486726803969,0.2970413592857074,0.1869348034174173,0.8492372980428011,B
g25946,HiC_scaffold_7,2822706,2824121,3.183707551284167,8.587481501663488,5.965172176178343,20.25365476898417,17.654530643170375,16.947006060998,B
g25947,HiC_scaffold_7,2824259,2826968,14.616312883151252,2.5845525399874383,4.21067749137686,12.93827037004775,6.187296128498742,13.001663370364806,B
g25948,HiC_scaffold_7,2827202,2830085,76.63209177627009,19.625904412214773,10.001466234385523,39.706792373447456,32.78001466603395,56.25583936351718,B
g25949,HiC_scaffold_7,2832908,2833959,0.0,0.0,0.1524382131131909,23.15632544194592,21.93588046360351,16.276870716920364,B
g25950,HiC_scaffold_7,2834291,2834678,0.3932740287760937,0.1059833656596376,3.3075547170838866,1.835684068771389,0.6996274860792053,3.155772652762483,B
g25951,HiC_scaffold_7,2835139,2835958,93.5789262795188,51.57077036319942,177.5523418389909,44.7375519260404,96.16713780416802,254.163464396981,B
g25952,HiC_scaffold_7,2837339,2840598,1.2145336585623503,0.3391517998125709,1.8445405746087071,0.6876606607507637,0.6612283600523454,1.2129106204468283,B
g25953,HiC_scaffold_7,2840781,2842201,38.07802537543064,5.154007999765069,4.155220841035811,10.7281733692083,8.606373280467647,9.764294759106438,B
g25954,HiC_scaffold_7,2842335,2843136,12.307809316523198,3.4148215467395184,9.76074364705769,12.728403707077572,11.659108434188123,20.277084405649155,B
g25955,HiC_scaffold_7,2845304,2847477,1.9254864291626224,0.2518568718836367,7.797186873488077,17.40392911829775,8.764886283429464,22.06546990519848,B
g25956,HiC_scaffold_7,2847657,2848865,4.177417158662914,2.080393446345711,1.720005565323759,3.68439082755957,3.6282374169177336,5.680984712833513,B
g25957,HiC_scaffold_7,2851108,2851759,17.91974718173632,0.9868781396986048,4.972071851567383,5.870236439044606,8.986631824238476,29.34157945016176,B
g25958,HiC_scaffold_7,2853062,2853734,4.282449644833529,1.2063352951653514,5.1960254981342295,7.972931892429948,6.496713578939676,9.637846099812592,B
g25959,HiC_scaffold_7,2854818,2857790,0.0134023323176626,0.3275737965967877,0.0486992437715463,0.0,0.0,0.0,B
g25960,HiC_scaffold_7,2858619,2859595,1.5560454809010915,0.0,0.5448733460645254,2.117904214022775,0.7373524975834762,2.718312904170858,B
g25961,HiC_scaffold_7,2859755,2860777,0.9145908807492524,0.0,0.1867737845956782,1.1840145224584293,0.4523112365815356,1.2244557624575858,B
g25962,HiC_scaffold_7,2860839,2861634,8.199064914934558,4.591797906990489,42.86244201283192,37.725286040238544,35.799459868437864,109.05235211115492,B
g25963,HiC_scaffold_7,2861814,2863047,1.7827624532141089,0.0,1.7256748175708447,1.6363033436281436,0.7179117733370971,1.721337138731113,B
g25964,HiC_scaffold_7,2863565,2865226,41.851224238882025,33.3925611270306,42.315620447518775,30.36917343870673,29.30512740463824,39.21717258425028,B
g25965,HiC_scaffold_7,2865348,2866149,15.653975453708648,23.928303005529607,23.62119233047815,8.535005028960148,6.6295145668402125,4.971474846912349,B
g25966,HiC_scaffold_7,2866190,2866909,12.150108220954326,9.743494196940068,6.667978152013445,17.688468406192456,11.386152331851305,8.22517858478795,B
g25967,HiC_scaffold_7,2867116,2869405,27.86312066250124,157.3322575384998,28.10667329110123,43.09962416165733,36.97926622623137,18.733031773834263,B
g25968,HiC_scaffold_7,2870190,2871271,8.888409561578026,26.336912290839315,14.513941840736983,19.88436096051781,14.1688421794182,8.0159760478471,B
g25969,HiC_scaffold_7,2871563,2872826,23.85203056405836,10.702754600488356,26.79215342408901,14.957640663871402,10.665083008568647,13.450721323488654,B
g25970,HiC_scaffold_7,2874147,2874926,10.642632919811,0.279497591124825,3.240842758808815,1.8002211793006468,0.9199506166055798,11.071357642355554,B
g25971,HiC_scaffold_7,2875263,2875896,41.74439453367013,21.249532253493083,4.951915489440145,12.082113328684848,7.677340692126209,8.467780361302964,B
g25972,HiC_scaffold_7,2875971,2876402,7.347099839026128,14.084624692480856,8.68311770566082,22.833841465160376,11.083752053177044,12.222123217875144,B
g25973,HiC_scaffold_7,2876540,2876984,213.27695282377465,69.35710070202559,18.45308956646081,21.12784944892245,22.300388544243408,22.23477135407144,B
g25974,HiC_scaffold_7,2877292,2878519,9.46044703344942,3.007091968393114,12.650362031769848,17.481145274116372,13.678651938180437,27.8100706918152,B
g25975,HiC_scaffold_7,2879692,2880875,17.10703109633346,11.107336809823943,9.851628332779914,27.15258826590753,18.794920464533973,45.43865865355832,B
g25976,HiC_scaffold_7,2881063,2883864,5.5595017992415565,22.58615349922181,18.147436235075887,29.79217160162719,26.111872260838645,30.767413699671792,B
g25977,HiC_scaffold_7,2884229,2886609,3.2733499403317285,0.0596668756382452,1.9313878177028088,3.765749403788048,1.046087695950464,3.0282093506329923,B
g25978,HiC_scaffold_7,2886740,2887761,61.63354516516489,82.84759273370577,74.19208621174809,99.25675977938828,72.15495256488867,70.24803314504115,B
g25979,HiC_scaffold_7,2888415,2890942,7.213158982906757,0.6588791493222825,3.572541158765615,5.9968232947107385,2.712324110501465,4.022551244617788,B
g26017,HiC_scaffold_7,3025359,3026756,50.20851100773052,12.661216869757304,44.23494517538231,26.712718651535617,23.539544258900072,43.89989447186641,B
g26018,HiC_scaffold_7,3027073,3027568,191.20056593744044,291.3050884794875,261.22076011276243,669.7801561462894,563.2008494448002,409.1673531486694,B
g26019,HiC_scaffold_7,3027771,3028353,8.218237824465163,2.794732407593721,3.1000551742796745,4.302498171145593,3.3900393764014,6.274004399622976,B
g26020,HiC_scaffold_7,3028872,3030030,3.862845732315386,2.657579706359556,3.16419145956615,1.7321016350552652,0.7525632207305009,1.8532461101063875,B
g26021,HiC_scaffold_7,3030055,3030523,5.256699544806793,3.0961059571126124,3.2626315078353327,4.387697524203798,2.356983335418497,3.7406969313194702,B
g26022,HiC_scaffold_7,3031031,3031599,713.832801598604,792.5362279349943,729.7323684579374,3299.8906805243014,3623.24628145408,3283.498599511384,B
g26023,HiC_scaffold_7,3032857,3033172,0.123556739842833,1.7966446870206545,1.4788599741639272,0.3214714819327378,0.1678503259093215,0.6749615140894496,B
g26055,HiC_scaffold_7,3122378,3123774,66.27754473606944,13.062157192047176,46.329410695797066,35.37493403865466,31.794828096793463,61.788991196492645,B
g26056,HiC_scaffold_7,3124091,3124586,180.18773273329043,249.12247199700505,218.43848962228208,351.9566675893916,324.34806742355727,237.45722341488727,B
g26057,HiC_scaffold_7,3124791,3125549,6.232804225088595,3.4999458645620845,3.149746941927321,3.916275026804821,3.772269859595737,4.701621546817432,B
g26058,HiC_scaffold_7,3125891,3127049,4.440269815308355,2.009522486245649,3.409785891934847,3.674136022986605,2.3315249590853107,4.2900105950431,B
g26059,HiC_scaffold_7,3127074,3127542,4.541735092543683,2.7396518624859967,4.937505842096897,1.368229242694594,1.4281356717400353,3.627784083476125,B
g26060,HiC_scaffold_7,3128050,3128610,748.8483116943057,779.2772623847795,758.9429451278625,2255.3134172893324,2559.538473156279,2613.833897041983,B
g26061,HiC_scaffold_7,3129846,3131043,2.1095982314220816,69.33040921341266,53.79835552224511,102.01952710345898,114.64822570436844,65.2331505526677,B
g26068,HiC_scaffold_7,3140262,3141474,163.80656333812937,336.5202591496957,150.8507238955806,107.84320121869808,149.8012867732575,57.4120695781165,B
g26069,HiC_scaffold_7,3141650,3142766,202.43847143287,44.17875921670432,8.72197271043921,33.95277428282796,25.296970645206976,23.16083062242687,B
g26070,HiC_scaffold_7,3143005,3144233,38.46668793886107,7.023907371192749,46.065277445859394,30.64299944274696,29.538056490787703,36.45502392111571,B
g26071,HiC_scaffold_7,3144315,3147327,9.120324251961058,5.608714578218944,6.937038926878033,3.372511897006115,2.8539857674430937,2.484954749623921,B
g26072,HiC_scaffold_7,3147595,3148768,169.21112270046646,37.92276367184388,15.15489254322208,23.380738902221644,26.72488534915765,34.964964416172386,B
g26073,HiC_scaffold_7,3148998,3150065,35.376872108415725,116.23581646723858,99.39391370739088,148.6096775115543,120.63965375142442,103.67364546045296,B
g26074,HiC_scaffold_7,3150203,3150404,28.84585641180288,130.25471645359363,101.81332185853068,203.6103431137135,136.12705451802617,123.83601509875848,B
g26075,HiC_scaffold_7,3150563,3151966,39.65737922618894,21.35151502682352,38.1932783254766,43.176458590366366,40.98683762651332,51.147627911674334,B
g26076,HiC_scaffold_7,3152102,3152744,18.68348980925245,29.818995585319584,37.20688107524785,157.2802313306719,127.95861296069684,106.79232586784482,B
g26077,HiC_scaffold_7,3153058,3153394,177.98165553328528,361.1819650992125,86.32974286245089,150.84928656351417,139.64533840993545,83.39362746405857,B
g26078,HiC_scaffold_7,3153558,3154689,39.61710210096192,24.329604632559388,12.56533833985338,31.002218100080064,18.843878737982017,19.80490527510868,B
g26079,HiC_scaffold_7,3154790,3155478,10.75500160525878,13.947794668662777,47.34393800703256,122.70037686320904,59.71073846877956,116.77036981459447,B
g26080,HiC_scaffold_7,3155663,3157846,1.3833338120083811,1.4390834681681748,3.864230370955204,1.788601143206634,1.37545069584059,1.5004810330258005,B
g26081,HiC_scaffold_7,3158011,3158407,20.45929175305892,4.463252919587024,7.832864047560825,3.540796305748545,3.1887677304572666,1.7433632251549414,B
g26082,HiC_scaffold_7,3158435,3159848,2.9776796000489707,22.183792458816303,35.1886286268106,52.68746742042349,30.323109148659817,24.57869348148009,B
g26121,HiC_scaffold_7,3303085,3304561,0.2302371465159672,0.0824305924178664,0.3870637927537519,0.0,0.0,0.0,B
g26122,HiC_scaffold_7,3304789,3305407,2.5200751154504104,5.200109187445029,6.262803595064414,0.0428636196065266,0.0427773888846571,0.0,B
g26123,HiC_scaffold_7,3305572,3311773,8.296131680884594,17.845325744362633,39.00069402785343,0.4356526431851628,1.0574438616317512,1.1978407368660542,B
g26168,HiC_scaffold_7,3431524,3432574,0.0370670219528499,0.0,0.0,0.0237377142514218,0.0,0.0,B
g26265,HiC_scaffold_7,3730339,3730682,0.0,0.0,0.1275082896087588,1.270691848272854,0.2850161038761215,1.880468675780167,B
g26266,HiC_scaffold_7,3731239,3735443,37.16230849803607,1.5207348739032651,2.0671322941236028,3.1995879065849406,4.292513197926554,6.672516412315497,B
g26267,HiC_scaffold_7,3735512,3744172,1.9960676922152825,1.8382630084465093,4.62331061847115,2.135863787208142,5.335675570116187,2.6948390950031897,B
g26270,HiC_scaffold_7,3756083,3756692,0.1278173170787928,0.065084448913319,0.0,0.0869941442260541,0.2257938311299669,0.0872795061322564,B
g26276,HiC_scaffold_7,3779675,3788282,2.4476700075118583,2.0335612147199527,5.600177848620794,3.935899155579532,6.790671629734344,4.231801738542992,B
g26277,HiC_scaffold_7,3788560,3789991,79.97780161701766,67.0240839448665,47.367559998911865,48.07035638471473,36.80056194096136,38.31592163854879,B
g26278,HiC_scaffold_7,3790180,3792520,3.02196306949428,3.436294200030153,1.4350626691978323,30.885911572301687,10.494618523082844,10.635656748116697,B
g26279,HiC_scaffold_7,3792590,3794714,0.4859652054377829,1.7845583270206395,1.167538764034863,118.37712978671549,25.900290056469945,74.45026221592391,B
g26280,HiC_scaffold_7,3796803,3798858,30.215513055042003,12.48900424484442,18.5250957358134,15.870698585432365,16.944557841256202,32.72926373349435,B
g26281,HiC_scaffold_7,3798998,3800171,19.393328360732227,46.91094791854446,16.27291108989877,49.51616338909778,42.40264102820522,44.76039528384027,B
g26285,HiC_scaffold_7,3814327,3815901,11.54836166017422,5.619289708938664,6.410286701535446,3.849191832697778,3.281515551086409,4.580175660855772,B
g26286,HiC_scaffold_7,3816645,3818779,3.196005915035125,0.0956725882544377,0.211366774026426,1.880399815449905,0.5162910293617751,1.2903688679062912,B
g26287,HiC_scaffold_7,3818895,3822078,8.240170692083314,6.331901374314274,5.523972137079067,11.574033706293486,7.001601599611455,9.099189368572798,B
g26288,HiC_scaffold_7,3822379,3823141,102.753427668333,21.38601522641489,20.69606189622384,31.849603435117803,13.1506187633684,176.60545845042753,B
g26289,HiC_scaffold_7,3823526,3823992,33.74619807201282,13.69272676960459,7.443890106540453,24.71858006854586,12.109550164371573,14.334883603528514,B
g26290,HiC_scaffold_7,3824541,3825092,4.415115754537654,2.425512592569821,1.6211986325307983,9.567103064558104,6.601946908041429,5.933610245240919,B
g26291,HiC_scaffold_7,3825436,3828901,32.17385387712478,5.185440507028547,2.531978308234863,5.868818179815451,5.856575861106219,5.474119443615146,B
g26292,HiC_scaffold_7,3829103,3831280,44.54214722403154,50.94504119644442,48.34319417360605,53.91498865667272,61.57204193229132,42.27007862807494,B
g26293,HiC_scaffold_7,3831585,3832650,91.8941835525714,180.06269775173385,250.35266023351025,148.9929151584015,132.1980177046633,153.09598347091648,B
g26294,HiC_scaffold_7,3832889,3835589,10.515889462487966,20.76181975469101,14.217784498671596,21.81049336798361,19.033350103820275,20.858427403867715,B
g26295,HiC_scaffold_7,3835707,3836499,9.222610651945155,9.218527735475435,8.300870357893201,12.78228947073223,9.17113138990088,13.602731258389012,B
g26296,HiC_scaffold_7,3836570,3837167,358.8680793754918,0.4716790704919339,0.595581460781437,1.6361051079635636,0.5403072486987888,0.3556161984829447,B
g26297,HiC_scaffold_7,3837576,3838597,15.444346832031172,0.4627774196519248,0.0738446795610628,0.702071062236232,0.1965898582748435,0.1655863527555892,B
g26298,HiC_scaffold_7,3838608,3839712,106.99171005622168,18.21861338969956,9.817728284008597,8.671481096752602,6.939445396796358,4.2306731439085095,B
g26299,HiC_scaffold_7,3839911,3841346,2.4850573662683324,3.3527386932398144,9.911130236505072,9.1883853414573,5.985023395446122,9.564205551123708,B
g26300,HiC_scaffold_7,3841476,3842415,8.281731195080413,14.335452549240326,14.419821275723717,16.209878047293348,12.963822200899084,10.822030630262407,B
g26301,HiC_scaffold_7,3842448,3843144,5.883320481451525,5.7508866341822165,4.1890940849273655,5.679083235649822,3.6818866262384944,3.202176911673206,B
g26302,HiC_scaffold_7,3843250,3844540,3.044577915881608,3.299710728707858,2.433624804920799,4.863561631885437,3.422018084112598,4.031748308096901,B
g26303,HiC_scaffold_7,3844826,3846680,2.9258324714470065,3.76251765515558,3.228845632042116,7.056353128079623,4.948080147142841,6.613119350528455,B
g26304,HiC_scaffold_7,3846884,3848774,6.282382832537903,0.0629149672828751,0.2443543107150555,3.8191712235032687,2.8595048249967894,4.324442065801828,B
g26305,HiC_scaffold_7,3849890,3851825,10.638586815171,0.0,0.0190542486437038,1.1281192433146865,0.5984463215592243,0.8341264532525265,B
g26306,HiC_scaffold_7,3853056,3854973,3.00271456545901,1.5850663342844868,24.72965469290673,42.13563234347673,23.07514890420172,39.26862437922909,B
g26307,HiC_scaffold_7,3855048,3857631,0.4171795953093739,1.6209864162257817,0.9939092494468664,7.879774372106679,4.605730893738395,4.336577223583111,B
g26308,HiC_scaffold_7,3859278,3860169,4.973881189237783,9.699411146169655,43.431032369272415,20.05180880217351,14.74963014656409,24.78197368932043,B
g26309,HiC_scaffold_7,3861311,3863183,3.2381135910586387,0.3001098702165067,0.7038384140091918,5.010005851091297,3.521922030889602,6.68901670694156,B
g26310,HiC_scaffold_7,3863292,3865383,43.7271671884519,0.6969164929034496,1.2155616880143758,7.070583799793432,2.465240744599444,10.530322887384944,B
g26311,HiC_scaffold_7,3865932,3866457,18.77375531747355,0.7786218894871034,2.218916994674526,5.4332904492315,0.9810957102754032,6.264741823277536,B
g26312,HiC_scaffold_7,3866932,3870103,0.2656292762057229,0.2681468772435596,0.5024315605651279,0.646051661680038,0.4562414832151349,0.4017083642276594,B
g26313,HiC_scaffold_7,3870172,3871786,1.6009079258068768,1.1484613881928294,4.435211564007767,3.0454217031542496,4.439973558050706,1.7758635408272752,B
g26314,HiC_scaffold_7,3872263,3873715,0.0256047875466127,0.0,0.7351850173426929,4.671549937491454,1.2812206164260016,6.393610871802734,B
g26315,HiC_scaffold_7,3874193,3876119,0.8224980496724671,0.4549007507304539,1.7191797494682328,5.273902777080268,3.639272599650675,6.478383300409188,B
g26316,HiC_scaffold_7,3876128,3876701,2.115793592482294,0.760908766614877,1.9842872142317989,3.569807304156579,1.860347559574207,3.059016071491313,B
g26317,HiC_scaffold_7,3876722,3878105,1.089147142131733,0.5771837456634128,1.4923100968516825,2.4005073670516976,0.9138230539132244,1.765913251478166,B
g26318,HiC_scaffold_7,3878623,3880585,17.604527828335033,81.06442812912341,23.94432044729779,42.43459943577413,46.001383325965165,63.94590425990587,B
g26319,HiC_scaffold_7,3880777,3882019,0.0598681989012588,0.0319133892014583,0.0855616064129928,0.8254074909105058,0.7417141735616468,0.1281398158291254,B
g26320,HiC_scaffold_7,3882217,3883354,0.1011599803154499,0.0,0.0618383267328646,0.6330698648474674,1.2714832726246974,0.8871338079867234,B
g26321,HiC_scaffold_7,3883477,3885724,11.895016096180116,0.3777991164295768,2.405226705703192,4.655302986123242,2.022067113684105,9.566142913339096,B
g26322,HiC_scaffold_7,3885971,3887728,184.19251652592425,1.1843170616518517,1.5434867462420376,1.870305698260037,2.8421117921220267,2.454759693267757,B
g26323,HiC_scaffold_7,3888350,3891691,4.2212902734438265,2.2862274090871697,0.7019918922947532,2.543145975070113,2.0815865472961983,1.422594612375606,B
g26324,HiC_scaffold_7,3891835,3893122,8.215710157406315,9.007132194701938,2.7354049977603303,8.938839196334426,7.53551520607113,4.865462048973486,B
g26325,HiC_scaffold_7,3893206,3894343,11.341127983637591,15.89204510370392,22.98697783124028,27.22467033136036,15.332407054368034,17.264649860695148,B
g26326,HiC_scaffold_7,3894493,3897307,16.414612026859942,22.666059947277024,34.238754325587735,28.307300547647245,22.810231536091106,28.783511073647063,B
g26327,HiC_scaffold_7,3897528,3898065,55.92402801148905,39.00818840255039,38.573132794201584,37.23304160408388,103.01490795932747,117.36033476470764,B
g26328,HiC_scaffold_7,3900291,3900822,5.935952908125028,2.110834440388821,3.403672329050786,2.6111189596007884,4.445374596482816,2.6992031651027126,B
g26329,HiC_scaffold_7,3901293,3903367,15.266016294405487,10.798823292301565,25.706343251062933,18.02443907072553,14.871412779382982,12.275374317347856,B
g26330,HiC_scaffold_7,3904633,3907390,59.19774814974168,44.38105254530663,70.54981383944721,56.1136513165626,29.276220232041418,72.10767315934096,B
g26331,HiC_scaffold_7,3907874,3908441,7.459551832272492,46.49285965348588,67.70115963384694,46.252308271302255,65.46766370977981,52.98128953312207,B
g26332,HiC_scaffold_7,3909755,3912068,1.4531440255330712,6.148558743740706,3.690054331137268,2.50634656317735,1.8349597995689533,3.395709549917073,B
g26333,HiC_scaffold_7,3912130,3914500,1.111891978940194,7.821016295818616,4.302652205020316,6.019815948330974,4.6184296357749375,5.473628963142335,B
g26334,HiC_scaffold_7,3915028,3919298,17.041855285811845,35.79580416022669,35.314430197158615,32.398539406417584,28.04891694928176,31.15520731535797,B
g26335,HiC_scaffold_7,3920516,3921113,0.4446796067373603,1.0143710314903138,2.0222893655780365,2.9775367730136675,2.008754682731195,1.3339501996425231,B
g26336,HiC_scaffold_7,3921304,3923650,0.0490276630940607,0.1206187289879595,0.439355949953062,2.067934943046636,1.6314900416559648,1.5382944552257236,B
g26337,HiC_scaffold_7,3925193,3927524,0.0986863128431287,0.9171889111415908,0.3204983276888484,1.2959775891660392,1.8520719526339229,2.846886416464048,B
g26348,HiC_scaffold_7,3958095,3958765,0.2642309880839379,0.1424151476051381,0.246918147282304,21.44518415303281,17.660283822827783,30.60140340377429,B
g26349,HiC_scaffold_7,3958774,3961234,0.0160735631291317,0.0,0.0777287887368568,0.4243698104601057,0.4677726269562031,0.8263492638722781,B
g26367,HiC_scaffold_7,3987808,3989104,0.4903649836930638,0.1244629504606343,0.1381052773351184,5.550302269425717,3.59058366341252,4.422976468631624,B
g26368,HiC_scaffold_7,3991030,3991231,0.7571992494345685,0.8025073820745381,0.5326853934675302,0.0,0.0,0.0,B
g26369,HiC_scaffold_7,3991489,3991780,1.940347625073776,0.2724153222557479,0.36518046448432,6.488809869467405,4.23752511349699,4.010999237295398,B
g26370,HiC_scaffold_7,3992103,3993771,8.070689891822592,1.8365686804679813,1.580319706818016,3.6277703543930833,4.0046787511534,4.676932236045351,B
g26371,HiC_scaffold_7,3994810,3996448,1.293384088631991,1.004750062117027,3.108276925930717,0.233024776693588,0.1317170084550625,0.0,B
g26372,HiC_scaffold_7,3998601,4000329,2.716271656115421,0.2096321741794998,0.1438034537034399,2.0222071113312783,0.577154222021403,0.7062233780598988,B
g26373,HiC_scaffold_7,4000452,4002990,47.44037574903979,125.36385384055666,83.92299731918217,11.2860611251017,31.4730520634143,6.542351326591778,B
g26375,HiC_scaffold_7,4006428,4008819,21.87059139790646,397.27479488298445,200.65249154966585,24.46177410473821,52.948648756281344,32.81421375340466,B
g26376,HiC_scaffold_7,4010564,4012298,68.75310158872568,0.507656427493114,4.49922277840393,1.9775033392188648,1.610261800244082,1.6214189754563932,B
g26377,HiC_scaffold_7,4014012,4015599,471.7122573935175,160.70456709545914,36.5787590762323,9.937056855600606,7.380650942178222,6.488635308811638,B
g26378,HiC_scaffold_7,4016978,4019784,1.371316442195047,12.345304821729636,22.047818426602333,65.75324386149896,54.87986867025448,12.38293654213476,B
g26379,HiC_scaffold_7,4020962,4021868,1.7198842575598527,5.155894662573531,7.26399523641293,14.095158375555856,9.905828345260396,20.78366547395146,B
g26381,HiC_scaffold_7,4027211,4029020,505.70343849212696,151.22924660397592,88.99249518622794,46.633290469660366,53.254856289663365,4.810358009240558,B
g26382,HiC_scaffold_7,4030860,4032159,0.8747122432056813,0.8954948294679081,0.0,1.6694052872585408,1.3254492914484164,0.8982992853033891,B
g26383,HiC_scaffold_7,4033179,4034544,0.2489597276612217,0.0290376772074808,0.2862397222228215,1.7554039362724665,1.3442938981836985,0.8156978358466664,B
g26384,HiC_scaffold_7,4034906,4038303,33.60435188063483,190.09869408915955,109.27767891286902,75.70554509969217,73.75539442836865,46.38186674039086,B
g26385,HiC_scaffold_7,4039138,4040359,2.855523634622052,0.0973868043936395,0.1177963560021949,0.5193045190579099,0.3057377195190741,0.3044738150679364,B
g26386,HiC_scaffold_7,4040440,4043008,0.8512268512785521,0.124552064388562,0.1253939023298119,0.2050416016937435,0.1577369522461319,0.1653449147152009,B
g26387,HiC_scaffold_7,4043260,4045813,4.735540874627749,0.1745611653446156,1.6236722837268251,0.3618850712503079,0.3885609808650313,0.1661949606520866,B
g26388,HiC_scaffold_7,4046288,4048919,16.83572600770356,8.305857351623207,20.112630599846,8.76901955394401,7.687084867251519,9.992574492092036,B
g26389,HiC_scaffold_7,4049660,4050986,34.05742915070323,23.450838168660468,9.057406816837034,3.1723855825872747,17.34693249021849,10.174206243869335,B
g26390,HiC_scaffold_7,4051626,4053025,0.8063742129267953,13.586373411986507,13.949851176343229,1.320514505507904,2.5122324716722275,2.033516618509566,B
g26391,HiC_scaffold_7,4053185,4054957,0.9774834576398508,1.2939733029908491,1.8583830940136856,0.1597730766922626,0.0576261911990898,0.0567876273873335,B
g26401,HiC_scaffold_7,4076414,4077258,0.0,0.0,0.0460991508585512,0.0339611755344019,0.0338928542701514,0.0,B
g26402,HiC_scaffold_7,4079584,4080016,0.0,0.0,0.0813775202491517,0.0,0.0,0.0,B
g26407,HiC_scaffold_7,4088053,4089112,3.6401241076342976,4.09824088590724,9.48475707016302,0.0706079319093285,0.0259694887928517,0.0,B
g26408,HiC_scaffold_7,4092789,4094952,9.958113348271876,3.233138248771873,4.300245605128101,10.596206642448363,5.670484208262256,8.14733623820975,B
g26409,HiC_scaffold_7,4095070,4095406,18.33138489509622,2.054669336501232,2.5445048061062963,5.026329977092472,3.2201133516360056,8.057750327616986,B
g26410,HiC_scaffold_7,4095520,4096436,3.7373785860495055,4.190224147235448,3.3642804113847458,19.94249096820305,16.194600651974135,15.662784795359734,B
g26411,HiC_scaffold_7,4096753,4098976,1.2514402611652646,0.5066889880048305,0.6750252789301407,14.118765676710648,5.73284465683079,9.38653831863712,B
g26412,HiC_scaffold_7,4099078,4099639,5.120340221457846,2.752588957033117,3.907204720806944,60.307151448665344,42.78225885522176,42.85730623420888,B
g26413,HiC_scaffold_7,4099763,4100206,49.117747519964496,23.8518033323489,10.504066368600771,89.60103056717769,58.29875217969513,50.49216347709898,B
g26414,HiC_scaffold_7,4100270,4101377,49.08777299512505,11.18033687769938,19.13231195892133,16.504209817921186,14.043875333679352,19.46463082762052,B
g26415,HiC_scaffold_7,4101557,4103387,18.46345438128809,5.932728355548981,5.32089279383483,19.174650907436728,11.821744813911309,16.837298620422168,B
g26416,HiC_scaffold_7,4103722,4104433,122.0390157848757,1.180394771818256,1.1552785146950142,16.23733409830288,11.760433491781924,11.568366663606982,B
g26417,HiC_scaffold_7,4104497,4111706,1.1953318061950955,0.7960471109573428,11.137196344050205,1.417556202833216,0.9292521678929512,2.2234306726451774,B
g26418,HiC_scaffold_7,4114683,4117812,25.53460510522856,93.93683998362468,146.2979651873278,49.165525876536186,66.58265985195084,103.70733861292086,B
g26419,HiC_scaffold_7,4118238,4118958,38.25032585282192,1.5509940117781378,1.938775246862276,37.29347780949151,31.28541917800005,30.18384531890371,B
g26420,HiC_scaffold_7,4119223,4119946,0.2105076751540086,0.0548221706614264,0.5459591499921627,4.2471033042774105,3.063151452778712,0.806978403602422,B
g26421,HiC_scaffold_7,4120352,4121191,0.0506310875370419,10.241847895964904,3.0430194680801392,1.692843245779072,2.651383189227073,1.554192673536404,B
g26422,HiC_scaffold_7,4121546,4122374,3.3191521643941098,0.5794378647641801,2.1461454245296534,1.50714056332602,1.1419262141213284,1.987415158410457,B
g26423,HiC_scaffold_7,4127625,4128347,0.0571092957260856,0.0608854522092339,0.1080033448468005,0.1962415264602855,0.0844905948744392,0.4884628203927634,B
g26424,HiC_scaffold_7,4128920,4129718,0.2329458115142965,0.0496697110127961,0.0891133163124104,0.3162609442927453,0.1351832455196694,0.0,B
g26425,HiC_scaffold_7,4130189,4130966,0.1457872279097244,0.3624097877524898,0.5522281921105929,1.9832453806350177,0.6941842337496541,0.7508949624254199,B
g26426,HiC_scaffold_7,4131491,4131989,0.2239647681788056,14.8933063398901,13.455046308568804,8.856777978074682,9.18491395339452,9.485575040380605,B
g26427,HiC_scaffold_7,4134719,4135580,23.464260091995747,5.1375695195335584,215.6297846236336,102.08841619817156,264.4116597664621,110.60240970540006,B
g26428,HiC_scaffold_7,4136178,4136979,58.1545081460438,40.122346217287536,424.66205423564406,882.3871016162398,904.0346833782052,2959.504823051201,B
g26429,HiC_scaffold_7,4137713,4138298,0.7139671356556452,84.86281854072897,286.34068581805786,30.87226792338931,104.66470436878228,36.46698020003153,B
g26430,HiC_scaffold_7,4138737,4141281,0.590725650354782,0.1407653292515606,0.2936641516677302,0.976187542659835,0.856381569701291,0.8557829966624607,B
g26431,HiC_scaffold_7,4141811,4142073,0.1849659279486653,0.204057524926765,1.4111813768516308,2.402776622054277,1.873142002166791,1.3191347427114604,B
g26432,HiC_scaffold_7,4142372,4145931,347.64176843778284,671.7212913924576,800.5889846905085,729.71867032933,825.4911539796645,982.2595014331204,B
g26433,HiC_scaffold_7,4147522,4148590,523.1289113255857,597.3870693055037,398.43691893016126,701.0593692687194,829.8312858480806,968.0451054740654,B
g26434,HiC_scaffold_7,4148758,4152581,1.191611925409631,0.5969812799200251,1.241653651660549,4.579869820967824,2.9203951054483,5.023159361802581,B
g26435,HiC_scaffold_7,4152820,4153906,331.5156853518972,56.20995683082258,313.2843670557808,61.84555989147974,106.67322843977864,75.69327243288474,B
g26436,HiC_scaffold_7,4154961,4155975,29.157046089607043,0.0,0.9455763148427452,1.115382347235431,0.6612406498778699,0.6287264540144687,B
g26437,HiC_scaffold_7,4156668,4158585,5.381479985471195,3.443427823462521,5.0266744413175015,3.831900001869542,4.231521835773801,4.402656035404148,B
g26438,HiC_scaffold_7,4158831,4159899,25.476609423294743,14.3688619762794,8.873789033361657,6.877825618933523,4.9501923196806645,1.6403428741881525,B
g26439,HiC_scaffold_7,4160105,4162145,4.473257628126623,1.4051929143145123,1.4680119601701542,2.61415962340634,1.355667845147276,1.223544734763022,B
g26440,HiC_scaffold_7,4162201,4163668,7.618796121787145,1.6764386027401856,1.7249528082610424,2.451135651386597,1.0952769996989868,2.0423673651500405,B
g26441,HiC_scaffold_7,4165451,4166762,0.6048335107559047,0.0,0.0268154757800408,0.6155437838023023,0.3073516161451129,0.2022472031159446,B
g26442,HiC_scaffold_7,4167073,4168671,2.5189019386950307,0.0,0.0,0.6317816837414585,0.2305443838470717,0.2252648991645772,B
g26443,HiC_scaffold_7,4168689,4169469,6.639455914141179,0.0,0.0,2.0751937846002027,1.6596343065337882,1.9722349914912745,B
g26444,HiC_scaffold_7,4169549,4169852,0.9931011723005784,0.0,0.0,7.085413773504909,3.937393079132441,13.475866934984433,B
g26445,HiC_scaffold_7,4172305,4172749,0.1713930733517435,0.0,0.080984994751509,0.1719344973982419,0.2405652423959108,0.2394289154709196,B
g26446,HiC_scaffold_7,4173828,4174149,0.3474593599783339,0.0,1.0976733221133088,13.075000964212553,5.87778430336845,19.661317130645223,B
g26449,HiC_scaffold_7,4179654,4180014,7.364591136545613,0.8999641686556468,1.2917740081655578,4.95948621737045,7.626437643264432,7.962649337053003,B
g26450,HiC_scaffold_7,4180586,4181366,3.535334101424402,0.0,0.0,1.591861434131516,1.7328828986685108,1.1564803779076378,B
g26451,HiC_scaffold_7,4181384,4182971,10.834856401413408,0.0292759189937757,0.0,1.1931695830277125,0.4989757101418287,1.287287206743896,B
g26452,HiC_scaffold_7,4183225,4184563,8.759608207889485,0.3034515887418477,0.211394026775143,0.2142687109317241,0.2624292813196701,0.3963319630568064,B
g26460,HiC_scaffold_7,4207678,4208614,0.8055730337077976,0.3870132446390765,0.6060843092888415,11.330092141987173,21.92329507889417,13.099063328931363,B
g26461,HiC_scaffold_7,4208720,4209059,1.5713559645345692,0.1209898599123297,0.6340465401061461,1.8245926829579884,1.2665911359792368,1.8769575179800493,B
g26462,HiC_scaffold_7,4209596,4211708,14.405190392958108,23.59629406100314,27.95279061218585,26.64182410370433,23.198104978055056,19.9080911761735,B
g26463,HiC_scaffold_7,4211810,4212251,10.153327434903854,25.55064309005349,55.89711503161704,50.08928538621609,34.27343584117819,39.60337565579866,B
g26464,HiC_scaffold_7,4212290,4216457,1.57374902514516,2.203431449392101,1.7368204401502685,3.3601916214293848,2.3372873912179366,1.6291010732918814,B
g26465,HiC_scaffold_7,4216715,4217652,11.083610490405867,1.2157006855189023,0.9769197491285542,2.845563237475312,2.45389724717212,1.3909356413063236,B
g26466,HiC_scaffold_7,4217809,4219642,176.90389757204065,511.4704373685463,323.7828948212596,285.25552741387366,354.6446201154487,153.7240381759798,B
g26467,HiC_scaffold_7,4219796,4220903,5.631166782102705,2.732736461386134,10.781389131073553,3.7125389105668702,5.947109919708337,4.123736879217367,B
g26468,HiC_scaffold_7,4221180,4222194,2.897657487279102,2.1070889731252267,3.05819715375942,11.306168140209722,34.83040646209132,8.580875364284609,B
g26469,HiC_scaffold_7,4222807,4225450,17.972887749902867,2.4241416534252,4.130573095823354,6.568886506704788,5.4278804101806495,10.240393840471068,B
g26470,HiC_scaffold_7,4225513,4226506,1.9050479571812933,0.2518050290541271,0.0891133163124104,1.649656288865365,1.8276436448436373,0.6653034830297297,B
g26471,HiC_scaffold_7,4226662,4227871,3.0991244156305187,0.5687432843840172,0.1744669416756008,1.7485632070821642,2.6443898459877806,1.1842240268405684,B
g26472,HiC_scaffold_7,4228128,4229652,15.135173772273834,17.627972224263893,10.407232087694734,27.979926482424283,20.75008458587496,23.19643897540722,B
g26473,HiC_scaffold_7,4229714,4230975,24.34556345664689,19.678263174123984,43.778422546128326,25.0595472740742,21.79188083389176,19.308191469037705,B
g26474,HiC_scaffold_7,4231098,4232274,14.451537265764864,6.916786503984176,58.422325733517695,17.99483275562345,29.597045536701927,54.50599477957246,B
g26475,HiC_scaffold_7,4233808,4235029,5.761956976292169,0.4937110889071092,1.7184420178308546,7.754252759668154,7.579840512043184,10.777533087440844,B
g26476,HiC_scaffold_7,4235045,4237158,30.159514597247163,52.51906364933372,24.181368899636063,35.11274887325217,19.3910014006744,23.324522377130428,B
g26477,HiC_scaffold_7,4237366,4238858,7.146339267462938,23.92895659027101,25.83716444906808,17.724249097067105,11.703559962215904,13.311951457214796,B
g26478,HiC_scaffold_7,4239969,4240611,1.812324848913908,3.478192245108933,2.550211687708892,1.9787394714022453,0.8801813313009913,2.426443469225617,B
g26479,HiC_scaffold_7,4240641,4247913,11.982289453290315,15.22531987021361,36.58865906432765,43.12660234972887,28.19141926643475,63.04386904234743,B
g26480,HiC_scaffold_7,4249112,4250360,126.4743141072069,34.45948751000212,180.4237250840295,63.546817449438784,70.46942992988042,93.32853365720804,B
g26481,HiC_scaffold_7,4250551,4251358,6.479925697003259,1.593921277583212,6.557445974193113,3.5636145834667783,2.932943599179487,2.893843340071249,B
g26482,HiC_scaffold_7,4251516,4252648,30.349472973286154,22.069095153840337,8.626920402623277,35.99515468116179,17.409629247744245,9.611082343811734,B
g26483,HiC_scaffold_7,4253239,4254226,210.2689498049195,1416.8742568839568,1405.815970910655,372.0395315938747,363.20838499322633,302.14145040480406,B
g26484,HiC_scaffold_7,4254956,4255943,103.09193475527152,1130.0405099042655,637.9238330281845,1449.5998233008668,1497.4274475949703,1163.0756012001057,B
g26485,HiC_scaffold_7,4256203,4257787,15.176518721298162,71.9790068842562,48.45351283290496,44.1100363458468,30.873339993276574,32.640021522109635,B
g26486,HiC_scaffold_7,4257883,4259086,69.06540592904142,35.17861278936239,7.375853854982699,26.215987068789104,17.1773061862017,12.529155266637574,B
g26487,HiC_scaffold_7,4259240,4260662,5.4879712371268505,0.0865307225955269,0.0,0.0,0.0,0.1119195859773374,B
g26488,HiC_scaffold_7,4260855,4262592,0.2180485902752216,5.369618708009961,1.3528607181687755,0.043047668331594,0.047498598672936,0.0,B
g26489,HiC_scaffold_7,4264121,4264847,0.7753428889306585,0.1110908979318058,0.9750899014943388,0.5557699039702605,0.0,0.2924281962731653,B
g26490,HiC_scaffold_7,4264981,4265446,4.734689350276598,2.686916791108769,7.180806550376607,14.802453167608448,10.655590839633645,11.525774098531308,B
g26491,HiC_scaffold_7,4265700,4266492,6.42442906170556,7.242355248292103,10.638408026600278,0.4819376063435571,0.1362073610160306,0.0,B
g26492,HiC_scaffold_7,4268060,4269584,3.2056603302381528,9.140427563111755,12.946252106727412,7.926648945954136,3.0471188104162863,4.491663413932695,B
g26493,HiC_scaffold_7,4269793,4270333,1.9406613493080205,11.239974794847884,25.80199670451354,35.104350056996324,34.49883243417056,47.34542696797519,B
g26494,HiC_scaffold_7,4270617,4271598,4.466058832986091,1.878270760006808,7.933945537763074,41.655664026772094,41.74299389462123,83.39454729432468,B
g26495,HiC_scaffold_7,4271654,4273012,3.0887722430481155,0.0915390978942524,1.094879544531233,2.946806513403276,1.1829897192274563,6.128477778191792,B
g26496,HiC_scaffold_7,4273419,4274347,3.584794795917548,1.821591337807612,1.5606559140081722,4.701377895439934,3.2903285406460445,4.383555243964818,B
g26497,HiC_scaffold_7,4274630,4275278,6.835769287707031,2.331170955168651,1.5872020875621042,5.794067233664113,2.639740606159843,7.196889919010353,B
g26498,HiC_scaffold_7,4275456,4276113,47.788941085668064,87.7431114385154,69.31466378296642,150.13839993504024,99.68948396178462,126.9112086232304,B
g26499,HiC_scaffold_7,4276370,4277664,2.718263115020416,14.204577024578448,13.052837634716395,14.927506168604168,12.96133912532457,11.751958370469191,B
g26500,HiC_scaffold_7,4278135,4281375,21.53756890531909,71.11861563080488,216.22506868334852,42.96403854813628,68.7477559567533,49.5031862855004,B
g26501,HiC_scaffold_7,4282074,4282722,663.7041934137602,156.30165288973723,74.26577364833761,127.78910232831528,55.558815202822345,105.62118156144724,B
g26502,HiC_scaffold_7,4282980,4284042,29.751886192731867,3.032545332816732,11.143316508065698,55.86265616301272,6.354666614029178,9.299104098013334,B
g26503,HiC_scaffold_7,4284819,4285878,0.2155765568503516,0.0387304650710857,0.2369207882584075,1.7653090354871848,0.3275442202096991,0.7018083568952243,B
g26504,HiC_scaffold_7,4285947,4289694,0.2120840550130242,0.3308679946653585,0.0951065868717785,0.6997632478357871,0.1882723628807507,0.1275043929071737,B
g26506,HiC_scaffold_7,4289859,4293666,20.67636799229692,66.90069376297366,24.171067242016456,59.32716823658906,29.8303973299197,69.55346480474297,B
g26513,HiC_scaffold_7,4303308,4303515,1.8465451419018424,1.9481157463403649,3.1112226201251896,22.203398316420422,10.836837928944687,8.712509065933322,B
g26514,HiC_scaffold_7,4303609,4304695,0.351965786716097,0.6696565931938196,15.122695198370971,5.513278306802047,3.3306164727256533,0.7333041152730997,B
g26515,HiC_scaffold_7,4305218,4308974,0.8254216110504701,4.429471065853517,11.276834562133512,15.370633272083229,5.518178830310333,3.689510091711116,B
g26516,HiC_scaffold_7,4309332,4313142,3.638672518962689,10.96573999152027,9.31227631690923,14.728442086287048,5.822104600589201,11.050512297689089,B
g26517,HiC_scaffold_7,4313759,4314965,1.6638491454951525,0.4146969933339576,0.6650955198979394,6.920433917541977,3.3094985238625183,3.380223612111406,B
g26518,HiC_scaffold_7,4315720,4317049,0.1124646240551409,0.7168963643614444,0.3006453113893861,0.2937735985998563,0.9481535404039382,0.2458187704933789,B
g26519,HiC_scaffold_7,4317294,4320273,5.126940100126372,12.9576846219273,6.227749133775709,13.711593407790236,8.730592068639396,11.438739759427794,B
g26520,HiC_scaffold_7,4320306,4324113,3.7590224747073857,10.057151413276896,8.286099351697253,16.524883523937827,11.515290040868402,13.931070311265303,B
g26521,HiC_scaffold_7,4324453,4324936,7.860883271373314,6.158322501842011,4.416920895484695,8.57367062744169,12.67780292026046,4.945744929846587,B
g26601,HiC_scaffold_8,192810,193286,4.789910330497261,1.805391966411393,1.515931701774683,0.5661316206235019,0.1351832455196694,0.5313104362166902,B
g26602,HiC_scaffold_8,194578,196216,6.220441198901062,5.188303813721182,12.467216187787956,4.171585458148371,3.884112807430464,3.434408460582197,B
g26603,HiC_scaffold_8,197422,198610,1.9396803247666088,0.0,0.0,0.3761019184808245,0.5029671208402398,0.3045874483483612,B
g26604,HiC_scaffold_8,199133,199940,1.908282783172549,0.2489967945293599,0.4841601249493821,0.2200773651222203,0.0327588926031203,1.380864393137888,B
g26605,HiC_scaffold_8,200526,201261,18.63646119071792,7.40212465352786,6.146455373882814,11.03055657659566,16.46647293062311,66.17282975033555,B
g26607,HiC_scaffold_8,210112,211651,250.55820423608145,23.009077012434886,30.26902420542816,2.29691335794207,7.389359991849306,39.85415662320743,B
g26608,HiC_scaffold_8,211899,213336,0.8190075146189861,0.8361204451948194,1.5846918185092465,0.1409373929141439,0.0559321790487587,0.110751323075695,B
g26609,HiC_scaffold_8,213630,214638,5.048939301119165,0.5152886720366592,30.267129982473424,1.415753905794065,2.100436272074755,18.65460253102608,B
g26610,HiC_scaffold_8,215442,216429,0.3084033417149915,52.54233574692482,47.92873827976255,1.224943267655362,1.6297427438320544,0.5375908541173917,B
g26611,HiC_scaffold_8,216642,217960,1.996748743409889,2.133066817196754,1.8228630227486056,1.399547580173818,0.9958782602939548,1.8395187167514369,B
g26612,HiC_scaffold_8,218497,220017,4.673149766529783,4.033001126615286,9.944422094449436,0.707099602339333,0.5219607571005633,0.5361453544739708,B
g26613,HiC_scaffold_8,221314,222031,9.971839808641436,1.9160978082545124,18.699442469858923,1.8969759022491504,3.7405747223216745,3.700154623527655,B
g26614,HiC_scaffold_8,222586,222919,16.24969107846523,3.641255689854364,15.02040075991103,0.0748486485405194,0.7272939524928248,1.4337806419799444,B
g26615,HiC_scaffold_8,223743,225026,1.3259167748336786,4.279603293486774,11.92190819067386,3.321062371215847,1.5387366042822503,4.423751484741272,B
g26616,HiC_scaffold_8,225143,226324,6.463479493592351,1.5571601013021772,1.923814434477778,3.543379944402912,3.806200759092908,5.436822309809597,B
g26621,HiC_scaffold_8,241016,241280,0.0,0.150137990106861,0.0,0.8674876914184027,1.4301772906683214,0.6028395881052039,B
g26624,HiC_scaffold_8,246380,247773,0.5969657038572743,1.0171197504989895,1.942650535791664,7.489383560035199,4.283766649507258,13.040245443027748,B
g26625,HiC_scaffold_8,249339,250455,1.2133453838994963,11.379248110400694,4.756905133097319,5.50037247907022,5.887694922496584,5.516553080547816,B
g26626,HiC_scaffold_8,250891,252112,12.919984970560668,5.341885276777836,17.249354654877934,10.727977398302706,20.88287113016736,22.536501362041573,B
g26627,HiC_scaffold_8,255119,256820,0.4671833945524996,15.559839061007631,17.964121320511165,9.85860037878948,16.635614794341514,19.475924744520498,B
g26628,HiC_scaffold_8,256900,257915,0.8238656671590655,0.2120749961292053,0.0753822592655555,2.3743455284058017,1.322522808134346,1.3349132248658797,B
g26629,HiC_scaffold_8,258062,259064,28.86506497636452,33.56607301727328,2.461692433743088,62.51170510281688,48.30379585743482,66.38341721816495,B
g26630,HiC_scaffold_8,260439,261930,20.8409150908014,48.507179294165326,28.26955088534812,7.796253316327195,12.827213659142746,5.517544419881862,B
g26631,HiC_scaffold_8,262037,263221,8.96017185475132,0.1062638857592796,0.4134333299137546,0.3146332738173213,0.1663272981375681,0.2369491360902622,B
g26632,HiC_scaffold_8,263478,264633,14.797236398483626,7.327223044894624,1.726715961361598,5.694950462577658,4.951840328500993,2.8502939581465734,B
g26633,HiC_scaffold_8,264721,281779,0.533703501061873,0.3424140316614492,0.2725633152300874,1.0834608738342588,0.5965915956598351,0.6621787554689905,B
g26634,HiC_scaffold_8,281963,282398,10.290727992157349,9.115817248494192,56.90166807907541,62.19100422636519,36.272854370414414,43.70315428097243,B
g26635,HiC_scaffold_8,283802,289838,0.5537425877000723,0.0345436501951509,0.2204625102763578,0.3120023582249305,0.162543390973433,0.5563256394069143,B
g26636,HiC_scaffold_8,290326,292873,0.8894909782949025,3.329608526222382,3.129882999229025,2.695030250578087,1.8436638353462984,2.062861616285648,B
g26637,HiC_scaffold_8,292996,293908,3.0777788392087606,4.163575497464528,3.947810741970669,5.953348462389499,5.174185632525139,8.324813783017294,B
g26638,HiC_scaffold_8,294456,296222,2.033363804156466,4.632534881091077,10.1546135717702,15.484307895280796,10.638995203253357,14.379892605512476,B
g26639,HiC_scaffold_8,296567,297277,8.848698634988107,3.0028167244837283,0.8545908417471325,8.006434273540968,9.325828750104613,3.3126227511041506,B
g26640,HiC_scaffold_8,297635,299177,113.69845799931498,79.16782189193411,9.70927634957254,42.21536490240104,35.30737274471825,14.231901516583504,B
g26641,HiC_scaffold_8,299332,301207,23.76302004935725,12.536373165457736,8.90179176440484,18.85478790780505,11.028398471408252,8.268198375694809,B
g26642,HiC_scaffold_8,301680,302574,16.141660693104747,16.761721906392324,121.0014797101745,185.7938511503218,125.4967067445966,151.69959073183165,B
g26643,HiC_scaffold_8,302758,304834,4.120521332107949,3.583203019163478,2.440809505364624,4.981970266871253,3.2050703573734607,3.2342321585828016,B
g26644,HiC_scaffold_8,304921,319798,0.3004878889518689,0.0249354107144905,0.0639901908007889,1.0280723604184347,0.6504234952509869,0.7738107317938399,B
g26645,HiC_scaffold_8,319887,321042,15.034625864186015,6.531955909362846,1.5454812993341274,7.354083368105527,6.080010767898092,4.135636002511018,B
g26646,HiC_scaffold_8,321293,322477,7.139055279826161,0.1441501195683486,0.032133456362529,0.7560219420056978,0.2854045045312255,0.1900025709903276,B
g26647,HiC_scaffold_8,322583,324074,18.64508760725726,40.256677976792425,23.3924379705595,8.037792391262604,12.147601700613796,4.270024187309639,B
g26648,HiC_scaffold_8,325441,326443,12.415878951804125,16.267745510872615,1.5717590989692138,105.77086128774624,77.75445933273373,89.35358294549036,B
g26649,HiC_scaffold_8,326597,327602,1.07829733614639,0.553153334838075,0.679880021205175,12.80830566265977,7.433644523184216,10.338465090950317,B
g26650,HiC_scaffold_8,327683,329408,0.3273282080559238,15.894817709038293,17.069474497981332,11.67602728329194,17.93581348824414,18.0333250050674,B
g26653,HiC_scaffold_8,340657,341327,1.2371692660295095,0.142833979777338,0.3843914941475868,0.2245459456215583,0.1467383848540145,0.190984562207621,B
g26654,HiC_scaffold_8,342326,343547,10.507374117033969,5.392873842439625,10.768983634996363,6.253582381559204,13.41160285668732,14.03780508405458,B
g26655,HiC_scaffold_8,344004,345120,4.674824808917522,7.699717715048809,23.644734493146814,7.690809510672834,7.389794038120632,6.133776920101637,B
g26656,HiC_scaffold_8,346708,348101,0.8360272178698225,2.195138931826833,3.938303584859095,4.699729410994353,2.955588297730859,7.169913299997286,B
g26657,HiC_scaffold_8,349026,350209,11.067384730555023,1.9880101646680453,3.950690356516864,1.810656143906077,1.7303938312145286,3.613642043064934,B
g26658,HiC_scaffold_8,350326,351600,0.6157952113249441,1.7622201005297176,3.998172074335886,2.761073805464992,1.84795897077712,3.415625333849298,B
g26659,HiC_scaffold_8,352433,352730,14.190159577211665,1.3717082789853898,10.978930569728924,1.0175940520996525,6.598270931205239,3.753089467024021,B
g26660,HiC_scaffold_8,353321,354038,8.16915613297225,2.0228127211307827,16.770457539610312,3.2051748415484536,5.753888469005716,3.554483215151174,B
g26661,HiC_scaffold_8,355336,356868,9.90583353149336,7.275056183587226,24.70748175104441,9.04569718017388,9.832625364098115,10.28518154399899,B
g26662,HiC_scaffold_8,357406,358196,3.1694594251720507,1.6968975510288824,2.3324203545183946,3.959032044398724,3.373351568895915,5.699578454927096,B
g26663,HiC_scaffold_8,358221,358725,3.401300402867515,1.7629505507970105,2.049915405617062,2.3242989681270885,1.5560680293830602,1.097583801791544,B
g26664,HiC_scaffold_8,358938,359925,0.3101685104412434,40.49084945751461,44.545683521986334,3.3843621887546904,3.6420253100921087,0.5917582560205354,B
g26665,HiC_scaffold_8,360662,361670,4.711806336577928,0.1179655636553908,37.15645121258906,1.3833799837238856,1.5046218182055735,15.7047213676373,B
g26666,HiC_scaffold_8,362051,363410,0.725383647035057,0.2947032327066362,0.7878569837157732,0.28316763659292,0.1167171140429057,0.7424438161330118,B
g26667,HiC_scaffold_8,363651,365190,244.96512590306764,11.00378317300683,24.643677771687955,3.199935887334634,6.155775426097972,25.880567709029208,B
g26668,HiC_scaffold_8,368200,368935,17.53786798773542,6.97821322139532,5.7214423750821055,7.776908927407367,12.818953456332322,50.66003846578744,B
g26669,HiC_scaffold_8,369513,370320,1.5901134925180869,0.1964630948610226,0.5742678377887581,0.725881951418293,0.4993035548528416,1.9081701680080387,B
g26670,HiC_scaffold_8,370847,372485,4.607167876866651,4.230265957057321,7.349240712805382,6.887022836722851,6.93677810473492,6.642612707231235,B
g26671,HiC_scaffold_8,373742,374266,4.834380208714352,1.8104657387674448,1.119001636884193,1.6938002251383275,1.197136689977257,1.6612864363855149,B
g26682,HiC_scaffold_8,409983,410333,20.734446124061414,18.80960388883413,1.7400865322497236,18.965127815758603,13.936321656579985,15.555788008620402,B
g26683,HiC_scaffold_8,410700,411410,6.955527676869714,2.327535177520456,0.4215238458948869,6.344099865547488,5.927016612853254,2.802016316135241,B
g26684,HiC_scaffold_8,411752,413520,1.698691796426648,4.171360749085525,7.346559634494204,9.804435409463542,7.510276771395152,9.148998620897796,B
g26685,HiC_scaffold_8,414046,414958,2.7108891860737434,5.022603005207423,3.275794033386827,2.938254028873775,2.7065462068608244,4.305392633323879,B
g26686,HiC_scaffold_8,415081,417628,1.2270381515090585,3.989309715778488,3.945864681420832,2.869470479214804,2.003879441580584,2.5006227384489748,B
g26689,HiC_scaffold_8,423180,430211,0.2495448239494618,0.051717181806652,0.2766860176888709,0.5697357177691796,0.3695849037070152,0.9161942313252514,B
g26690,HiC_scaffold_8,430990,431821,371.9956455591912,43.25166116826755,161.3644102184735,95.62902094299642,64.5315575080137,207.22239286824657,B
g26691,HiC_scaffold_8,432230,433295,358.24205907928524,928.7829813211016,544.8474023488542,84.11236695623028,374.3493395622992,70.60829028650885,B
g26692,HiC_scaffold_8,433493,434949,17.42857694712912,15.350667979069136,12.37325782735685,8.501143472111863,17.674501578710135,8.121910688074747,B
g26693,HiC_scaffold_8,436704,438170,16.112503026702004,20.20878251537568,32.87647149069992,17.24843928388421,16.994944394441124,13.470732047910314,B
g26694,HiC_scaffold_8,438392,438749,74.73337152707896,53.342200528701966,60.70078416518399,34.93996365326839,32.513577982952285,29.136136214134872,B
g26695,HiC_scaffold_8,438961,439996,45.947084777545335,84.41334775349486,35.76518810169624,37.658505888170055,34.690507348607106,25.135272270408063,B
g26696,HiC_scaffold_8,440444,440864,457.1119444449652,694.9765424779462,83.41930266127525,82.10155197575577,60.33442033449186,19.585068358838768,B
g26697,HiC_scaffold_8,441081,442431,23.56666772846213,13.685053834994616,10.645874353032331,5.091492947154055,12.364984115644484,4.28428199286062,B
g26698,HiC_scaffold_8,442565,443432,7.879405992857631,8.569362383524405,18.03542251740072,7.739329985674635,4.162084649334216,3.856981216976243,B
g26699,HiC_scaffold_8,443934,444306,1.4366448750269616,0.3270633183031474,0.0966595098647043,1.5662809163679612,1.592080651303542,1.143079983538584,B
g26700,HiC_scaffold_8,444532,445297,10.092543022276866,0.5253344135560614,1.0695346774640644,0.5600177127403949,0.6387435575998281,0.1389626646654749,B
g26701,HiC_scaffold_8,445930,446749,0.4645819570706603,0.200320207620414,0.8682835948388714,0.8293341475447771,0.4945891249915345,0.2592220640956263,B
g26702,HiC_scaffold_8,447689,448514,0.1415286292745179,0.0,0.0852244575700207,0.8101649932736292,0.2653918142450036,0.7716346727746609,B
g26703,HiC_scaffold_8,449061,449883,19.134504509766664,0.2960281129167174,0.3470218425684315,0.5230884029187867,0.4914881156534733,0.1289494306876273,B
g26704,HiC_scaffold_8,450107,451617,14.74657946198987,16.469170983320375,10.086354586043502,6.889491870051382,4.578193695003341,3.5617819362090737,B
g26705,HiC_scaffold_8,451729,452882,11.670087529418073,46.79060529404418,35.05683619085448,59.28978865830014,49.14555696162601,50.16846635990485,B
g26706,HiC_scaffold_8,454118,454991,2.304988942983492,3.645252975011714,1.2273767351566691,0.8530641881965217,0.5294414607481678,0.5472611228215122,B
g26707,HiC_scaffold_8,455069,457317,1.726170098997875,4.857458023252995,1.845252458296721,5.7901984431721,4.745192612087831,4.362607527598559,B
g26708,HiC_scaffold_8,458688,464517,2.5229390898904938,3.3796666426024364,3.0174953948459504,4.617202634823228,3.2418818947781816,4.042929943001719,B
g26709,HiC_scaffold_8,466672,472688,0.0,0.0066492919624578,0.0120641965004764,40.19357810433555,35.363566443506656,75.59388821884228,B
g26711,HiC_scaffold_8,476761,477522,1.073344071004678,46.07731913467309,12.047402571390087,13.842800624337022,52.38454730971459,22.7993132788274,B
g26712,HiC_scaffold_8,478603,484410,9.785889149698548,3.886399998346087,3.4020497611384104,4.130212848917334,4.572372781215806,5.0796791540124655,B
g26713,HiC_scaffold_8,484724,485988,3.728444129772482,3.3194243614015537,2.849845382839053,8.955769002068884,9.244285185940178,12.55866978388166,B
g26714,HiC_scaffold_8,486551,492401,7.857111168975358,3.051916970247605,3.4426326530795794,3.6038514649433697,3.828397470260688,4.219064311512969,B
g26716,HiC_scaffold_8,494985,496040,0.702074583483004,0.1635223422033882,0.2549024712899597,0.0254852760368026,0.0281203360241615,0.0,B
g26717,HiC_scaffold_8,498903,504733,156.54192005733626,223.14402626159324,197.4079523047569,12.009007524335631,9.6839829262704,4.028647920329993,B
g26718,HiC_scaffold_8,504802,506481,0.5659211944502358,0.4253619282439325,0.729261728789169,0.6501811196470485,0.5578042674780026,0.8599463157151129,B
g26719,HiC_scaffold_8,506733,508361,86.63365970367205,32.550739989663924,79.86510706874775,34.085348663288386,32.69449976604499,46.46054906280472,B
g26720,HiC_scaffold_8,508573,509649,1.5107347472967612,0.2195393620056381,1.1356804801253646,0.6666842507151088,0.1198476262107899,0.9335439703955496,B
g26721,HiC_scaffold_8,509813,511176,4.977050988716881,1.4373988860268652,2.396393301020717,2.9125712599652696,2.167478368467655,3.462894905543438,B
g26722,HiC_scaffold_8,511271,511892,12.417908288157175,2.9864834565069343,4.765140450214122,8.286366925503268,5.9509034442005,12.783257042667229,B
g26723,HiC_scaffold_8,511929,518701,3.708522684006068,0.5881689491862271,0.907580473776688,3.805048381163026,2.4092659107031893,3.402262992135708,B
g26724,HiC_scaffold_8,522452,526131,212.4149153204772,2.242752052605129,17.40237842120344,3.603482708344947,40.839104756713326,9.606878537653472,B
g26725,HiC_scaffold_8,526602,531216,0.2301462724076325,0.01718094035033,0.0768877076646036,0.1367448166155237,0.0644109803735089,0.2416509705569988,B
g26728,HiC_scaffold_8,535920,536391,0.0789345042838253,0.0,0.0,0.4333166678778457,0.3974214626684728,0.0,B
g26746,HiC_scaffold_8,567435,567939,0.6708091403268986,0.0,0.0,0.0,0.1049064536933259,0.0,B
g26747,HiC_scaffold_8,570760,572251,408.0532548030195,0.1595027339565847,8.03472826553353,0.6050289878227525,4.857750378739111,1.6025585606999448,B
g26748,HiC_scaffold_8,572653,574156,0.912518738363237,0.0,0.2594244656767232,4.403745781887473,13.578730220208842,0.2115697246012568,B
g26749,HiC_scaffold_8,575225,576689,5.331315451774955,11.161635446438606,2.839116683922879,12.638989047604811,15.627170298901191,3.224109489606036,B
g26750,HiC_scaffold_8,577148,578591,3.0579097039154166,0.3050160240031391,2.0919390177312804,1.3311688048938008,0.1502548317049925,0.4049725607318968,B
g26751,HiC_scaffold_8,579394,579814,12.582123580133516,5.929899564282725,8.806305768147197,3.816945842240972,3.2659369368730613,2.276518888890661,B
g26752,HiC_scaffold_8,579902,581147,6.722640144815262,3.9701673395432495,6.456314001543303,4.295825107401146,2.70987577582252,3.7939810149925135,B
g26753,HiC_scaffold_8,581189,581834,9.277376583505095,5.656262120913618,8.930397736126494,6.383885517460044,5.471655987566837,7.981569154502817,B
g26754,HiC_scaffold_8,581907,583305,2.884949053871985,3.075922038361576,6.793739505193508,7.010201479714526,6.244271099202296,7.634058279444824,B
g26755,HiC_scaffold_8,583462,584975,4.345204484211574,1.5026274896563725,2.8143126431495467,2.2202618811370387,0.4066564423810331,1.7965047218513668,B
g26756,HiC_scaffold_8,585031,586546,14.03874507095144,25.74531211665272,33.86350052212101,18.517378229462345,11.205140377636283,10.614069244959955,B
g26757,HiC_scaffold_8,588175,589651,3.169001306669034,12.404001355436469,4.1937602262828975,6.1654585478488,15.29555835787239,0.8992414963714843,B
g26758,HiC_scaffold_8,589799,591071,0.1570275295638722,0.0997416428579621,0.1768965831276208,0.5490262451404494,0.4253272995794055,0.3958946548750593,B
g26760,HiC_scaffold_8,598055,599416,78.9183576524784,52.145443092048986,34.06181592716413,51.719946788195614,34.95279280096325,35.385725369076816,B
g26761,HiC_scaffold_8,599794,601955,9.57620380464183,8.262463961351884,39.18626001615524,4.952475057740859,4.155302204182881,4.885222229780412,B
g26762,HiC_scaffold_8,603025,606413,14.758183668603325,9.4955936612718,23.961407791360703,5.168874932676821,8.475203960093568,5.655186918592289,B
g26763,HiC_scaffold_8,606660,607165,197.314001844718,128.00038227038323,27.234200403475185,124.08430289087528,105.60852084332312,60.94499634386059,B
g26764,HiC_scaffold_8,607392,607768,185.38548149487343,272.6858812861404,139.4635618026068,413.2951891915267,331.9165396737045,239.2874126454962,B
g26765,HiC_scaffold_8,608073,609846,8.022586975434844,6.432617062953687,4.498490267144112,0.9771210402818358,0.5863185139905822,2.0647219319902184,B
g26766,HiC_scaffold_8,609975,610586,0.8607492688932632,1.563589873461507,2.353262690844483,11.845092817591214,4.641094298965108,4.725743118056245,B
g26767,HiC_scaffold_8,610670,614189,3.04746376489967,2.179617693293718,1.3504061798288682,1.9809319643344057,1.413561807988413,1.6368421608849046,B
g26768,HiC_scaffold_8,614211,616979,11.872755910121631,3.65907769437584,3.5317897552245325,2.9547626665334983,2.232502149943138,2.7159824620495847,B
g26769,HiC_scaffold_8,617060,617862,3.4275602262806464,7.426843187003536,10.134586979558946,24.43616950165976,26.189730363193725,37.92590071878567,B
g26770,HiC_scaffold_8,618611,619517,2.387097323209852,914.420072854076,1019.85264572924,116.24960783662806,263.4718500776004,354.7653856467607,B
g26771,HiC_scaffold_8,619815,622694,0.4558361025657,0.7624096138413707,0.7504020471168285,0.2423518708725184,0.029668416609828,0.1158430951095406,B
g26772,HiC_scaffold_8,623464,624385,0.937902923529569,12.451804283474768,44.11572173956739,53.01776017658437,59.79838416884235,25.064548961741227,B
g26773,HiC_scaffold_8,624809,625889,2.9631610872755485,188.9366995357482,28.25810198664415,222.1799508999361,194.6065562319905,203.3059806626836,B
g26774,HiC_scaffold_8,626636,627839,25.73421326379374,30.77479396436956,37.564801236217306,11.33820348008324,38.61518670428751,53.17278259111841,B
g26775,HiC_scaffold_8,627929,628439,14.178631481390893,0.0777184889964927,0.2099407138960266,0.0977435292705606,0.7796307005131059,0.8325602764483058,B
g26776,HiC_scaffold_8,628878,629430,2897.6986860049474,3.5584260325642205,9.284253977496514,5.105578723635792,3.36823745063341,5.579323643414809,B
g26777,HiC_scaffold_8,630255,630870,23.20972297978673,62.09534353936258,338.62634141893807,23.677332211037623,17.508574424612124,19.33214756768401,B
g26778,HiC_scaffold_8,631409,633296,48.29050706912136,6.876702419593472,26.95139096893515,9.472627830824011,8.995152240969382,14.82405709121486,B
g26779,HiC_scaffold_8,633857,636737,129.01985022585478,29.98885851705761,53.57158831281994,9.188241551281234,9.744473420995591,12.589287420352385,B
g26780,HiC_scaffold_8,637059,638328,7.5218250519380545,9.367591634111104,20.557171376441293,13.84334440442997,12.410087356984604,34.472313665312015,B
g26781,HiC_scaffold_8,638717,639635,4.904793027865584,14.353221325694747,12.097573262450876,5.770285930715153,7.337552065891115,12.434893105913716,B
g26782,HiC_scaffold_8,642816,643131,1.3370006902354723,2.0483045561521545,5.202523185035327,0.0,0.0,0.0,B
g26783,HiC_scaffold_8,643694,644739,12.09126895534188,11.148101596340195,6.867757302837836,15.374547014084053,10.643678211927895,9.247252239009695,B
g26784,HiC_scaffold_8,644795,645962,8.27803680738389,21.07429256872604,13.3293175012893,3.889071069484399,13.120272558341592,3.002906934150481,B
g26785,HiC_scaffold_8,646843,647549,4.74134109459029,0.8154959202167568,1.4947299566551089,2.0748861184469884,2.006422406995146,1.9836561005016344,B
g26786,HiC_scaffold_8,647623,648877,3.738356664944464,0.9985443174718618,1.0532651568687024,2.6076973594134865,1.6378862980644946,1.0581901452954163,B
g26787,HiC_scaffold_8,649057,650236,2.1048630574147285,10.053506821742198,24.564458867424367,2.579633207815453,5.026234894778615,0.9456976913910032,B
g26788,HiC_scaffold_8,651367,652476,0.8615383634869513,5.867233027133635,4.817287283508806,4.73416877691314,2.702776738873178,2.372209009815537,B
g26789,HiC_scaffold_8,652565,655561,3.978127812097384,0.793454276634163,1.6988078020290995,4.169207862293086,1.55153385272109,2.0353863549887703,B
g26790,HiC_scaffold_8,655737,657177,19.37668232965333,3.3534426947072458,9.098743691370052,4.223975290347314,1.7194202803488,2.057032569438782,B
g26791,HiC_scaffold_8,657228,658363,35.30150414262713,21.87660675073515,29.023370630377883,13.08287307907855,12.321491600303084,11.002261952808851,B
g26792,HiC_scaffold_8,658897,659303,6.209678026710676,1.960040512448285,5.000715014134617,3.012975823913796,1.70800151404236,1.82930633631924,B
g26793,HiC_scaffold_8,660102,663507,10.140431209231233,2.237314953770128,3.585272475670239,1.7444789501163689,1.456431488284624,1.5390251792555096,B
g26794,HiC_scaffold_8,663693,665541,4.694709577976466,1.5030664256334971,1.960781791988277,2.057888019992891,1.1371514929273554,1.2063501858291494,B
g26795,HiC_scaffold_8,665673,666204,7.34610299278052,8.50307422446974,17.289497642430295,6.789571844574793,6.02686084877959,8.601029699436225,B
g26796,HiC_scaffold_8,666373,667699,55.92732853888973,39.59574413089081,61.36520147109883,20.29784568196857,20.36988692495472,18.15850628912888,B
g26797,HiC_scaffold_8,667801,672941,3.84778195007552,1.1733039881936378,2.545333575653855,1.8736753414434288,1.3641569590934872,1.817384864740748,B
g26798,HiC_scaffold_8,673250,676538,9.27698336428817,74.23858031186337,27.04875977621512,48.19069062343739,24.71103112222054,23.03581557336731,B
g26799,HiC_scaffold_8,676804,678337,17.55163518927327,26.531601456210005,19.71380197522585,19.30867956892485,13.507528315400084,16.794109967846406,B
g26800,HiC_scaffold_8,678466,679442,29.9340300983367,12.828379085782007,12.236356904251693,23.767944217911733,20.74410511951608,24.198580690090843,B
g26801,HiC_scaffold_8,679627,681435,48.21546613903443,47.79004733756025,67.12828242945419,58.19081686589307,44.12641691753934,61.47502975245951,B
g26802,HiC_scaffold_8,681632,682796,15.77126987593362,46.612614131342944,85.40246255358261,10.446563071878058,9.73750943144286,10.12495220550468,B
g26803,HiC_scaffold_8,682934,683582,26.22231579591648,23.951668942179467,17.176385968659048,10.703889130820365,9.041990244399226,10.155029268506606,B
g26804,HiC_scaffold_8,683653,685777,5.277647594527681,2.0851995710012554,6.389095909545403,2.799832613792196,2.2955440643265383,4.123588007925216,B
g26805,HiC_scaffold_8,686844,688611,4.017017228768491,14.7711069695947,49.67411891692895,11.54628582469726,16.903099984656755,37.117291765512434,B
g26806,HiC_scaffold_8,689339,690568,34.76174173732426,7.509245481161202,15.206897901430256,8.32517167839097,9.281074750132769,13.509511658201491,B
g26807,HiC_scaffold_8,691478,692711,1.1109273659587466,12.523445754870943,50.78604343645655,2.884816355631848,3.3872469517670627,1.937384266922872,B
g26808,HiC_scaffold_8,693702,695059,16.92368858205952,5.387015260803617,16.684654339476324,3.6312806645852858,3.8490840059346576,2.7515001611414207,B
g26809,HiC_scaffold_8,695125,696948,8.70967997961868,2.7191121777795924,6.13407584289922,2.607085221509461,3.230785539080875,2.0372167555069023,B
g26810,HiC_scaffold_8,697043,698693,108.4570962713014,13.820316891378916,33.99583036292963,9.698266026058691,10.063810570366522,6.209424873712097,B
g26811,HiC_scaffold_8,698873,701135,11.283980096373964,2.6325742757693327,3.003680364575116,3.454474747528182,1.6994469709306426,3.282877972767131,B
g26812,HiC_scaffold_8,701211,703657,5.377848224749428,5.832409049598445,4.276578468742937,9.136955516774954,5.970399411333296,6.284047647690755,B
g27489,HiC_scaffold_8,2412079,2412879,0.0,0.0,0.1179310554184138,0.0439298788007189,0.0438415030360168,0.0,B
g27492,HiC_scaffold_8,2416800,2418870,9.012436024446224,1.7597934954111158,1.90993177874283,1.2328752231346338,1.3478567328605866,1.0768237376658985,B
g27493,HiC_scaffold_8,2419023,2424786,0.4445291492327928,0.0435118181539889,0.0962452206089205,0.1806233291361936,0.0925808393908212,0.0287845272670959,B
g27556,HiC_scaffold_8,2563949,2564834,47.32299297390992,8.692590316226758,25.13829330528069,15.171046253392806,28.10412125308537,32.31216277861652,B
g27557,HiC_scaffold_8,2566648,2567533,41.630131261712414,7.955741049788031,27.11283462191028,20.924114295057446,36.45725391472645,50.65413386970037,B
g27558,HiC_scaffold_8,2569347,2570232,36.79387102063895,7.891100678236251,26.014924603827644,29.528891190344805,51.34955279590747,69.71612599798968,B
g27559,HiC_scaffold_8,2572271,2581054,0.0346672289474229,0.0065797525544839,0.0088203448842079,0.1026787715011218,0.1601970661798225,0.0396546281725746,B
g27561,HiC_scaffold_8,2584196,2585306,0.8242563210368472,0.0726594521608027,0.2879322472223854,7.758960444551299,7.511745325085414,6.55169444628192,B
g27562,HiC_scaffold_8,2586040,2586926,54.6654151667703,7.812005288911047,28.29267670524238,21.17023974596357,40.03860098313367,50.29622204916436,B
g27563,HiC_scaffold_8,2588633,2589518,56.39820980681058,6.953691920147775,35.49855700937325,33.74862421731231,57.73629184049639,68.75866674000761,B
g27581,HiC_scaffold_8,2620615,2622973,3.485032024122039,8.781002582321863,7.824970842751555,16.54061717239727,10.866714595586476,27.163146249287426,B
g27582,HiC_scaffold_8,2623105,2623936,2.6857278137967,3.291542790539536,6.380611476727216,5.123661921574781,5.7639465807940615,4.408967569021954,B
g27583,HiC_scaffold_8,2624241,2625354,7.109699760005352,4.931242451449775,5.230540861773994,6.763746709879663,5.692664405599693,8.487603522809977,B
g27584,HiC_scaffold_8,2626586,2627474,2.5336188377497986,8.81887340285391,5.673304791150915,36.57851321756519,39.56396166167176,92.47066191948178,B
g27585,HiC_scaffold_8,2628694,2629369,141.0211152236048,18.652811564023025,10.349429653716316,120.48219057119763,91.0006838980632,244.2758438890501,B
g27586,HiC_scaffold_8,2629754,2631578,18.301052062739192,24.705261700276,16.33038571579371,28.24962775470489,21.094553342102188,24.93714226542263,B
g27590,HiC_scaffold_8,2646205,2648278,0.0179344676882208,0.0197856066137384,0.1029123392435651,0.8748045692826993,0.6892558684764927,1.792457908015607,B
g27591,HiC_scaffold_8,2648428,2654746,0.0181184702632526,0.0129001906427528,0.0797487578124058,2.5983696742712663,2.2586585887917607,5.900069776124909,B
g27592,HiC_scaffold_8,2654916,2656599,0.0441808098843514,0.0,0.063618398150311,10.42895124721332,9.683049568356171,18.00869715567665,B
g27599,HiC_scaffold_8,2680890,2682408,0.2449153591415133,0.613271238233082,0.4484734314608832,11.3020663480887,1.9163848212647607,0.0,B
g27600,HiC_scaffold_8,2682468,2684712,0.0,0.0182778799065417,0.0,0.0347165926014527,0.0,0.0,B
g27607,HiC_scaffold_8,2704881,2705370,0.0,0.0,0.1470647757450715,0.9908450265557264,0.8327178281592853,1.1956756883026294,B
g27608,HiC_scaffold_8,2706416,2706931,7.350323171655476,1.7344514386772276,4.974536517994531,81.13641904984823,53.70826087201063,83.45772109399566,B
g27609,HiC_scaffold_8,2707882,2708371,0.0,0.0,0.0735323878725357,0.0,0.0,0.0,B
g27610,HiC_scaffold_8,2716240,2716663,6.964030916219646,0.0,0.0,0.0,0.0,0.0,B
g27612,HiC_scaffold_8,2733563,2735183,0.2097716223812145,0.0,0.0660924469672676,0.1259828089941143,0.1664756634640374,1.310702908263604,B
g27626,HiC_scaffold_8,2762724,2765907,0.5221401161703287,0.165782525964613,0.5264072855412611,11.864221802942884,15.000093927461824,8.307578577362058,B
g27627,HiC_scaffold_8,2766081,2767380,0.6663208730589252,0.2146529167356025,0.1088703648287688,6.558037636740476,3.1086196437735207,9.760922936439632,B
g27628,HiC_scaffold_8,2767494,2768235,21.38419046887961,12.078143477567322,31.43620432711965,5.973324165157512,16.280491720318647,10.5372017351488,B
g27629,HiC_scaffold_8,2768412,2771284,73.93945698312855,169.5910396193862,141.29476436736994,91.41748754151357,116.1985040523889,57.70501342539856,B
g27630,HiC_scaffold_8,2771478,2775747,2.284375432813455,2.3078343624977853,3.510388673378533,7.667736162003576,4.906184621792638,6.551895651122766,B
g27631,HiC_scaffold_8,2775775,2776490,2.212968503147121,0.3311073512938172,2.3656569693769685,13.957631426914348,9.580031330525854,24.396654924522352,B
g27634,HiC_scaffold_8,2787577,2789577,18.089071472349723,11.75133869532593,10.877478625889363,1.5617450134591024,1.2441431108564898,1.1543815542152402,B
g27635,HiC_scaffold_8,2791964,2793011,9.606861310779347,2.5588214251053696,0.8814298429616749,0.1964252793918871,0.2323344302588562,0.1015343251853756,B
g27636,HiC_scaffold_8,2793493,2793966,10.70548340248018,31.532531610416207,17.95827778680525,9.533191778029138,9.224199370372578,4.766202102575142,B
g27637,HiC_scaffold_8,2794207,2796886,67.58077408795879,51.48165185387794,74.73568349987934,12.06006883649371,11.023517451165043,13.066159081050865,B
g27638,HiC_scaffold_8,2797441,2797918,0.6381427636744164,5.215512685020142,1.5611632181899298,2.52150636764042,1.07535581403095,1.8910999890313576,B
g27640,HiC_scaffold_8,2800373,2807920,0.0126037477495117,0.0,0.0,0.0,0.0,0.0,B
g27641,HiC_scaffold_8,2809098,2809335,0.6348304962174582,0.0,0.0,0.3221051343663267,0.111546102661258,0.0,B
g27642,HiC_scaffold_8,2810264,2811472,0.1044676635955191,0.0,0.0979763969200817,0.833453332507424,0.6349363941041798,0.2888186158725604,B
g27643,HiC_scaffold_8,2813173,2814808,0.0,0.0250859709542995,0.0215015833318859,0.0,0.0,0.0,B
g27644,HiC_scaffold_8,2816317,2817682,2.905448013281851,0.5441366628376776,1.622311769880319,0.3885598200947967,0.2147284672348751,0.3819016468610552,B
g27645,HiC_scaffold_8,2818368,2819553,7.978341507132868,0.1886764443053459,27.521728775026816,5.549061737044388,5.313658113287163,9.119689030103498,B
g27646,HiC_scaffold_8,2819848,2820889,10.057295776646283,129.87415614089858,127.7443245900113,7.706242603613612,6.708345815727872,3.2639538398085146,B
g27647,HiC_scaffold_8,2821449,2822532,0.5519463918831561,0.1590255297351422,2.898538663200133,4.763836055726912,3.6422199233682,11.052243774397686,B
g27648,HiC_scaffold_8,2822672,2823759,2.48168719812037,0.3121757380679261,4.119349598239951,0.4012435879489332,0.3957230495334212,0.36098398615558,B
g27649,HiC_scaffold_8,2824301,2826440,100.45028126470665,10.197858726228809,11.744404915538556,21.34019661058076,14.269416006937792,22.40727234742612,B
g27650,HiC_scaffold_8,2826557,2828029,0.533621057503247,0.1864936764134921,0.1653777358541943,0.2548179460390931,0.1254374766566235,0.1236121377547538,B
g27651,HiC_scaffold_8,2828129,2828555,0.3572700683951837,0.0930432614746744,0.0844068959381924,0.2998902200132533,0.188672632143348,0.1247728151045637,B
g27652,HiC_scaffold_8,2828719,2829905,1.0876658795950664,2.35629232796016,1.6772526006132304,8.122110091485691,6.930253891526261,7.564510587896224,B
g27653,HiC_scaffold_8,2829998,2830842,3.641227763738588,4.870664688572759,3.231810989437484,9.956826005685231,10.364263444793346,10.099679975837102,B
g27654,HiC_scaffold_8,2831122,2832406,67.99397892984123,51.23959675389755,50.45625172346547,2.6269457895230683,2.5007131882485054,1.983414662461246,B
g27655,HiC_scaffold_8,2833586,2834923,1.2838542239453448,2.8830487601904324,1.944351791878577,2.155896601649085,1.8527954213306987,5.2230710254917785,B
g27656,HiC_scaffold_8,2835189,2836152,54.48504034833108,47.354300602160606,8.771837879504053,46.92088596819201,41.58110698163264,24.635024143669405,B
g27660,HiC_scaffold_8,2846536,2847323,0.1028441259133657,0.2779258826904474,3.0623958589223346,0.8856587629060444,0.1857713087903379,0.0,B
g27661,HiC_scaffold_8,2847784,2848875,6.970287411340416,0.6588500475858093,9.69776959879646,2.8040281261964908,2.8572982474231576,1.599504137616829,B
g27662,HiC_scaffold_8,2849402,2851541,260.59717545949326,24.15723747402851,34.975568149499416,24.26483403840001,15.766154438071478,24.71581806003342,B
g27663,HiC_scaffold_8,2851659,2852103,0.1981732410629534,0.0,0.0915497102802957,0.1338914502104855,0.0688448602362451,0.1384198417566254,B
g27664,HiC_scaffold_8,2852405,2853657,0.5779774678246756,0.3041514668196269,0.5092033978607653,1.6390106240445927,1.2902633461599209,2.361175916313268,B
g27665,HiC_scaffold_8,2853822,2855010,2.8046924372733004,14.861604198442462,12.352063773519603,39.68306445345512,32.55694746633765,29.63006613921592,B
g27666,HiC_scaffold_8,2855105,2855949,4.192451961211178,4.868903343589276,4.137966501990438,3.464160739541608,3.9684553678033616,2.102426263156546,B
g27667,HiC_scaffold_8,2856087,2857512,86.70568519843334,35.677207390371635,46.72934023780169,87.93269286210975,84.44877516615756,103.03058406520182,B
g27668,HiC_scaffold_8,2858316,2859654,2.4087166324246128,1.3729948304023951,2.84853058980796,2.621085273007944,2.0623063987197674,4.918825848523062,B
g27669,HiC_scaffold_8,2859948,2860911,57.49754973626808,43.15673723063513,10.267059068113475,20.5409508016224,17.357522529212133,13.0616849070733,B
g27680,HiC_scaffold_8,2881476,2889431,0.0047591079771738,0.0,0.0,8.664934531727068,10.034872830115296,33.36299144311414,B
g27683,HiC_scaffold_8,2894547,2895075,1.3004336034969275,0.0,0.0,8.882151375201795,19.23916655463044,1.3057610186170094,B
g27685,HiC_scaffold_8,2898038,2898456,532.6191810288703,348.4679869461916,418.9082922050477,327.62149916696467,366.0446678870305,331.7658058068714,B
g27687,HiC_scaffold_8,2903775,2904527,0.4746299531868329,0.0635900193957826,0.0545040135622225,1.3623856400504986,0.9182232593564612,0.7407115662374886,B
g27688,HiC_scaffold_8,2905771,2906539,52.85716683938588,0.1068113607038535,27.59537947138348,31.310883862132968,47.0377049920351,112.09258977865198,B
g27689,HiC_scaffold_8,2908534,2911176,0.861042082680611,0.1204931130011486,1.4527550734470271,3.1227300104634708,2.662868294560273,15.64635295974794,B
g27690,HiC_scaffold_8,2911225,2912384,24.15778859975089,33.012599392438325,30.768736785193976,35.73242965142353,29.606652009840417,24.49699531488816,B
g27691,HiC_scaffold_8,2912566,2915794,37.89774374096322,25.10022670265674,5.840694424581727,19.850599950763048,18.12600082650016,14.22203011379928,B
g27692,HiC_scaffold_8,2916228,2916524,4.068814819951205,3.090212225821721,73.21510752262364,2.842973869850697,24.465371889381554,148.32459081930176,B
g27693,HiC_scaffold_8,2916868,2920585,11.198318729421157,23.45225520931356,33.10034458573517,13.208085214870012,12.586623656502985,12.381697553648005,B
g27694,HiC_scaffold_8,2920828,2921735,2.894172879993344,5.066449972381026,56.423015022870885,242.77195199095,112.99768043779991,27.89444786890087,B
g27695,HiC_scaffold_8,2922402,2923359,0.5141348771096299,0.082834753162406,0.5560499736120399,0.9849077524082204,0.3702467767068487,1.4970291199392092,B
g27696,HiC_scaffold_8,2923576,2924146,18.07125813746138,9.616802075181155,10.60448464117685,5.0647544891386485,3.50498382141878,3.0718529303532827,B
g27697,HiC_scaffold_8,2925564,2926416,0.858254036483167,0.1507373700334616,0.4455665815620524,0.0,0.0,0.0,B
g27698,HiC_scaffold_8,2926697,2927550,8.516718520835918,1.1743639456163415,4.976927899048482,12.31170720040766,8.09958450210624,8.658837421688247,B
g27699,HiC_scaffold_8,2927672,2928786,10.548901940424557,11.018422610337076,6.620630661119143,7.810359773729299,7.464858665138939,7.131275592953364,B
g27700,HiC_scaffold_8,2929075,2934367,1.871365260114188,4.010776361667922,4.498704064099388,3.591584624009961,3.575552963649802,4.620608897349419,B
g27701,HiC_scaffold_8,2934525,2935204,2.096877288471788,8.751786111199058,149.38479410889164,0.3121462306723884,0.1881545634293749,0.1836035206720005,B
g27702,HiC_scaffold_8,2935544,2935943,0.478991033049726,0.0,0.79900387342058,3.397083636727116,7.095785474618598,7.581662655917636,B
g27722,HiC_scaffold_8,2992753,2993128,0.0991417373804846,0.109374833360746,0.1874938066540457,3.5313368087433714,1.517368967618493,3.255930693800593,B
g27726,HiC_scaffold_8,3001706,3002309,0.0,0.065732055370168,0.0,0.0,0.0,0.0,B
g27729,HiC_scaffold_8,3013109,3013869,29.84874512616625,22.88697210315716,44.85085369003227,0.0,0.0,0.0,B
g27730,HiC_scaffold_8,3013909,3014475,12.991761376528594,5.942462343613184,9.749517856386262,0.2504965367169527,0.0539248796698626,0.3120581397250467,B
g27731,HiC_scaffold_8,3014817,3015489,5.858345414404738,0.1769483454830862,5.152068137578607,4.075959594135963,2.91144446378753,4.816155135228987,B
g27732,HiC_scaffold_8,3015791,3020348,1.079334771210522,0.0173958434883525,0.0077145246319143,0.2755624251038285,0.224188807852069,0.5707236482699933,B
g27733,HiC_scaffold_8,3020624,3022694,8.00218745484402,0.7238009416286925,0.4801784888880083,0.0,0.0,0.0,B
g27735,HiC_scaffold_8,3027928,3033510,0.0070293347547138,0.0,0.0067985134561675,0.966202802100074,0.9024003425648092,1.1040090668752869,B
g27746,HiC_scaffold_8,3074249,3076062,5.163363823375686,1.7795227103779083,2.718605216208715,12.11899115457399,14.426280383530884,11.642893772704838,B
g27747,HiC_scaffold_8,3076444,3077157,0.0606236340350349,0.0,0.0,3.3196716570772304,1.508965022929038,0.9097591879941876,B
g27748,HiC_scaffold_8,3083456,3085253,6.0094722329156856,8.766267956802054,7.0351200821709945,6.187595667060801,5.5391514212138855,6.34927754882545,B
g27749,HiC_scaffold_8,3085483,3087500,1.1882145308792311,1.105478392845661,51.060260284292575,96.70734419374104,101.59136314343272,3.668252716667322,B
g27750,HiC_scaffold_8,3088238,3088736,0.0,0.0,0.0722034892965261,147.55738907293926,115.5502649799084,171.6891235193761,B
g27760,HiC_scaffold_8,3114963,3117549,0.0143767020563347,0.0,0.0,1.2663824867921458,0.8543434605005605,2.031990931773884,B
g27761,HiC_scaffold_8,3117861,3119892,0.1182990062324997,0.0,0.0,0.4151463202571137,0.2480770434978624,0.2691095166674685,B
g27767,HiC_scaffold_8,3134380,3136444,0.0728947808156674,0.0,0.0,0.0,0.0,0.0,B
g27769,HiC_scaffold_8,3141839,3142822,0.0,0.0,0.0382953036466596,9.896424249390838,16.395277341064215,18.84840844064145,B
g27770,HiC_scaffold_8,3145948,3147313,9.385948571882782,3.257389520828859,5.023360411932812,0.3076137634930281,0.2561414091697468,0.0,B
g27771,HiC_scaffold_8,3147652,3148324,1.759137593907612,0.0,0.3162723665623128,0.3431277789989565,0.2817202879742177,0.1581941048647147,B
g27772,HiC_scaffold_8,3148689,3153246,0.3830222977137258,0.0,0.0029893782948668,0.0328562869968212,0.0252714509730756,0.0586523660096631,B
g27773,HiC_scaffold_8,3153706,3154543,3.5208313019893227,1.1595963787646713,1.193289086655192,0.0,0.0,0.0,B
g27774,HiC_scaffold_8,3154729,3156823,2.271193015316684,3.1930272015253696,4.318294956975198,0.0119028653123175,0.0,0.0,B
g27776,HiC_scaffold_8,3164776,3165596,11.25702023372294,21.22244704495185,27.523409538376995,0.0,0.0,0.0,B
g27777,HiC_scaffold_8,3165960,3167877,2.326653721160403,9.062929517087635,14.020569668166182,0.0130018779154892,0.0,0.0,B
g27784,HiC_scaffold_8,3188354,3190632,0.4703457707266413,0.0,0.0,0.0532008537118313,0.0289718262518598,0.0,B
g27785,HiC_scaffold_8,3190907,3192968,2.0290802562755736,0.0796032266089855,0.0515611427292271,0.0120934497641887,0.0,0.0514296128215573,B
g27786,HiC_scaffold_8,3194060,3199162,0.0,0.0,0.0085162521190972,0.0,0.0,0.0,B
g27792,HiC_scaffold_8,3216740,3220600,0.0099700057703624,0.0,0.0,0.0814670288083768,0.1151446487253851,0.1422076070179691,B
g27805,HiC_scaffold_8,3245616,3246612,1.7712889933037057,1.017045044837729,1.1784700405085615,5.691959662992625,6.173443749513663,4.103321042797777,B
g27806,HiC_scaffold_8,3246940,3247432,1.845438272804182,0.4084154739536453,0.6496032406846501,5.826348655329477,7.115144636276563,5.28363341339619,B
g27808,HiC_scaffold_8,3252801,3255602,0.0,0.0,0.0132001973824045,0.0,0.0,0.0,B
g27809,HiC_scaffold_8,3256081,3256858,0.0556800758948389,0.1134089539004615,0.0,2.0705424694504844,1.614362467819261,0.4558073089605241,B
g27810,HiC_scaffold_8,3263308,3263773,0.0799530140165198,0.0852396330929275,0.0,23.095589315188874,14.95244225769984,22.72062445144073,B
g27812,HiC_scaffold_8,3273962,3275654,3.6595084580379655,0.0,0.0,0.0,0.0318783185356666,0.0314144321717164,B
g27813,HiC_scaffold_8,3277550,3280256,9.13351315521679,0.0,0.0395675403129983,0.0184217294634094,0.181757061517592,0.2352544734069088,B
g27814,HiC_scaffold_8,3282408,3284199,3.997913161358333,0.0450318212721893,0.0401533642319039,0.0139165828944684,0.1677208544646041,0.2966064689567743,B
g27815,HiC_scaffold_8,3284629,3286996,1.6747326420263196,0.4244622162762853,6.294574021042735,3.843199003023337,2.6527235795350457,3.565387244183369,B
g27816,HiC_scaffold_8,3289107,3291474,3.816170398774241,1.779126409814871,4.39029893802106,3.3012049776346424,2.55470367193508,2.442730738878244,B
g27817,HiC_scaffold_8,3291652,3294133,1.130657008481399,1.1514326682304108,1.616699280857394,2.1442774982342114,1.2451809859910032,1.7760240153953863,B
g27818,HiC_scaffold_8,3294120,3297600,3.101846817984599,5.335282718009736,3.45634339300103,7.2832366600052465,5.4972166922784425,9.62860782564022,B
g27819,HiC_scaffold_8,3300460,3300868,74.15246911365047,10.113544254265154,16.194072375624778,135.50337936034816,95.98995585032742,278.3364345164745,B
g27820,HiC_scaffold_8,3301313,3302342,106.82035557559246,7.80771758878528,88.35249468507234,373.6505442695053,473.2658080484364,945.5956875834796,B
g27821,HiC_scaffold_8,3302564,3303143,1.1828786202306865,0.9042286369242796,0.1242049660437651,5.435426385352061,5.233370982037481,6.234488447825775,B
g27822,HiC_scaffold_8,3307659,3309303,1.674400192007999,0.5468204692529027,1.0138897743032789,10.359537195368164,12.653851942951256,10.769933976321816,B
g27823,HiC_scaffold_8,3316343,3317294,9.98777896820114,0.0,0.0,4.819626965925181,3.268523465079857,5.857894644563409,B
g27825,HiC_scaffold_8,3323586,3325278,4.1690039491951305,0.0,0.0,0.0156558610619583,0.0156243654436868,0.0,B
g27826,HiC_scaffold_8,3327117,3328848,1.3457172129148565,0.0228979950249632,0.0,0.0441010495926166,0.0,0.0,B
g27827,HiC_scaffold_8,3331799,3333491,1.4416245440755624,0.0,0.0,0.0,0.0162539530919798,0.0,B
g27828,HiC_scaffold_8,3334564,3336355,3.448469188835813,0.0,0.0597821128347144,0.0417497486834053,0.1659364955016027,0.1778946448706902,B
g27829,HiC_scaffold_8,3338522,3340313,4.985227387893659,0.1121945355584553,0.1200121591825703,0.0278331657889368,0.150581002128275,0.1482166888491692,B
g27831,HiC_scaffold_8,3343990,3346357,0.998851257377199,0.3239896449500209,8.284147852120384,1.9390971625211928,1.2806028985638416,1.748813250939338,B
g27832,HiC_scaffold_8,3348466,3350833,2.1978192574475983,1.1575130647125933,3.672725114131072,3.549536045493504,2.803990418871563,1.918327604919959,B
g27833,HiC_scaffold_8,3351020,3353501,2.3404789385072275,1.934495398839684,2.97931523691632,5.458030507776157,3.092650384269734,4.68588258889962,B
g27834,HiC_scaffold_8,3353751,3356963,3.216002023669801,5.286529405509622,3.699096050880408,9.005896630708499,6.413640342182962,10.480692502990465,B
g27835,HiC_scaffold_8,3359813,3360221,104.99463860348226,8.180722714073925,30.126240227767028,431.4426976165746,301.2130139376267,873.563433304025,B
g27836,HiC_scaffold_8,3360708,3361737,97.13402996839682,4.598547678853159,80.91260839358372,398.6243819393271,519.5145600468524,999.9664762078372,B
g27837,HiC_scaffold_8,3362092,3362545,0.164141949305438,0.0,0.0,0.8907040845086295,0.6537019892769509,0.7019631259948986,B
g27838,HiC_scaffold_8,3363683,3364076,72.09576015305035,0.41044270686255,0.5469256414656071,40.43485589838095,33.3803681678589,44.691208502747656,B
g27839,HiC_scaffold_8,3364520,3365735,2.122829163954627,2.7039530865932115,3.4495594663178064,6.927099144788621,7.36172560953489,2.588157982685376,B
g27849,HiC_scaffold_8,3387021,3389456,0.0234601404764872,0.0,0.0,0.0150238697793809,0.0318703150460737,0.0,B
g27850,HiC_scaffold_8,3389935,3390610,0.5060329626524123,0.0,0.6841920700021555,102.75971448142624,103.29273611140236,245.84131998787177,B
g27851,HiC_scaffold_8,3390890,3392924,4.975394810896268,4.943606419858449,2.889283820527532,14.587951235602915,4.7883766808048325,6.3170200385163175,B
g27852,HiC_scaffold_8,3393134,3395012,6.172355872595174,8.796102424561251,4.86986793598876,27.25599108562649,9.570546201802324,17.30475039840975,B
g27853,HiC_scaffold_8,3395456,3396464,0.3388613589190261,0.63325423569205,0.2116441262419749,5.316724283119356,3.084753053166524,2.1067943629274777,B
g27854,HiC_scaffold_8,3396955,3397936,3.637625939213852,1.0701886114194217,12.280204919182076,6.494186762125807,5.120801627331989,17.689614797342017,B
g27855,HiC_scaffold_8,3398273,3399260,3.366558518071084,0.3670155997793066,13.028021340021612,5.408002283575389,2.646676958075677,4.301983191374225,B
g27856,HiC_scaffold_8,3399885,3402038,2.4188595067746648,5.3722521778034125,6.824396154298071,4.782728090383534,4.419189294122091,4.2952700318041295,B
g27857,HiC_scaffold_8,3402080,3402968,6.932275767665213,12.725872034337227,13.223395379501678,9.716457808853384,12.065569165043089,31.9820737879076,B
g27860,HiC_scaffold_8,3409346,3411686,15.645199873544597,8.182154761431608,8.075553554143523,5.932839452294321,6.368760112872547,7.667618637411397,B
g27861,HiC_scaffold_8,3411987,3412449,8.458332414064284,2.165724386492992,4.024572127351442,79.40005922115546,21.18567036759883,76.39770503838784,B
g27862,HiC_scaffold_8,3412622,3413174,0.0673517237639161,0.0718051257032813,0.063686754977597,4.224771465990781,0.5422514276181054,6.058537539062066,B
g27863,HiC_scaffold_8,3413220,3414185,1.2112112886579571,4.03340174415604,1.2209995934147453,10.570328934199114,9.753420870125852,7.789306270540912,B
g27864,HiC_scaffold_8,3414432,3415224,0.8940998742029841,0.200183986809148,0.2249775132629761,1.5402241825306446,0.7477954574304514,0.535726937556537,B
g27865,HiC_scaffold_8,3415426,3417480,2.6327445098987585,0.5532326421037663,0.3298796285022521,2.7043354187467017,1.333510505518423,1.3009176441568857,B
g27866,HiC_scaffold_8,3419519,3421916,0.4069015632556438,0.1345882217747034,0.7116795932804545,12.416828820027913,12.688128857516013,16.86920386249701,B
g27867,HiC_scaffold_8,3422444,3423302,0.2701398796854822,0.0,0.0419083189623193,0.768059927428556,0.7310169312621566,0.4336509727760013,B
g27868,HiC_scaffold_8,3423938,3426326,0.6195836161002384,0.0,0.2241829231301791,5.773049250358254,4.95542600149933,8.600915072419962,B
g27869,HiC_scaffold_8,3426597,3428018,0.5771644187059718,0.0330238023432204,0.0,0.9821719424833096,0.5185681100204846,0.7262920247729127,B
g27870,HiC_scaffold_8,3428130,3428544,8.605538363385747,1.4527587111920583,2.229123298504525,4.414103027577645,2.587694355412028,2.1803736899895525,B
g27871,HiC_scaffold_8,3428580,3429000,4.407969501009967,0.5760856564177935,1.5276579419042975,3.331012150406531,2.6035258101610723,1.643742469431802,B
g27873,HiC_scaffold_8,3433334,3435254,0.0,0.0,0.0187277800362864,0.0413901826825523,0.0710641566964781,0.0,B
g27874,HiC_scaffold_8,3435632,3436085,16.256367920054714,48.95550407396834,18.735647815104315,7.2909551289905234,3.14003497030088,3.165335305865911,B
g27875,HiC_scaffold_8,3436343,3441200,6.9078298798084,7.019503076612854,4.253553039207682,8.396227074961212,11.91992110635136,10.02286406866884,B
g27876,HiC_scaffold_8,3441332,3442985,53.36908447241837,9.084973780660851,9.801417636501291,12.2122266111118,11.122468461012902,20.996947520699702,B
g27877,HiC_scaffold_8,3443085,3443538,15.949296615556133,5.308727350251695,2.015138637351473,18.6856347470272,13.499603207109368,9.015294867241948,B
g27878,HiC_scaffold_8,3443664,3445525,13.54444708207052,10.9967697213432,6.016185986100027,13.5409719061005,8.692068870418474,10.089797727336215,B
g27879,HiC_scaffold_8,3445573,3452800,2.810614356741143,1.7628414356118758,2.6724340180399047,4.1678982741978015,3.057697439010705,4.12530581350024,B
g27880,HiC_scaffold_8,3453313,3454186,0.2635026291378386,0.0,0.0,2.0629426534940567,0.9619349369640176,1.5805425601273055,B
g27881,HiC_scaffold_8,3455047,3456829,0.630783194834178,0.0,0.0,0.014865161008324,0.0605366048960136,0.0,B
g27882,HiC_scaffold_8,3456863,3457403,2.765747125018249,2.5467060400751,0.0651020161993214,0.3721516975273783,9.743396728498414,0.2947215764069885,B
g27890,HiC_scaffold_8,3471194,3472487,1.3675791026487003,0.0951637181212987,0.16437357334097,4.399141917290175,4.999939542291814,2.216019903761521,B
g27891,HiC_scaffold_8,3472791,3473511,4.794097121135155,0.0,0.0998814935268611,0.3159050466411358,0.0381967897661527,0.0,B
g27892,HiC_scaffold_8,3474544,3476029,351.3364190383619,0.0552398148286596,0.0,1.552660877839416,1.722782520308649,0.9645433409683264,B
g27893,HiC_scaffold_8,3476488,3479671,0.1062167159047303,0.0257716383979137,0.0112966816430003,1.893170533647741,2.379970739951478,1.41659863275663,B
g27894,HiC_scaffold_8,3480806,3482291,432.36278708666623,0.0276199074143298,0.1210684770022558,1.338681529879452,2.083850104632384,0.3931012742413533,B
g27895,HiC_scaffold_8,3483324,3484029,9.413168663375329,0.0581781028514606,0.102006631687007,0.106062127506353,0.1140064415504485,0.1507892744242387,B
g27898,HiC_scaffold_8,3494094,3496113,0.2603867190916177,0.0,0.0178094787863645,4.32736593461637,6.330796295884813,0.91973878272739,B
g27899,HiC_scaffold_8,3496407,3496917,0.8986928802781482,0.0777184889964927,0.278872260460014,1.255551540355039,1.0120402160696051,1.1452262719456243,B
g27900,HiC_scaffold_8,3499482,3501105,26.73308399982344,3.166766082286097,2.3916476319521367,4.603783376683128,2.7597005954878115,4.317840274168605,B
g27901,HiC_scaffold_8,3501252,3503628,8.460313009814499,1.68608078727281,1.3106585544123832,1.9591235221841263,1.1185485146015044,1.9759872037148112,B
g27902,HiC_scaffold_8,3503711,3504368,240.3353580823652,127.33562598223044,25.31349851176337,37.28460876998064,31.81465324045222,9.28826483915562,B
g27903,HiC_scaffold_8,3504684,3505731,0.547614390220174,0.0,1.838442222349012,1.248474009626527,1.008139121126055,11.258762577610618,B
g27904,HiC_scaffold_8,3505747,3506227,1.0286860394306805,0.0,2.150694909237409,1.7040285817389624,1.1281493213027187,14.710433300437897,B
g27907,HiC_scaffold_8,3513774,3516309,25.798334247156493,0.9641127108482016,4.61765655788077,4.283962826686426,3.311935544886046,1.3816695674518575,B
g27908,HiC_scaffold_8,3516600,3518238,0.092916391414132,0.3404568239799116,0.1292629923124772,0.9140877029031316,2.0512496526173285,0.7127660467013551,B
g27909,HiC_scaffold_8,3518464,3520060,0.0953615596092407,0.0762328035142674,0.0665836561183816,11.335869774038455,24.015651146456065,101.71977462910664,B
g27911,HiC_scaffold_8,3524975,3527642,1.2018900033205944,0.044585409885502,0.2405760538431964,4.058171896530194,3.017809154368167,21.41209677243685,B
g27912,HiC_scaffold_8,3528788,3531263,8.457290494716762,1.0200718035954273,0.7625402712265341,14.492905376016974,7.304782117906871,6.476372414360783,B
g27919,HiC_scaffold_8,3551145,3551691,19.08480490420253,0.5207887753256804,14.316394072251168,5.806724102802189,35.33408552623055,13.409915709306176,B
g27920,HiC_scaffold_8,3553900,3554212,217.1814990145276,1.165460032385398,0.7964498974344368,0.8088981844410601,0.5999535542206753,1.871010872591057,B
g27921,HiC_scaffold_8,3554246,3555824,2.451354691329879,1.2447726045471796,1.1058696568130957,2.1236291231988926,1.9999444590924087,1.008945833640973,B
g27922,HiC_scaffold_8,3556128,3557226,1.980244765425692,15.166749340666676,6.084477784549727,12.837701687931457,7.865437375545321,7.41605005361991,B
g27923,HiC_scaffold_8,3557628,3558402,80.90981752347415,19.02667992936605,17.897222928539605,19.6017672144359,14.994684571086127,22.110859957059365,B
g27924,HiC_scaffold_8,3558552,3559533,4.72481255099631,11.7467695307133,11.245721795867984,7.314840146190649,5.459385509270199,6.060245042536821,B
g27925,HiC_scaffold_8,3559661,3561202,0.9095108046556256,0.1335657774376441,0.1469494576570718,0.0409270935369342,0.0451587662259933,0.2179442444407734,B
g27926,HiC_scaffold_8,3561980,3567192,0.6521948694217476,0.2504205921705441,0.3005943010000658,13.1238649545352,16.161345986849334,16.363415128371066,B
g27929,HiC_scaffold_8,3574090,3575914,81.82543113495663,39.72644865479826,47.12189777937546,33.477690729764994,31.15023836431977,36.58165281517458,B
g27930,HiC_scaffold_8,3576331,3578730,8.181178209928765,0.0337474920291284,0.1510259187588255,0.5431959217980495,0.3115764027436743,0.338760432651711,B
g27931,HiC_scaffold_8,3580149,3580677,1.2135221277739443,0.0,0.1362020366275378,1.439884345724457,0.5127951460466902,0.8035904063348055,B
g27942,HiC_scaffold_8,3610753,3613152,10.363017016948737,0.0857221993398303,0.305121140571735,0.6431092723685028,0.3243701071618873,0.3193836152903354,B
g27943,HiC_scaffold_8,3613892,3615404,100.54850097598045,54.05162939362253,69.96580805108626,50.90288497210645,48.194634781270345,57.086582104955,B
g27950,HiC_scaffold_8,3629102,3630302,3.285846974431167,0.0,0.1218086053321655,0.0567112627167075,0.0312874728459954,0.2411750444260061,B
g27966,HiC_scaffold_8,3674229,3676443,7.891264238985984,0.0434609971361966,0.2146488321031731,0.8592307210018266,1.2709833777851194,1.4833026707325414,B
g27967,HiC_scaffold_8,3677484,3679483,21.052077335418,75.40407514777817,147.74873647570473,124.89473124055492,115.82908838848454,21.501573657637245,B
g27968,HiC_scaffold_8,3680232,3682207,7.810264208690726,17.569052161472268,59.806857546006505,23.0956073735793,50.72931805960215,1.1510291153555,B
g27969,HiC_scaffold_8,3683586,3684075,15.173135892255225,0.8401249156092822,13.685154465057648,4.564231389388453,6.417458913139328,5.527913277341982,B
g27970,HiC_scaffold_8,3684145,3684934,26.12164469052368,1.587040017883035,42.77607583770332,7.300043174958801,6.670081909863287,5.584850553766247,B
g27971,HiC_scaffold_8,3685236,3685677,118.31593066884956,0.2727628600605496,12.320366224685744,1.2081798207730057,0.1846707564489298,1.3230054099876445,B
g27972,HiC_scaffold_8,3686162,3686693,0.2133270736080148,0.0746448764373094,0.871246508801302,0.0,0.0497861136171716,0.0,B
g27973,HiC_scaffold_8,3687278,3688412,3.700858145146265,1.0373246546429722,3.0890234643149896,0.3840676325969396,0.1439578309275609,1.9333326721243904,B
g27974,HiC_scaffold_8,3689537,3690971,478.4809409462307,2.8484297227415496,20.13434600570365,2.7758573881453934,2.21401112041294,41.11678149386081,B
g27980,HiC_scaffold_8,3700522,3701927,10.343569146343755,7.653416705228363,14.49114793782292,23.5023131098511,26.46046753961315,53.52402496457783,B
g27981,HiC_scaffold_8,3702295,3704698,19.162832374097484,3.811988006461942,38.41323121994432,6.243398335328986,13.827837735722376,19.75911660821129,B
g27982,HiC_scaffold_8,3705537,3706431,25.315614531121145,54.76149864021743,75.38537362477949,101.24145912012592,90.24809931313482,111.06039367055104,B
g27983,HiC_scaffold_8,3706487,3708327,0.8399901229796065,0.0231386044297789,0.0205225269980347,0.2491818057755759,0.0635969014743771,0.2790828760461405,B
g27984,HiC_scaffold_8,3708649,3709669,0.0414472146239484,0.0,0.0,0.1111464881337479,0.0,0.1181677057137454,B
g27985,HiC_scaffold_8,3709794,3710617,0.050677569076162,0.0,0.2798721055937286,0.2961609812260648,0.1418509013354271,0.2076297626349381,B
g27986,HiC_scaffold_8,3710692,3712493,10.390413170967532,3.86844569368784,20.219538874194,25.11727994240848,23.630235398445706,30.33530816130785,B
g27987,HiC_scaffold_8,3713255,3715343,97.51767530418964,40.9422351703406,28.88303660821337,37.99053415679524,46.7700422393888,40.06921621001352,B
g27988,HiC_scaffold_8,3715757,3716235,1.5132999070962043,7.874878195264687,17.801360196268977,27.58048764385901,22.66964252040718,25.015718784424944,B
g27989,HiC_scaffold_8,3716480,3717413,6.515125010626347,0.3442967143321499,3.7827341589066936,4.313023532085383,4.717706517571608,7.623045192691942,B
g27990,HiC_scaffold_8,3717771,3718635,5.402943659318036,0.8812117559125298,0.9090806554149132,3.1844111577768297,2.2780191724250587,4.668697383555604,B
g27991,HiC_scaffold_8,3718714,3721849,31.22765478390186,2.086356526749096,2.746481447830299,4.012882737208376,2.895498282933361,4.046356943179712,B
g27992,HiC_scaffold_8,3723376,3727462,17.86132599231913,2.105956616970463,2.7447500650472314,5.283853992782265,3.9114392638505615,4.130595495504769,B
g27993,HiC_scaffold_8,3728951,3731054,5.682811602600552,29.69892030687661,11.439754975637449,3.659714261204997,4.702455713718443,5.226312951347604,B
g27998,HiC_scaffold_8,3744793,3745582,4.27985060184194,1.933450165349795,1.887642218191626,3.716177323039916,2.7720618653071973,3.2285480855360675,B
g27999,HiC_scaffold_8,3745748,3746681,1.995498949218704,0.4761795519857826,1.2597649069566987,2.407908652977448,2.224029509752449,3.6994096241832,B
g28000,HiC_scaffold_8,3746787,3749046,9.766392021023124,2.5851553112705723,3.097845779700373,4.68019077421719,3.395285920411159,5.390276664035836,B
g28001,HiC_scaffold_8,3749276,3751820,48.78871868912388,16.683677792565078,20.54404629071299,10.887777468178747,13.428836961490616,18.46021517498548,B
g28015,HiC_scaffold_8,3781099,3781888,4.320346782981673,2.189875445840621,2.394032533751261,4.480291074617043,3.0428121000949906,3.0945982432276127,B
g28016,HiC_scaffold_8,3782054,3785352,5.463597869041215,1.3716676980199476,1.6235336242325935,3.151194495253897,1.9547909435858644,3.359876656437223,B
g28017,HiC_scaffold_8,3785583,3788128,47.9548298412892,15.016858852037595,18.71752022411748,10.450226232344724,12.095712626799616,15.297425019162834,B
g28018,HiC_scaffold_8,3789454,3791726,1.4618786211612682,0.0773640210057468,0.5778896903999897,0.1980238139086101,0.0633967058290603,0.8391923954560845,B
g28019,HiC_scaffold_8,3791814,3793614,0.7589996673399945,0.4974618183487148,0.8170049927292478,2.4973860306744093,1.7079057251584402,1.735680582383993,B
g28020,HiC_scaffold_8,3793867,3794797,26.06327170436401,74.67094970498204,34.455666092209256,11.186975330057802,41.01569811327485,9.299768192990994,B
g28021,HiC_scaffold_8,3795216,3796062,0.363629804498487,8.117029159366787,14.472106633214942,6.404268087109417,5.81490229722141,4.730054253052345,B
g28025,HiC_scaffold_8,3800574,3801881,6.140576624030181,1.287566986386527,3.744898165111678,2.549452310698856,3.445206366441908,5.003249462081808,B
g28026,HiC_scaffold_8,3801957,3804384,11.124325094779987,14.216259318599562,13.22016586150743,6.034755153728208,6.472346246093981,10.192356607619455,B
g28027,HiC_scaffold_8,3804647,3805252,3.2509124623452545,0.5265753172737435,0.1316896785505621,0.9318284261821872,0.5503560434136492,0.4915853513497447,B
g28028,HiC_scaffold_8,3807012,3811964,5.046160566554017,1.160460315086203,1.2200490145833809,1.4740638076612582,0.9755249656143604,1.5738451310526242,B
g28029,HiC_scaffold_8,3812215,3816156,351.69214129760667,82.14070077396615,272.361551871076,39.32557725516181,67.78735837197142,73.31752608304734,B
g28030,HiC_scaffold_8,3816739,3817894,9.57464020805001,9.089653920367557,14.37953392951476,0.260311962355633,0.1867986665362705,0.275583811705236,B
g28031,HiC_scaffold_8,3817921,3819043,0.4069439816479899,0.0718823457205802,1.0140809471273236,0.3818302586866328,0.0980452357633867,0.0947472713628237,B
g28032,HiC_scaffold_8,3820221,3821328,1.4310128669098203,0.984183791500148,1.383672122131124,2.2165166092345534,2.1552530033985384,1.5336973361037278,B
g28033,HiC_scaffold_8,3821359,3821602,1.2311417023632285,0.6581269575099329,0.4373148772219635,1.1540373144661926,0.987894492091716,0.6549368364599746,B
g28034,HiC_scaffold_8,3821651,3823910,4.177427421771693,2.7260534522784363,2.7624559151216834,2.164845519666652,2.100616964671822,1.784951087725874,B
g28035,HiC_scaffold_8,3824002,3825481,46.34673527665616,2.422452698061897,1.5893991321035834,1.3609646192258142,1.402267931236053,3.0512194221708286,B
g28036,HiC_scaffold_8,3827700,3828999,48.64134919183928,13.81847498307025,24.04085616691816,48.867528325809154,33.39490940322416,94.18293818917005,B
g28037,HiC_scaffold_8,3829514,3831046,0.2622794166027951,0.0270740637897618,0.0,0.017024999975405,0.0361153365173745,0.0,B
g28038,HiC_scaffold_8,3832519,3833580,5.990079717432005,5.122097675896519,1.126109717661428,0.0270625406775168,0.0884254110683801,0.0,B
g28053,HiC_scaffold_8,3859449,3860512,4.382179444763231,5.116825304927962,4.752709214870199,2.776532985919099,7.602997553553592,2.3485565733649407,B
g28054,HiC_scaffold_8,3863218,3865894,0.3340873908659089,0.0301390104254451,0.0397113285369719,0.1851565906784879,0.099985071079939,0.2377760084436609,B
g28055,HiC_scaffold_8,3866774,3868238,59.1372576039845,34.85085592947801,49.40101504649165,26.657699371113253,31.216514285550755,46.12809645950298,B
g28056,HiC_scaffold_8,3868472,3870387,0.6280659628190483,3.7077606848828073,4.255882958138557,5.039025675652151,4.435699497116902,4.908910464233853,B
g28057,HiC_scaffold_8,3870429,3871640,12.188391855009147,7.193003019941022,9.741852084323764,7.540144358372374,5.647887607575532,7.390874516773472,B
g28058,HiC_scaffold_8,3871886,3874589,6.691475303650055,44.42669404211986,13.23184724643562,7.98690866126521,7.6140321915667215,5.930429798325754,B
g28060,HiC_scaffold_8,3895993,3896640,14.455540190976816,17.978747451137714,18.908177923996444,96.14810471005822,92.32362971850246,62.41412476122511,B
g28061,HiC_scaffold_8,3896762,3897588,19.509686828989945,18.72371564110573,20.07656848004463,26.67417480364752,27.973975550140537,21.051842632225643,B
g28062,HiC_scaffold_8,3897896,3898377,2.2026020350027533,0.0,0.0976530242989821,0.4889925463910871,0.0763935795323055,0.0,B
g28063,HiC_scaffold_8,3898473,3901237,0.6434999101695138,0.0,0.0690628645365414,0.920238269640368,0.596034460301309,0.69902689017372,B
g28064,HiC_scaffold_8,3901327,3902248,1.0627877200753526,0.0,0.0,0.0811876220325504,0.173380912361803,0.5184027728331395,B
g28065,HiC_scaffold_8,3905779,3906839,15.382909175019744,7.681632696164765,5.03960133467387,6.2302850419378935,5.856002129365363,8.954398192193281,B
g28066,HiC_scaffold_8,3906982,3908851,5.456414076373461,2.928522002116772,4.356667539317181,3.327442927742468,3.426164200979356,3.925966444260968,B
g28067,HiC_scaffold_8,3911381,3913478,1.458497975354368,0.0384606542195951,0.0171470375153409,0.156008599636428,0.0650658945432703,0.1010934020269238,B
g28068,HiC_scaffold_8,3913651,3914699,10.05045655570526,5.655883367101064,3.60444783301467,18.1090807687481,10.62891770951106,9.952450542305534,B
g28069,HiC_scaffold_8,3914849,3916581,12.354402966382391,7.6551043277427535,9.636353786575024,9.985030506920696,7.067854377388265,8.939749321436654,B
g28070,HiC_scaffold_8,3916666,3917887,131.9391347805796,22.57299914957773,39.40517379364709,11.620339499026125,15.264448495380345,22.77981661450165,B
g28071,HiC_scaffold_8,3917913,3919101,65.04475521778323,15.794334325832098,34.9161188434385,11.81724488933244,18.11541476328689,27.028061137758645,B
g28072,HiC_scaffold_8,3920268,3920745,5.725022592851606,32.61542900980371,12.459333802595566,10.060021981376629,10.564958765044777,8.67742339314372,B
g28073,HiC_scaffold_8,3920854,3921280,46.386464288585145,67.74474961804543,93.65404185609243,40.65050895737095,42.58229035908798,41.24740634431055,B
g28074,HiC_scaffold_8,3921806,3922752,0.0,0.0478700838021875,0.0434267363160265,11.348187262763911,11.539490719364828,10.066588422246324,B
g28075,HiC_scaffold_8,3923921,3925319,1.526358446203096,0.0,0.1400504220863173,4.951724971326925,3.521208279579716,6.56166540008109,B
g28076,HiC_scaffold_8,3925671,3927075,0.6110854471925663,2.5861850280751035,0.6091060925625449,3.2405619406753274,6.268303419707188,16.32824492904038,B
g28077,HiC_scaffold_8,3927260,3929111,21.83532080361501,7.843800658130711,1.0599260923536598,2.873419719623748,4.8122797804786615,10.561380045564109,B
g28078,HiC_scaffold_8,3929606,3931511,0.3786996370868334,0.213595283854969,11.881740477685458,1.1568373992075136,3.348178350745512,10.083991210709089,B
g28079,HiC_scaffold_8,3932453,3933551,1.5617760793106867,1.1379019197318558,7.35197064822132,5.23008656634126,4.174211518319238,13.92375840358995,B
g28080,HiC_scaffold_8,3934397,3939042,75.96568676312718,0.712882799678641,2.046660699846656,3.653228350905196,3.0419151387273846,31.36404282109003,B
g28081,HiC_scaffold_8,3939301,3939841,8.878343952194008,31.924683765882417,34.21776883904057,112.66063166588071,94.63730496194776,70.77248634428418,B
g28082,HiC_scaffold_8,3939950,3946808,21.224464510784856,21.585034499778263,18.16088000483811,12.648479583974776,12.009092220571898,16.160666164935908,B
g28083,HiC_scaffold_8,3946878,3948363,65.82729571544346,6.25134940542686,12.381801076056682,6.11641970293746,5.809947971839595,8.718979826369475,B
g28084,HiC_scaffold_8,3949382,3951595,5.258689577780193,4.501775627329277,9.366896540514276,8.031269769073512,6.147958307103948,6.644538343447406,B
g28085,HiC_scaffold_8,3951747,3953825,19.56940991560177,9.070575528603376,2.2966111983729296,8.06113219315202,6.558353692374073,4.626783374977896,B
g28086,HiC_scaffold_8,3953939,3956231,17.300432042351797,21.3804424738968,22.552029180688145,17.042249287585722,12.716972919768756,18.43468643636101,B
g28087,HiC_scaffold_8,3956461,3958654,13.664366478526222,7.303067255312261,3.621281533890065,6.5883650400256935,5.249367986874626,4.526225131477418,B
g28088,HiC_scaffold_8,3958985,3960185,205.76018666386503,20.69063311482368,17.389905861107863,5.271369470479959,7.619039988396988,7.431117144707562,B
g28089,HiC_scaffold_8,3960878,3961299,2.5648464130498807,0.0,0.3024569606976655,0.1408169489491128,0.0746791704257574,0.4495752860445589,B
g28090,HiC_scaffold_8,3961573,3963805,5.29712326570122,17.889916633594062,14.615788408592936,15.611602117151255,13.236881029650355,18.73709024902768,B
g28091,HiC_scaffold_8,3964157,3965147,2.4116376822899266,7.872649482261035,13.087779887420105,2.933342498998808,1.607784871252248,1.7158918892913158,B
g28098,HiC_scaffold_8,3977942,3980423,1.4481669277824016,1.715834450296216,1.4328170382680945,2.535614259479684,4.8220128042886286,2.245658129732978,B
g28099,HiC_scaffold_8,3981759,3984348,3.013806248354665,2.3548901585583057,6.437226630805021,2.3678921709527647,1.8419194645862127,1.7829122825110697,B
g28100,HiC_scaffold_8,3984537,3987126,4.19738617042697,1.447759337040067,4.908307250530832,3.683874848768812,2.417517134119044,2.3978665217870274,B
g28101,HiC_scaffold_8,3988591,3991691,556.7740020640363,932.4748076217696,836.8230620625556,412.8436475065668,532.5129384968624,448.4114344932983,B
g28102,HiC_scaffold_8,3991865,3994720,0.549941766180426,0.2660190556153913,0.6251602688826363,0.3173961431601053,0.2173967832010416,0.9487468492367104,B
g28103,HiC_scaffold_8,3995681,3996374,0.056162154474015,0.7022658263132517,5.023520777431067,0.0764493994713809,0.0,0.0,B
g28104,HiC_scaffold_8,3996465,3998029,0.5624084580749816,2.842332460598649,11.11416499497297,0.0,0.0,0.0,B
g28105,HiC_scaffold_8,3998101,4003904,0.3332382830947111,0.2643785843834987,0.6634753684110715,0.0836271872855829,0.0823340926993098,0.1956992243397872,B
g28106,HiC_scaffold_8,4005100,4013869,0.03612028604128,0.0,0.0,0.2242475524023662,0.255735297466671,0.0444053627690427,B
g28109,HiC_scaffold_8,4016751,4018023,0.1210214392053136,0.0,0.0,0.5021746608712496,0.3608542518320872,0.2089356101986798,B
g28110,HiC_scaffold_8,4019076,4019532,17.930341748348013,0.9712640107032168,3.66918342787659,1.8655348771116167,1.4170879764194422,2.211998113335317,B
g28111,HiC_scaffold_8,4019961,4023184,0.8973283049801886,0.8689278333114985,1.1303801027808404,1.0487777521606647,0.9708398630096268,1.0272376807447294,B
g28112,HiC_scaffold_8,4023298,4025493,7.7354297342026435,2.602753880187384,1.312734184030679,0.5531487640122756,0.678884760027806,0.6431854628899238,B
g28113,HiC_scaffold_8,4025508,4026750,10.41839140122912,1.0950489511254435,0.5159533709160777,0.7551218745540622,0.801281780234429,1.452584049545825,B
g28114,HiC_scaffold_8,4026897,4032096,208.59054073642216,23.147490859304725,21.60653844302758,8.457862936280915,10.447274689563557,16.70546536729814,B
g28115,HiC_scaffold_8,4032553,4033909,7.585610521210797,9.986932553233322,25.199269723908053,0.6376494729033974,3.013509187563007,1.2928659405666527,B
g28116,HiC_scaffold_8,4034930,4035575,1.297804294961109,0.1229036570177095,0.3332430652650908,2.8113993811497373,1.0001966743354322,2.633694527749461,B
g28117,HiC_scaffold_8,4037130,4037427,1.6449246947080622,1.6246896238009365,1.6814528039232255,4.206994960898267,2.987595087967894,5.361705494711496,B
g28118,HiC_scaffold_8,4037732,4040333,2.68655055260984,1.670193962915021,4.348668606290445,4.401271546642535,3.895774231762808,5.916694754350349,B
g28120,HiC_scaffold_8,4040393,4043690,5.4556889604684,2.3200748492733885,3.39077185102109,5.137805269035116,4.697096712920828,8.102129608476806,B
g28121,HiC_scaffold_8,4044115,4046912,6.23417094680898,2.7592152057308024,5.5800346301465655,7.159060126590558,5.588124188637009,12.832702963866517,B
g28122,HiC_scaffold_8,4046951,4047683,1.5311371360515742,0.7156717441244387,2.656880178461641,1.4311976967544011,0.7428879410220997,2.2456157410838573,B
g28123,HiC_scaffold_8,4051381,4052323,5.868861434348084,1.4090340058598003,3.285983196876642,2.14510855265306,1.4651970402271557,5.7495204309278645,B
g28124,HiC_scaffold_8,4052441,4056400,4.049754962554625,1.995889709601582,5.684563048004321,4.158643487874061,3.055114401018514,7.729046647530493,B
g28125,HiC_scaffold_8,4058332,4059328,8.248148805519264,0.0,0.1066942923342742,0.5099223905591392,0.053085193435177,0.4266222363780066,B
g28129,HiC_scaffold_8,4074755,4076018,0.875726000425765,0.0,0.0569395687564053,0.081416178750319,0.0217748920282105,0.4206034726061622,B
g28130,HiC_scaffold_8,4077209,4078434,4.22929423718986,1.426112324562562,1.7536803285801703,4.215230876942558,2.0474068917195005,2.801858220285732,B
g28131,HiC_scaffold_8,4078530,4079904,21.97003632979309,3.876179223722011,3.080645796595703,3.0098421186562807,1.913859835928964,1.9883697745920184,B
g28132,HiC_scaffold_8,4080224,4082567,30.601634614976373,22.10545752981456,41.204535085348205,56.3447583501155,91.83381957819913,104.54568232535688,B
g28133,HiC_scaffold_8,4082632,4083454,3.645145379577153,0.0482195004722765,0.1302551874537391,1.720874697588434,2.6696089010239463,1.2270938438940444,B
g28134,HiC_scaffold_8,4085067,4087227,0.5480938354808915,0.0,0.0332938311756203,0.0591450156137249,0.073927694576491,0.049215943735689,B
g28137,HiC_scaffold_8,4100512,4103767,2.8072630144724995,1.0616354695964674,2.4191610513099207,1.4445299686282356,0.976371039500735,1.1096586348381363,B
g28138,HiC_scaffold_8,4104144,4107400,0.7632355125913217,1.9174087845117065,3.076719153955227,1.624454628751027,1.1817374213293317,1.2668658477535817,B
g28139,HiC_scaffold_8,4107813,4109596,15.264764056780642,0.3943877648519286,4.387969446483772,2.595545184779698,11.94474542920618,32.061231533074064,B
g28140,HiC_scaffold_8,4111511,4112423,3.937675357779965,7.966639184730855,5.548480000588885,9.104833748160765,6.2214468891048185,9.197004846454806,B
g28141,HiC_scaffold_8,4113533,4114559,2.32532074457526,0.2744565351692832,0.2063672333409725,2.6999148574593246,5.985665826909576,13.101242050590988,B
g28142,HiC_scaffold_8,4118155,4120232,5.194853771870337,42.22922655821275,22.214849406573943,65.94084716968158,51.71286201116287,87.00666772979665,B
g28143,HiC_scaffold_8,4120373,4121912,22.907101275821432,101.09927715599528,42.25059360059036,51.33837529795233,62.14451570127768,88.93786751646243,B
g28144,HiC_scaffold_8,4122194,4123191,77.12377112466487,18.344657559451058,29.31700397730636,29.16004660860668,27.42075373128027,31.30437627420349,B
g28145,HiC_scaffold_8,4123372,4123978,1.7321771454771318,0.4601223413193855,2.240188272780625,1.550208721367963,1.5131154362374888,0.8760927053757825,B
g28162,HiC_scaffold_8,4206398,4206731,0.5582305032684944,0.0,0.0,0.0,0.0,0.159619276980613,B
g28178,HiC_scaffold_9,49587,50432,0.0,0.0,0.0459225257594763,0.0,0.0,0.0,B
g28180,HiC_scaffold_9,55332,56655,0.0281013994842643,0.0,0.0,0.0,0.0,0.0,B
g28181,HiC_scaffold_9,58289,58895,0.0,0.0,0.0673358383327153,0.0,0.0,0.0,B
g28198,HiC_scaffold_9,93372,93968,0.0,0.0,0.091494497887201,0.1348077196785419,0.0,0.0,B
g28202,HiC_scaffold_9,104086,104968,0.0,0.1348177870347323,0.1612526676129332,0.1501684632473554,0.2434095210300233,0.0602644209008437,B
g28205,HiC_scaffold_9,111430,112918,24.541283577187755,97.58495406907826,34.8908629685979,53.73271090302045,45.05351420922821,7.489587145130599,B
g28206,HiC_scaffold_9,113046,115023,23.64684597045633,9.596533485713689,21.434407027739503,40.541764729755805,30.90423187643772,36.94787484264402,B
g28207,HiC_scaffold_9,116166,117381,3.278887324992488,0.6266394708711323,3.517667345956001,1.836250925910296,1.492881527732172,1.3108942702659858,B
g28208,HiC_scaffold_9,118670,119897,1.336979488221492,0.4567453495706863,0.8686912366238932,2.4442782349533214,1.659168670462408,4.022664412518337,B
g28213,HiC_scaffold_9,131492,133937,1.8033044006888856,2.477371857308484,6.029748563680515,6.039425635313399,5.102013536737466,5.2978589603877815,B
g28214,HiC_scaffold_9,134321,136055,1.073702721811448,0.1615993494588328,0.7405045675442021,4.919038158150433,3.7803222960649743,2.4797177866255025,B
g28215,HiC_scaffold_9,136751,138458,1.3176696125326093,0.11852346005112,0.0,2.980864079067091,2.4058310329495254,0.9947937653841156,B
g28216,HiC_scaffold_9,138656,140627,29.05648622134721,0.5520610472189729,0.3239002231921152,3.565699123218349,2.308460871767456,3.095773712043392,B
g28247,HiC_scaffold_9,200380,201526,4.162659202150331,17.86941696811049,13.132202486791556,54.94653338507303,67.21868605135609,124.41235162896722,B
g28248,HiC_scaffold_9,202924,204190,1.7211545560442962,3.87082436184755,10.797496722403643,6.171452792328923,9.819757192169536,6.162269333465643,B
g28249,HiC_scaffold_9,204486,205749,0.0,0.0313827627776811,0.0284697843782026,8.85682889953879,5.175747745258246,11.007341997841216,B
g28263,HiC_scaffold_9,240116,241334,0.2527738434633152,0.0,0.0,0.8518553103876167,0.5487417852006047,0.3925032567052863,B
g28264,HiC_scaffold_9,241780,242971,0.0653574694382744,0.2019956696670065,0.0301908796554743,0.7469162764240131,0.6802157739178284,0.1338872021021263,B
g28265,HiC_scaffold_9,243626,244793,0.0,0.1030749111282796,0.2745561639579128,0.1508460297350397,0.0906132864806106,0.1821875552169465,B
g28266,HiC_scaffold_9,245480,246674,3.0728648847540305,0.7739112847801309,0.3580207767385744,0.8729104848497813,0.6820754069847413,0.1335508020968446,B
g28267,HiC_scaffold_9,247368,248568,0.0943972300715465,0.1002403510722519,6.5246559551681,0.3635326125088373,0.4521474471051806,0.2655077574695051,B
g28268,HiC_scaffold_9,248928,249705,0.0,2.2764829977844654,18.310736989465767,1.084759741568462,0.733691924270073,0.2052247846893596,B
g28269,HiC_scaffold_9,250190,251495,0.3200542332249444,0.0607454856524311,0.2173543729863431,0.8034602197103455,0.474908575414979,0.650736767798676,B
g28270,HiC_scaffold_9,251852,252573,0.0659187083646839,0.0702773570712966,2.397053813565256,3.3564827910549493,1.7157629120913669,5.270479066248778,B
g28271,HiC_scaffold_9,253878,255063,1.8907602708262536,6.94219677100936,8.752851379545838,2.581001322543637,6.370802279594085,6.6755522975791735,B
g28272,HiC_scaffold_9,256247,257447,0.3466071273547847,0.0,0.6245736238406792,1.1736798374064883,0.6099108083707426,2.4784168546530028,B
g28273,HiC_scaffold_9,258207,259443,14.086474217084614,0.0973207291963611,0.0866260227240885,0.8067162377355779,0.5459215761972552,0.5583024520368107,B
g28279,HiC_scaffold_9,276717,277911,451.98888901102526,0.1706019090697909,1.3096073134494488,0.96034243687197,0.1576639624939384,0.2223250332737538,B
g28280,HiC_scaffold_9,278236,279289,463.1608223793773,3.03522998898947,2.333322727014376,0.6066155447561534,0.8215957872738782,0.6045570798092075,B
g28281,HiC_scaffold_9,279849,281061,357.5877806040504,0.0338412231933001,0.0883413895107042,0.9731015299944948,0.6832106556597006,1.007148517930168,B
g28287,HiC_scaffold_9,291880,293098,0.1249565263845223,0.0,0.0,2.3969975141672983,2.187255950723495,2.526269780927953,B
g28288,HiC_scaffold_9,293544,294735,0.478478441221579,0.0677178773287077,0.0301908796554743,0.770471972368324,0.5683371895731579,0.401661606306379,B
g28289,HiC_scaffold_9,295407,296574,0.0318578847623665,0.0691105329035912,0.0609360980439619,0.1308293347811815,0.0226533216201526,0.1366406664127099,B
g28290,HiC_scaffold_9,297267,298461,2.0915523772925138,0.641125926695671,0.2683476074865027,1.12996306804251,0.967232656060621,0.4446500665475077,B
g28291,HiC_scaffold_9,299155,300361,0.0939275921109915,0.0,2.8276844712623763,0.8474509699877009,0.3797191923959395,0.2639297699167061,B
g28298,HiC_scaffold_9,311572,312277,1.5062339019699529,1.029599896576482,2.9818850331654696,8.839508678988615,3.1939681556011985,3.9893198904581006,B
g28300,HiC_scaffold_9,318381,323092,0.2453122338858084,0.0,0.0125598745079076,0.1486280406949386,13.826244613590262,12.75258049894564,B
g28307,HiC_scaffold_9,353982,354951,3.0118356614153097,1.407830956309604,0.9540366805211004,0.775010840151626,1.0936870062153017,2.301295310939098,B
g28308,HiC_scaffold_9,355012,356125,9.666593199318667,3.252188412917897,4.575886884562973,1.755385482004857,3.0492724109831846,5.9137547153742815,B
g28309,HiC_scaffold_9,358002,359103,3.449552536128487,1.2788029295353525,7.299409898182843,2.5513224568677293,2.6369354935973384,6.02845800413545,B
g28344,HiC_scaffold_9,448395,449616,4.929847523624617,17.98389241022715,12.965669414703846,4.4619170012861575,7.685160808821809,1.9549015253503268,B
g28345,HiC_scaffold_9,450465,451689,0.2501113723901203,3.398223244011295,6.98819231464652,0.3105632902542946,0.7292827227377644,2.212691282198434,B
g28346,HiC_scaffold_9,453015,454122,1.2473516447630135,0.0,0.4503967785394412,2.146142594963858,4.029706059043557,16.1557581713191,B
g28347,HiC_scaffold_9,454492,456703,8.007297889956131,0.0581029390681808,0.0167884855528336,1.0304292840307625,0.3454493178785083,0.7852625240632397,B
g28348,HiC_scaffold_9,456762,457971,2.1098123929932973,0.0339251964518443,0.0297413876506782,0.2963896618800204,0.1548267236698516,0.2632748573362677,B
g28349,HiC_scaffold_9,460066,462469,1.6924325886663714,0.0,0.0,0.0739086282370502,0.1117874791971821,0.2650472790191235,B
g28350,HiC_scaffold_9,462554,464205,2.831310294913372,0.0,0.2933004886926893,0.1888227269999468,0.1485898483811243,0.6214632928456034,B
g28351,HiC_scaffold_9,464306,465341,126.23634530561824,0.6590281143304377,4.269176255978028,31.742904684467145,16.38114244067704,68.14039223728868,B
g28360,HiC_scaffold_9,518860,522964,0.0,0.0,0.0087615345199,0.0,0.0,0.0129515641409707,B
g28362,HiC_scaffold_9,524981,528347,0.9041925061429168,0.0,0.0254747019910388,2.51976440085555,2.4691981682203337,1.884853385224796,B
g28364,HiC_scaffold_9,535889,536282,40.2346606031966,0.0,0.1789063040592039,14.92114642360186,11.068721938233749,16.33684299084207,B
g28376,HiC_scaffold_9,561406,563371,1.6832351786729252,2.8794154907185034,11.844107261024632,1.3072545667080728,0.4542327132722262,0.7200959366624056,B
g28377,HiC_scaffold_9,564311,565658,0.6162694017213606,0.0913486915596431,0.0800831573934744,3.34389802257406,6.85844939181462,2.916620732515507,B
g28410,HiC_scaffold_9,635763,639822,0.0139649705957992,0.0142218978787984,0.0,0.0089431646802988,0.0383247103063453,0.0,B
g28439,HiC_scaffold_9,711939,712278,0.1376968574728952,0.0,0.0,0.0923133331999739,0.1018581060430739,0.0,B
g28440,HiC_scaffold_9,712571,714347,0.0,0.062144791682242,0.0,0.0,0.0,0.0,B
g28442,HiC_scaffold_9,739096,739978,0.1136946529592713,0.0,0.0549806386386391,5.681650759500941,4.694513002523234,6.732946517558076,B
g28501,HiC_scaffold_9,873537,875799,9.622451282465487,2.5327363797687905,24.300688443372955,5.048146879294831,6.139636150193383,9.975140418635403,B
g28502,HiC_scaffold_9,877565,879824,6.313593562470552,2.021160649649487,28.38756419379773,5.579174174422809,8.31266538529778,17.766645738462028,B
g28503,HiC_scaffold_9,880128,881859,0.4211633499494464,0.4659271629028947,15.513672348431845,0.2367125465590821,0.1869605371311892,0.7665918210285685,B
g28505,HiC_scaffold_9,883061,884660,25.686198909014376,3.3733768138489206,7.037691673794119,3.17556659045779,4.867581376037451,6.511076190247508,B
g28506,HiC_scaffold_9,885289,887272,27.721118510485898,6.555614084139204,3.6018086161713607,2.1189550840404463,2.319005638785398,1.9274189015559464,B
g28507,HiC_scaffold_9,888060,888579,1.3912617969773584,0.7823087201090412,1.9890819969825748,3.331994933553013,4.764221945781731,7.770374797804366,B
g28508,HiC_scaffold_9,889664,891833,11.359927498117855,19.007192604978265,14.652365366980344,24.373448683393462,18.07848273529681,24.58923170359595,B
g28509,HiC_scaffold_9,892250,892972,7.123921790459466,0.37967890389101,0.7875912493286541,10.04281577613632,4.410072304303784,7.751231790179639,B
g28510,HiC_scaffold_9,893292,893724,1.138951568041472,0.1835019879083857,0.1627550404983035,0.2416522007279941,0.1909839488307637,0.0,B
g28511,HiC_scaffold_9,893831,894833,0.3849493886619788,0.0409336951200396,0.1411403232660386,0.180371923711889,0.0812772490957865,0.4234488368710353,B
g28512,HiC_scaffold_9,898691,899582,0.2999056641470424,0.0,0.0,0.0,0.0,0.0,B
g28513,HiC_scaffold_9,902922,903600,0.1696443917679447,0.0,0.0,0.0367619468495471,0.0,0.1567941570340535,B
g28514,HiC_scaffold_9,906137,907028,0.3455426951047339,0.0,0.0,0.0,0.0,0.0596556893765927,B
g28517,HiC_scaffold_9,924904,926907,0.0373874861195892,0.0,0.0,0.0,0.0,0.0,B
g28520,HiC_scaffold_9,936040,936673,0.8920081499154323,0.1274123094762892,0.1123419058725174,0.0,0.0,0.335391580559744,B
g28524,HiC_scaffold_9,948417,949308,0.0436816757020116,0.0,0.0,0.0,0.0296705121556881,0.0,B
g28525,HiC_scaffold_9,952053,952731,0.0,0.0,0.0518511633445922,0.0,0.0,0.0,B
g28530,HiC_scaffold_9,961851,969484,0.0051873081501389,0.0,0.0,0.0238794549655434,0.0180431718720946,0.0141272067206756,B
g28531,HiC_scaffold_9,973406,973718,0.0,0.0,0.1152478771463782,0.0,0.0,0.0,B
g28534,HiC_scaffold_9,987603,988605,0.0371039436304208,0.0,0.0,0.024874850263466,0.0,0.0,B
g28537,HiC_scaffold_9,995416,996307,0.0436816757020116,0.0,0.0,0.0,0.0,0.0,B
g28548,HiC_scaffold_9,1029697,1030699,0.0388426876751421,0.0,0.0,0.024874850263466,0.0,0.0,B
g28549,HiC_scaffold_9,1031530,1035283,0.0103704697709811,0.0,0.0,0.0,0.0,0.0,B
g28550,HiC_scaffold_9,1036081,1037083,0.1553707507005685,0.0,0.0,0.0,0.0274467950415468,0.0,B
g28551,HiC_scaffold_9,1039265,1040156,0.1708159922966871,0.0,0.0,0.0,0.0,0.0,B
g28561,HiC_scaffold_9,1060234,1060609,26.019844961935306,3.33545450930039,3.32606755607984,1.1591307148207046,6.875671720489577,4.670043137987278,B
g28562,HiC_scaffold_9,1061487,1062987,1.3779348031497691,0.3468902877354455,0.3814622399618079,2.3721723387279745,0.8642423794953362,1.2553879403191608,B
g28563,HiC_scaffold_9,1063676,1064093,1.5449019820869645,0.2884614419345381,0.0862286275052038,0.7247612313515509,0.5148374041929993,0.8915168541917278,B
g28564,HiC_scaffold_9,1064302,1064713,1.3865397165326052,0.3924671138612705,0.692091741287626,1.1750805377929676,1.2506325683544404,1.2910028540483351,B
g28565,HiC_scaffold_9,1064821,1066613,12.28092068040018,4.686044829422525,5.257685662432218,3.881208072117956,4.40134270772188,3.791414046838252,B
g28566,HiC_scaffold_9,1066745,1068410,0.16049005811112,6.693565714824475,0.2768933323299811,0.4706416922244239,0.6358663343673966,0.3506038391882341,B
g28567,HiC_scaffold_9,1069469,1071965,22.78747970326336,10.234773411454588,3.196406246158902,8.72728988792199,7.833966015114715,6.932723948030561,B
g28568,HiC_scaffold_9,1072307,1073000,0.5515654319966543,0.0,0.050728843791679,1.283661306235209,0.5479037941389042,0.6894068690089179,B
g28569,HiC_scaffold_9,1073943,1076757,51.42506720127886,1.839526879953361,4.727736077470691,3.6216986055663214,2.3736176141784724,2.2009807325917903,B
g28570,HiC_scaffold_9,1076815,1078165,24.10498796131709,3.4510119241150363,14.492401483630282,3.5972631628213625,5.399335078535836,3.53826635770387,B
g28571,HiC_scaffold_9,1078545,1078861,2532.471310835372,18.552414599107365,74.93000065233687,41.50025764724432,20.55610936902147,27.517553104779303,B
g28572,HiC_scaffold_9,1079212,1083766,0.0,0.0087036516003977,0.0,27.69891052741959,24.17318664524415,45.14068994987232,B
g28573,HiC_scaffold_9,1085668,1086013,2.7647677953663568,0.2337738895608437,1.132513683577251,0.0,0.0,0.0,B
g28588,HiC_scaffold_9,1108524,1108899,1.1137887316228063,0.969662746944651,1.1335201617593291,1.325451076289265,3.2968415864809586,2.829051572223661,B
g28589,HiC_scaffold_9,1110431,1110848,0.4624931504068379,0.0,0.4272954208735663,0.9153347343503532,0.8394846908988176,1.1449615198544882,B
g28590,HiC_scaffold_9,1111057,1111468,0.9300117867972784,0.3924671138612705,0.8670666204587696,2.3501610755859352,2.164102836321869,1.420329421528978,B
g28591,HiC_scaffold_9,1111576,1113366,11.483202135541262,5.1710373664961145,5.443153360118078,7.005200532029825,7.947320452448749,7.761986730058627,B
g28592,HiC_scaffold_9,1113498,1115163,0.16049005811112,3.650151805884982,0.1065344994487932,0.3667935944495828,0.569156414350921,0.318866173848483,B
g28593,HiC_scaffold_9,1116236,1118732,22.80470579118193,10.503771594350113,3.369599475709413,9.780864087891317,8.944524499852662,7.974457783078094,B
g28594,HiC_scaffold_9,1118866,1119769,1.0093467035274408,0.0,0.1583910318456738,0.9299314344330164,0.4754976689888829,0.2936279992081988,B
g28595,HiC_scaffold_9,1120711,1123525,21.55808878930252,0.9060064357128338,3.268789170012541,3.1331398419701006,2.000950273955353,2.3760289238001606,B
g28596,HiC_scaffold_9,1123583,1126873,3.615647819157764,10.030350429851396,12.718864745206512,24.59747823332343,26.11267154990111,40.49081257620078,B
g28597,HiC_scaffold_9,1127546,1129847,1.2968769888234442,3.0113757660408043,2.289759907108542,5.71236210661521,6.783037728926423,7.311668826142586,B
g28598,HiC_scaffold_9,1130539,1132724,0.7243284750549432,15.493212865341189,13.245967191230438,5.775168583754847,7.474424817859162,6.539044952614071,B
g28599,HiC_scaffold_9,1133177,1133507,0.0,0.0,0.1089616293020303,0.0802718694449499,0.080110382820358,0.1610703613168004,B
g28610,HiC_scaffold_9,1158023,1159577,0.0,0.0510121356347635,0.0,0.0,0.0,0.0,B
g28611,HiC_scaffold_9,1162158,1162725,0.2745705329840735,0.1446757055036323,0.0,0.0,0.0,0.0,B
g28614,HiC_scaffold_9,1174501,1175179,0.0574046800154755,0.0,0.1567367480308807,0.0,0.0,0.0,B
g28617,HiC_scaffold_9,1181006,1181466,4.845306197804489,8.389510778584365,9.779338478937756,22.89471431406129,20.229537265861097,16.6175975003567,B
g28618,HiC_scaffold_9,1181535,1182505,6.253310924536945,15.232950443910386,5.408426020823824,53.21952292519041,31.56360214024027,26.114620597223748,B
g28619,HiC_scaffold_9,1183105,1184185,0.0704615968223834,0.0,0.1657263328021421,0.0230783332999934,0.0254645265107684,0.0,B
g28620,HiC_scaffold_9,1185465,1185918,0.0859169383013077,0.0,0.0,0.1100423839469888,0.3595576317614926,0.3520080744009546,B
g28625,HiC_scaffold_9,1198066,1200130,55.99643141683048,20.832801927337243,15.397901263868366,18.126109075328955,31.7299603380232,25.68922694008961,B
g28626,HiC_scaffold_9,1200455,1201547,0.6144221143324924,0.5119481783893441,0.4229209223914422,1.928957761136488,1.0091602002517812,2.962936109470974,B
g28627,HiC_scaffold_9,1201768,1202890,0.3075371594081992,0.0,0.1580926395563642,1.221898635740703,1.0595089605824262,1.0405621965212295,B
g28628,HiC_scaffold_9,1203418,1204588,0.4160687288850289,0.8224849318748884,3.366767778975216,2.762911925741705,1.4544562197147397,1.2255529004762888,B
g28629,HiC_scaffold_9,1204896,1206006,0.9409663833880266,2.5294137406346264,7.954209333922659,7.071011155352107,3.75029028180992,5.022700808282723,B
g28630,HiC_scaffold_9,1207253,1208387,0.5573444231045762,0.1747637980079864,2.229366188680283,4.609076033085264,1.5425575998440235,2.011956211036364,B
g28631,HiC_scaffold_9,1208452,1210150,1.0821021308372796,2.6201024872403686,0.0635288651407597,55.29042283863194,13.3658205250516,13.995089045315735,B
g28632,HiC_scaffold_9,1210737,1212404,10.55911216771111,18.03137495752348,7.504301804606182,37.88542910638105,29.861423962549253,22.25901478645475,B
g28633,HiC_scaffold_9,1213227,1214622,150.17043956315055,304.911435975521,70.24356669631968,80.10466453595143,60.03646834370058,28.196297030352152,B
g28634,HiC_scaffold_9,1214831,1216088,1.0208604522371492,0.997258319197918,2.437112234207087,2.145508322047835,2.3112182751475068,3.882645958487228,B
g28635,HiC_scaffold_9,1217162,1218401,0.514330298949977,0.1644057138251254,0.2876225835420131,2.311178834380853,1.368298791978026,2.955853121580266,B
g28639,HiC_scaffold_9,1233751,1235631,0.0,0.1433068956522624,0.0837602195727956,0.27159230563875,0.320166194833409,0.3126691280669754,B
g28643,HiC_scaffold_9,1245747,1246207,6.110582894986036,7.370422500598822,8.762692272890549,9.73682210310668,9.292641257297891,7.293241106603618,B
g28644,HiC_scaffold_9,1246276,1247246,7.632960078977732,16.596332161357225,6.970959186735137,15.734490948193097,8.588802055896352,7.490212158122249,B
g28645,HiC_scaffold_9,1248289,1249342,0.0353068865315116,0.1518754517330614,0.0682950383089648,0.0,0.0,0.0,B
g28652,HiC_scaffold_9,1276209,1278279,57.84540865458446,30.380318359738425,33.797469840250216,14.142500267775716,27.131661853186664,19.974167410649848,B
g28653,HiC_scaffold_9,1278605,1279688,0.4199897745856272,1.3656141140004014,0.3290529833874001,2.793738791509288,1.895516302374852,3.036638458704384,B
g28654,HiC_scaffold_9,1280007,1280826,0.1383109598117898,0.0,0.086828359483887,0.15407584465544,0.0322789088287156,0.1943219185101023,B
g28655,HiC_scaffold_9,1281382,1282552,0.452312161462904,0.5502878650135558,0.4534489973526917,2.657734248077496,0.8279961920687544,0.8618471224248254,B
g28656,HiC_scaffold_9,1282849,1283962,0.9780949894066792,1.3668955804984573,4.064025554589508,1.741217970046312,0.8979811502738617,1.4318657301929458,B
g28657,HiC_scaffold_9,1290732,1291866,1.153619214506264,1.0920487150696914,3.79568555604229,1.373762022390025,0.2135704463669406,0.3747052446494661,B
g28658,HiC_scaffold_9,1291936,1293634,0.8580193140876502,6.492004240542241,0.1689378400679172,11.544540377279157,2.825890286835783,2.6238281601543534,B
g28659,HiC_scaffold_9,1294485,1296142,15.486400563886695,19.571539143949867,10.727554108294044,9.299444140642295,7.171805885864519,6.1534924460438205,B
g28660,HiC_scaffold_9,1296946,1298341,204.1425939669796,338.94923422071577,88.95879509660132,179.6557400877304,137.34592161811156,65.95036313159062,B
g28661,HiC_scaffold_9,1298550,1299807,1.236214779858976,0.673155408411394,2.00994173438295,0.5279958381799702,0.4913485809981892,0.2955071772108925,B
g28662,HiC_scaffold_9,1300924,1302163,0.615599247146531,0.1313019507014129,0.4037076123383649,0.3520896973451208,0.1092638567847669,0.3856004521575303,B
g28663,HiC_scaffold_9,1305795,1306152,0.0,0.1110264128521325,0.0,0.0,0.0,0.0,B
g28666,HiC_scaffold_9,1320774,1321995,0.5219125637993622,0.3951947733569845,0.4076879483383496,4.926871103701561,3.4994504236982245,19.297975894246164,B
g28667,HiC_scaffold_9,1325804,1326503,0.0,0.0,0.057348225948437,0.2832574699419965,0.1737503863247337,0.0847738743772634,B
g28669,HiC_scaffold_9,1328973,1330471,14.48201309191552,7.471188043730946,6.287778095169211,6.834871445377959,7.305367364025996,7.046557137562916,B
g28670,HiC_scaffold_9,1330660,1332088,1.2081816976750688,5.121488910780926,4.461189797803882,2.2463582804168465,2.147770109767129,2.4531879316373786,B
g28671,HiC_scaffold_9,1332629,1334534,6.787821931949653,7.337469069367223,2.954673841324538,3.284778299064662,2.4203499581598926,1.8763799114452668,B
g28672,HiC_scaffold_9,1334929,1336537,10.762634679039042,3.585776028719576,4.691750741051287,2.1276632317927646,2.5867110041754966,2.409001784080032,B
g28673,HiC_scaffold_9,1336424,1336766,7.71990637611374,2.458011157558036,1.352724842612548,1.9951897682598048,1.8956802393248224,1.8632123331193349,B
g28674,HiC_scaffold_9,1336989,1337778,2.8331105910401497,7.455106306846103,11.016173639229104,14.284928373703844,23.14387825008243,51.66344884835604,B
g28675,HiC_scaffold_9,1340130,1340691,0.2019192087091904,0.363099250319662,1.206366175307377,0.7664503871644253,1.1594530596272956,3.2164338609265126,B
g28679,HiC_scaffold_9,1344881,1346346,0.0824508226657107,0.1734451438677227,0.1523548604515227,0.0,0.0,0.0,B
g28685,HiC_scaffold_9,1359814,1360711,4.375703482887161,1.9988871134727964,2.318483392013196,14.891114047807612,9.360398545432789,12.268010692397546,B
g28686,HiC_scaffold_9,1362606,1363314,3.7972188710086185,2.836193501030885,4.01878432996353,19.20172628354821,13.92931893857392,18.290755772974126,B
g28687,HiC_scaffold_9,1365151,1366372,0.6727303656466989,0.7601863008957261,0.760419973820744,4.720078716455808,3.055079468312297,14.778971317878224,B
g28689,HiC_scaffold_9,1371427,1371935,6.76768268996846,8.439482954300848,3.754996408282423,2.3295913591142083,3.28949701108014,2.3677726283589307,B
g28690,HiC_scaffold_9,1371951,1372926,3.561699062165169,4.776909707111006,3.7673028932703865,1.526035851936704,1.7702765936360412,2.3958477828976568,B
g28691,HiC_scaffold_9,1373129,1374557,0.8363697575879483,5.323511369250133,3.891033786844619,1.8394315409658373,1.8603787898283155,1.74770395831422,B
g28692,HiC_scaffold_9,1375098,1377000,5.009488651750003,7.697152362830898,4.007339289814482,4.547954428115268,4.1124512369096,2.9134450063190966,B
g28693,HiC_scaffold_9,1377402,1379238,10.67585857970644,6.993581867824021,9.808796021808623,8.130119333766393,10.3085848463483,7.948401303552576,B
g28694,HiC_scaffold_9,1379461,1380250,3.120250454375653,6.237199795855545,10.728498720437557,8.510980397419836,15.008725296318904,30.40389649383858,B
g28695,HiC_scaffold_9,1383271,1385343,45.14912534089095,14.7765334645461,16.471087121770935,20.552675655891136,22.909056312020013,29.627741984792515,B
g28696,HiC_scaffold_9,1385464,1385722,26.0033554756938,10.607175163024896,13.759711544228384,16.515090274164045,13.748575348465248,8.231196580739912,B
g28697,HiC_scaffold_9,1386311,1387517,11.038645633632422,5.867900738172628,8.110088311448067,13.1779276586219,8.774733021921454,11.926825854745388,B
g28707,HiC_scaffold_9,1427180,1428713,0.0,0.0526105622299354,1.4812682007968003,0.6900889030913528,0.6712884758566612,0.3807928194705869,B
g28708,HiC_scaffold_9,1429321,1429678,0.0,0.0,0.2014416676171989,0.069816806621829,0.0,0.1488885692844374,B
g28709,HiC_scaffold_9,1431182,1432067,0.0420092107544426,0.0,0.0,0.0281633897898225,0.0,0.0,B
g28711,HiC_scaffold_9,1434139,1435027,0.0876584978614694,0.0,0.0,0.0280682432026947,0.0,0.0,B
g28715,HiC_scaffold_9,1441004,1442399,0.7524726524438292,0.0,0.1025283883560168,0.151912355078615,0.2691299499172854,0.1902911037482882,B
g28716,HiC_scaffold_9,1443900,1445604,0.3364743348359872,0.1652537588519275,0.333861156888749,0.8960654977569509,0.7299133984957408,0.6229544322016373,B
g28717,HiC_scaffold_9,1446500,1448522,1.2411024180103545,0.5516006703057323,0.2114128622284163,0.3405615076934795,0.3745124303040046,0.4465799772994725,B
g28718,HiC_scaffold_9,1448642,1449921,8.969152379007562,8.950038480831012,8.873061870469293,1.9320934710448925,1.208631434392013,1.916186697063773,B
g28719,HiC_scaffold_9,1450146,1451106,0.9881439841697508,0.0854490885630828,0.2954661007783102,0.0,0.0,0.1107358734053003,B
g28720,HiC_scaffold_9,1451704,1452868,1.5051617582481238,0.0681038305639369,0.3967608653363015,0.1566132169348396,0.0699654670051358,0.0456642776929073,B
g28721,HiC_scaffold_9,1452888,1454095,2.0485082227624445,0.1456510479735097,0.5494100648124095,0.4171525510645871,0.2215429403288,0.4345527753510591,B
g28722,HiC_scaffold_9,1454390,1455574,9.346600949462363,5.482039631755242,8.824678003204927,6.959692649939651,5.894448036646869,10.19380316683781,B
g28723,HiC_scaffold_9,1455976,1456939,19.42260181790954,0.0,1.5989070907783165,0.4998888723572888,0.1680315107861312,0.3857243216553393,B
g28724,HiC_scaffold_9,1458457,1459624,0.0473004472235136,0.7599296527573874,0.944871797419218,0.0951320609312708,0.0847629732535003,0.0,B
g28725,HiC_scaffold_9,1461565,1468219,41.84853458255055,44.09636516546696,49.76768172369791,15.002314378195717,14.91870387670482,23.56350271965734,B
g28726,HiC_scaffold_9,1469002,1470213,27.862053828210072,5.148041043234102,9.062692859571255,5.201038841157269,4.834518801805949,7.658693110807531,B
g28727,HiC_scaffold_9,1470708,1471276,9.708460765477302,14.19172683438259,18.225989031076544,17.186903741650017,11.579237985214109,14.645140567928353,B
g28731,HiC_scaffold_9,1482045,1483584,0.0,0.4174513768315736,7.136193226916291,0.4170866813085838,0.4755639831350819,0.2760986013206593,B
g28732,HiC_scaffold_9,1486017,1486902,0.0,0.0,0.0812595201574463,0.088027156833514,0.0310753543860225,0.0,B
g28733,HiC_scaffold_9,1487511,1488408,0.0,0.0,0.1594505036305947,0.3508878139312384,0.18039503331889,0.0592566546650436,B
g28734,HiC_scaffold_9,1489043,1489931,0.0,0.0,0.11967062518574,0.0578990054964261,0.090511870825525,0.1197144577354598,B
g28735,HiC_scaffold_9,1490380,1491775,3.1381500158378013,0.0,0.0515517385945089,0.4244065968501251,0.7156901490708933,0.6470786434807704,B
g28736,HiC_scaffold_9,1493403,1495104,0.1967097963898504,0.3077885836444196,0.4828941939730482,3.7388148875332607,3.110165459556638,2.185552781880955,B
g28737,HiC_scaffold_9,1496042,1498127,0.5288045541832709,0.8600926879251742,0.4115887820335066,3.278915601053756,3.072862251898991,3.0290757262115764,B
g28738,HiC_scaffold_9,1498247,1499698,6.056484118726095,6.2211795163045736,6.927535245836625,22.977346837150115,19.83815325419689,26.61126065637054,B
g28739,HiC_scaffold_9,1499960,1500765,10.260813648546394,0.643157830131508,9.839354841854192,11.104827982408109,14.052771069025772,29.13155824109084,B
g28740,HiC_scaffold_9,1500989,1501949,0.3945316680292291,0.0,0.0,1.5270555398942909,0.3382228667447923,0.6084014569711129,B
g28741,HiC_scaffold_9,1503083,1504247,1.5051617582481238,0.0692886528337552,0.1221862996860885,1.2287028960018025,0.1853543469496499,0.1823907822116134,B
g28742,HiC_scaffold_9,1504267,1505474,1.608329743955648,0.2925581370417995,0.3558444634190814,3.235230615332921,1.187706848638034,2.658549150897912,B
g28743,HiC_scaffold_9,1505770,1506954,7.868145617166856,3.9427137060078015,6.368124914765099,15.436779568243235,13.507934515163878,18.62215175224026,B
g28744,HiC_scaffold_9,1507425,1508388,23.028069197226657,0.0,0.4082284191072281,1.2829789429830485,0.5908757662065782,3.032852544034476,B
g28745,HiC_scaffold_9,1509344,1510253,0.0837167486998615,1.503791488347792,0.978334933638408,0.0,0.0,0.0,B
g28746,HiC_scaffold_9,1512162,1513182,0.1475047329446446,1.2154533098148024,0.76453916061199,1.6266930602750551,1.2659989923466857,1.8214535506452711,B
g28747,HiC_scaffold_9,1515295,1521949,40.5726301657177,44.169711926927306,46.16072332627095,76.7791454273588,77.69772781450098,132.32533485706648,B
g28748,HiC_scaffold_9,1522720,1523929,30.76829283350335,4.231332776783018,7.378854298955704,19.99675366427043,19.29924491593068,39.4564016836618,B
g28749,HiC_scaffold_9,1524425,1524998,6.139279369094131,8.358823838907497,11.617715531834286,44.56209789533449,33.31750034044828,34.97217181499175,B
g28750,HiC_scaffold_9,1525312,1525706,114.58868472897096,161.44680664457502,57.1103988233003,211.21864882791945,210.0143163179125,111.47242140303764,B
g28751,HiC_scaffold_9,1525872,1528528,67.17481718012137,36.1607344004869,5.2596409619778095,20.78574950172532,19.42373752163705,13.36965080515728,B
g28752,HiC_scaffold_9,1529792,1533278,22.42900235678391,5.767669272939241,10.277945183056335,24.66394511008805,16.538595217236143,17.67803664923828,B
g28753,HiC_scaffold_9,1534638,1537680,10.7478900457326,24.97037690361423,24.43472150230473,14.992067796836595,25.460919300364964,17.83184366661793,B
g28754,HiC_scaffold_9,1538332,1539316,13.890428058048665,0.6098200948287028,0.3280627948221479,4.034170402368507,1.040405408520023,1.0784597012476944,B
g28755,HiC_scaffold_9,1540458,1542732,5.177054717739865,2.073910653640557,1.2371825912729513,1.1749613410592263,1.073381025516905,0.956302503059996,B
g28756,HiC_scaffold_9,1542786,1544824,19.02282183040179,21.285347283018336,18.654102034852983,13.849479771165978,12.124598922934291,10.34858332038949,B
g28757,HiC_scaffold_9,1544924,1546722,3.372924711920759,3.426856820689694,5.105884947488924,4.078384501530188,3.4833986944300213,2.6540976692690625,B
g28758,HiC_scaffold_9,1547168,1550773,52.79450639945165,48.41400102639139,52.4078131222297,55.25308853452083,36.26951406814355,40.42276694638523,B
g28759,HiC_scaffold_9,1550918,1551185,0.5635012269795414,5.017686260743624,8.25649894732738,6.611182730890974,5.280328933061551,8.547484480160875,B
g28760,HiC_scaffold_9,1551225,1551770,4.530104007980696,11.061935791682169,15.44933714802634,10.37047510286498,9.694641135696754,10.265354842375604,B
g28761,HiC_scaffold_9,1553334,1553895,0.1356479938826633,0.2850710350711474,0.6366606594128176,0.9413760251379216,0.1451689903635972,0.3789890854512951,B
g28762,HiC_scaffold_9,1554323,1555160,0.0444183411202888,0.0,0.0,0.0,0.0,0.0,B
g28764,HiC_scaffold_9,1556528,1559483,1.4008560379248198,7.293283294867086,7.721965484140107,4.00220175488953,3.594792846253754,3.127106591969665,B
g28765,HiC_scaffold_9,1559638,1560970,27.99571445302453,13.493481403380846,8.815358870177944,25.24638983623888,18.733812795231177,21.21249037161441,B
g28766,HiC_scaffold_9,1561391,1562582,289.47960127611464,1.3497256972976892,9.713691351826558,16.508377042927574,9.66425166498605,31.647594198108777,B
g28767,HiC_scaffold_9,1562859,1563582,5.484179585405517,18.81326661722436,7.666698670356133,131.1713891784241,83.6259541687611,72.0999901169944,B
g28768,HiC_scaffold_9,1563737,1565219,3.833070833371949,1.687940853196747,1.2030305756859832,4.306759748794195,2.336749565152846,2.612401704630645,B
g28769,HiC_scaffold_9,1565420,1567706,11.7064217835211,2.553626485796215,1.7877742726972814,4.595543752939157,2.892411161170033,3.021538980818009,B
g28770,HiC_scaffold_9,1567943,1571504,38.42830473594131,30.1468727631882,8.02752668165624,17.480611552326955,16.05756041746013,15.455435725714176,B
g28789,HiC_scaffold_9,1609820,1610530,0.0,0.0,0.0770944928676174,0.0,0.0,0.0,B
g28968,HiC_scaffold_9,2068213,2069391,0.0971794583033518,0.0,0.0,0.0953045154117595,0.0,0.0,B
g28972,HiC_scaffold_9,2074082,2075307,3.4822029544072057,0.1480785654397348,0.2974160113527043,0.1658958801911781,0.2007571501391706,0.1473607882034942,B
g29046,HiC_scaffold_9,2203239,2203573,0.8326338171811151,0.0,0.2663506494049629,15.59153154228299,10.693655718285155,11.800344776422454,B
g29057,HiC_scaffold_9,2234266,2235925,0.7273939389034596,0.255952032323825,0.2278979522320351,1.8397690400206816,0.8467189293837951,1.168395501854294,B
g29060,HiC_scaffold_9,2249668,2252273,1.0908664140070847,0.5754334673108025,0.3834370133554561,3.805404083618184,1.7436890612828058,3.737877415626447,B
g29061,HiC_scaffold_9,2252599,2252936,0.8455391618686017,0.445512671432231,0.2604080647972857,11.754514315989374,6.819824980837848,0.9831707026994894,B
g29078,HiC_scaffold_9,2287649,2288425,0.0,0.0,0.0507872000984039,0.0,0.0,0.0,B
g29081,HiC_scaffold_9,2292774,2293236,0.0804721894322115,0.0,0.0,0.1686234497784847,0.0572217020145414,0.4602010323337156,B
g29082,HiC_scaffold_9,2294920,2295272,0.0,0.5346152057186774,1.1115416259716318,2.250300373529165,0.8272010960708392,1.1784270368222378,B
g29083,HiC_scaffold_9,2295939,2296276,0.9832360193414968,0.8961332433165676,3.2848137330044573,0.5828636464746684,0.5053451142860668,0.392579377871221,B
g29084,HiC_scaffold_9,2297116,2300101,1.160181433576961,0.2051729416674045,0.0601853648605809,0.897614831888615,0.5784627506960437,0.6265697423868095,B
g29147,HiC_scaffold_9,2453460,2453748,0.0,0.1376264909312892,0.0,0.0,0.0,0.0,B
g29247,HiC_scaffold_9,2830638,2836043,14.910123634343051,17.312665728215485,10.20647266405378,21.727053498205365,13.116359521388132,14.021570937121744,B
g29248,HiC_scaffold_9,2836212,2836884,14.890887454281476,14.446758222250985,28.188064942604093,34.92555114419987,32.54755711258622,32.946565335262235,B
g29249,HiC_scaffold_9,2837008,2838838,34.12453261212842,19.6531540187097,9.398317934875934,22.74691577067173,14.148546619099829,13.97704961810348,B
g29250,HiC_scaffold_9,2839250,2839919,3.4533167508579403,0.5957427582900505,1.847470446882576,7.115651363963002,2.4609154566642,1.898391519507024,B
g29251,HiC_scaffold_9,2840023,2841859,12.999184066996849,12.507489957035329,33.62782407184979,3.390909815989689,4.598536429770615,4.800388990594147,B
g29252,HiC_scaffold_9,2842507,2844245,0.5463650761276085,0.2421981738693425,0.3205671607151921,0.150637307262925,0.8626331840589501,1.275092315281189,B
g29253,HiC_scaffold_9,2844529,2846194,0.0,0.0,0.0431919972008048,0.630679101306211,0.2115289133373156,0.5102231161688472,B
g29254,HiC_scaffold_9,2846822,2847401,0.0642109698060133,0.0,0.0,0.0,0.2849915920376163,0.0,B
g29255,HiC_scaffold_9,2847983,2852063,0.2954364809708606,0.0489120784468442,0.4457307577535484,0.357417893337199,0.1324623558638218,0.468315155502172,B
g29256,HiC_scaffold_9,2852157,2853966,0.0215148551965132,0.0,0.4964793769042085,0.0137781094328319,0.0,0.0585939369957046,B
g29257,HiC_scaffold_9,2855353,2857986,0.6692289889340917,0.0,0.4588558113195605,1.0368716165726577,0.8547692488233676,0.4349308347125575,B
g29258,HiC_scaffold_9,2858498,2860178,0.2717804448863362,0.2652706280504784,8.732239391523484,1.4337186360920484,1.3226877002770188,1.2324377967835436,B
g29259,HiC_scaffold_9,2861576,2864486,12.895896294762844,3.9179369391468826,5.045703835227504,4.32546973679912,4.623577934646383,11.730257417526891,B
g29260,HiC_scaffold_9,2865329,2867147,6.2167731069686045,0.0218022163851547,0.2140334009846416,1.4808628217577595,0.7149840872392267,2.276920222757653,B
g29261,HiC_scaffold_9,2867798,2869457,4.068431770531827,1.9526899192336071,7.948816513056409,2.6962299991753484,3.6051442544950265,8.928503800832875,B
g29262,HiC_scaffold_9,2869505,2872736,1.3018649054915836,0.7721124160832404,1.6393291224716997,1.5357566062869898,1.4893268293924282,1.4627008403641444,B
g29263,HiC_scaffold_9,2872925,2874641,15.210165037692065,16.24532973919945,16.968374560989908,7.22898392823703,8.031813015815406,12.064559988844126,B
g29264,HiC_scaffold_9,2874912,2875344,1.220979183747192,0.1866944256909516,0.1646120981882026,18.709027641830804,4.599972581480524,13.753195160653512,B
g29266,HiC_scaffold_9,2877544,2878033,4.191070549575194,0.7379657747650454,0.2156753910897764,12.947479500981672,4.210716969499709,9.003531716963732,B
g29270,HiC_scaffold_9,2886913,2890499,0.1155634389797632,0.0461911747945219,0.0673424227723009,0.4974051824993164,0.1646300092257435,0.5441446016209341,B
g29275,HiC_scaffold_9,2901438,2903910,0.1682558870654294,0.0646945188814375,0.0575343255803426,0.3270805087045546,0.0761532246026546,0.4077876726509656,B
g29276,HiC_scaffold_9,2905079,2907686,0.2464449194466641,0.0781352817143576,0.0410701051350109,0.381270055978325,0.2284042152618538,0.3461314542431208,B
g29277,HiC_scaffold_9,2908741,2911022,0.0699756547753325,0.0747968353650807,0.0326953684677257,0.3617235179123433,0.1877077150670355,0.3169847438297843,B
g29278,HiC_scaffold_9,2911570,2912013,2.715499923026312,0.3182233367373079,0.4713814563605216,2.514238898991718,2.0648274431287827,2.8082390277026192,B
g29279,HiC_scaffold_9,2912563,2914468,0.1397674869085779,0.0,0.0,0.0790652360731863,0.0344632689619423,0.033304022076782,B
g29280,HiC_scaffold_9,2914848,2915295,0.3326903938942436,0.0,0.0,0.1150208431338399,0.123050060991633,0.0,B
g29281,HiC_scaffold_9,2916316,2922493,1.5045890039067658,2.440707346896493,5.341148340891918,2.0995874954788767,2.4295927573160028,3.0879712161798536,B
g29282,HiC_scaffold_9,2922637,2923577,18.667064046680096,21.31345291941475,29.15957283861208,35.08737721222455,30.36012314327902,48.92352927178189,B
g29283,HiC_scaffold_9,2924090,2925937,128.72698626852193,12.246102811382514,5.357551999349109,34.24474605279291,22.67307375275804,29.027960842451087,B
g29284,HiC_scaffold_9,2926214,2926652,7.830274589420705,1.928715103312908,0.7315229299974526,3.12649578161696,0.8595925626381851,2.542779799941914,B
g29285,HiC_scaffold_9,2929130,2930451,0.0,0.1138977855983083,0.1010203699644642,9.522631503977143,8.005179275338412,7.018873658730351,B
g29286,HiC_scaffold_9,2930738,2931002,9.331893295587882,7.574811363626726,15.61406812665719,9.442024768796244,8.577028659536778,10.05163211347366,B
g29309,HiC_scaffold_9,2979653,2981108,0.0,0.0,0.197703574816055,0.0524666095153397,0.7384888316448901,0.0730628443086517,B
g29310,HiC_scaffold_9,2982495,2985129,0.4307171535274751,0.0,0.8985445310637542,0.5808308924837016,0.5039266360032437,0.1210779481424696,B
g29311,HiC_scaffold_9,2985645,2987325,0.0,0.0,2.571638332733741,1.8446101579911625,1.3535255516820928,1.706466528442226,B
g29312,HiC_scaffold_9,2988601,2991511,14.251541561709711,2.975734432824916,3.751858055389401,4.987258904800216,5.538403486045514,13.64613298357288,B
g29313,HiC_scaffold_9,2992369,2994187,4.143346100134812,0.639850265939941,0.6051908620259154,0.5595877441950745,0.667843904182227,0.7888926842690407,B
g29314,HiC_scaffold_9,2994830,2996480,3.592802745974354,2.2426289063491582,11.636666058481172,1.6288669881082067,1.83191815908686,6.498975758695842,B
g29315,HiC_scaffold_9,2996528,2999759,2.3975145503430726,1.625513279249892,2.3577388934676207,2.207449536148685,2.3076595113658023,2.332589569584141,B
g29316,HiC_scaffold_9,2999943,3001659,16.425123912241677,18.60095533755553,19.768200407283143,10.718863616054918,10.66096624158512,13.458980084931577,B
g29317,HiC_scaffold_9,3001930,3002920,20.32408437087498,4.837849213651516,3.093583666137649,54.36588330411996,22.16887456780555,35.15370751401538,B
g29318,HiC_scaffold_9,3003814,3006400,0.1320851700658848,0.0618425563321398,0.0274990048017414,1.012715644135736,0.252352548744291,0.8412845751314799,B
g29319,HiC_scaffold_9,3006625,3007068,2.1345886372049643,0.3145748364143755,0.6552648652844122,2.403065313902344,1.787895054181797,2.2465912221620954,B
g29320,HiC_scaffold_9,3007617,3009522,0.0232945811514296,0.0,0.0225296601940288,0.2713714919203782,0.1504125072545657,0.033304022076782,B
g29321,HiC_scaffold_9,3009902,3010349,0.4158629923678045,0.0,0.0,0.1707805745969114,0.0615250304958165,0.2371284832779187,B
g29322,HiC_scaffold_9,3011369,3017546,1.377639967402871,2.359752468685648,5.14670029344197,2.0812969054364348,2.2715073760747626,3.234677198944336,B
g29323,HiC_scaffold_9,3017679,3018628,6.569969816920695,8.523640864477107,8.633448752503973,5.130053506517543,3.0596890425331136,5.97738355702506,B
g29324,HiC_scaffold_9,3019141,3020988,123.12644079702184,13.649882020665707,4.823496606455996,29.336837596888937,19.70115357811108,27.021265614116235,B
g29325,HiC_scaffold_9,3021264,3022674,17.711001141199148,3.8380140601273336,1.867208705875394,12.372776076275404,4.6097058310136525,6.625713702894729,B
g29326,HiC_scaffold_9,3022990,3025155,0.0,0.0,0.0301150231739279,0.1878738690753239,0.1355229019154475,0.0,B
g29335,HiC_scaffold_9,3048394,3048963,0.2288417698704158,0.0,0.0,1.1928931023294629,0.4892704771315367,1.072549857490352,B
g29336,HiC_scaffold_9,3050178,3050746,0.0751073768033974,0.0,0.0726410862013535,2.540006238688864,0.8738791555549432,1.8223327167029444,B
g29337,HiC_scaffold_9,3053849,3054418,2.5348576658756934,0.0,0.7877070139638687,14.01236395307393,5.345784686985441,15.435198558069857,B
g29342,HiC_scaffold_9,3063140,3063706,0.078627016263621,0.0,0.0,10.330054250935298,3.7306647602641982,5.791017699674911,B
g29346,HiC_scaffold_9,3084872,3085436,0.0,0.0800735947236592,0.0710203813083506,68.62609276037702,51.30689988370688,97.4489386687206,B
g29351,HiC_scaffold_9,3108371,3109424,0.0,0.0376414334171047,0.100156947998956,0.0473401708717815,0.1014349170216375,0.0,B
g29352,HiC_scaffold_9,3109856,3110747,0.3833583050397062,0.1334559912060987,0.0807123180015039,0.0874343813666216,0.0617321854806509,0.1193113787531855,B
g29361,HiC_scaffold_9,3130006,3130345,8.405130140042782,0.1169216206141926,0.7306493188127074,0.6709487716271911,0.8829580768294815,0.9398504689186024,B
g29362,HiC_scaffold_9,3131130,3131556,0.0913623780527991,0.0,0.0,0.0,0.0,0.0,B
g29363,HiC_scaffold_9,3132406,3133171,0.0485988908727865,0.0,0.0,0.0672082573605574,0.0359499197799084,0.0,B
g29366,HiC_scaffold_9,3138283,3140639,0.2461303711451483,0.2404088322525623,0.5785136055333673,6.266784289321164,1.0311435175397887,0.2295972589528016,B
g29393,HiC_scaffold_9,3201401,3202563,0.7561803539610821,0.0,0.2035776152585002,1.3282937836311586,1.7008589507220695,1.3722766932776085,B
g29394,HiC_scaffold_9,3203565,3204727,0.0722755302701809,0.0,0.0,0.0737875123031573,0.1266881902109916,0.0,B
g29395,HiC_scaffold_9,3205953,3206856,0.0842730061663058,0.0,0.1167943147761912,0.0,0.0304559121059025,0.0,B
g29397,HiC_scaffold_9,3209335,3209773,0.1697632489391859,0.0,0.0,0.0,0.06278924345121,0.0,B
g29433,HiC_scaffold_9,3286151,3286484,1.822960885923671,0.3653680312575701,1.1781432993340069,19.72526013550469,13.533020285610654,19.60431160987782,B
g29435,HiC_scaffold_9,3290660,3292174,0.0630672629646848,0.0,0.0,0.0,0.0448455069223378,0.0,B
g29436,HiC_scaffold_9,3292208,3292931,0.1542661888700486,0.0548221706614264,0.0,0.0689477177427191,0.0380382968625587,0.0,B
g29439,HiC_scaffold_9,3301755,3302916,11.52355153217973,0.5910693347960452,2.551936525140075,13.012602725542129,13.350636275217123,10.92380616612719,B
g29440,HiC_scaffold_9,3303025,3304383,0.3120569589142035,0.0,0.0,0.5579257124452476,0.5156625589995887,1.1688587728506266,B
g29441,HiC_scaffold_9,3304466,3305857,0.3425858819627221,0.1322786192513761,0.175794069751757,0.6546269663505941,0.4041677597716034,1.1855061047721591,B
g29442,HiC_scaffold_9,3306608,3309639,13.6679986283951,5.450934937778403,3.7943380663097392,0.7494129420126779,0.2572780976346364,0.7938737917817072,B
g29443,HiC_scaffold_9,3312767,3313961,0.4952992621898848,4.781786187866449,16.457584947664557,3.592920231565677,3.076353276187316,6.797552435319769,B
g29444,HiC_scaffold_9,3314138,3315104,0.7053853810020144,3.7838351279499234,13.259749098794074,2.94339681852216,2.3495464571659097,6.869339782954282,B
g29445,HiC_scaffold_9,3315342,3317595,0.3208108653709726,0.3584590193542493,0.5529936013505478,0.5244344090851867,0.7408651428550963,0.8501221383028286,B
g29446,HiC_scaffold_9,3317838,3318326,0.7866435839295547,0.1866944256909516,1.7312126175109772,1.1901462240932053,1.816587552560943,2.8241759047306627,B
g29457,HiC_scaffold_9,3341134,3341575,1.0228296312926632,0.1065495413661594,1.7075224307083694,3.2833942728954595,1.6660099218186764,9.70034619762282,B
g29458,HiC_scaffold_9,3342415,3343573,1.5987454148740814,0.1050669727191458,0.0931537245328238,2.6248600107933235,3.0659138400749306,2.428463312892144,B
